1.2824079386724  -40  -13
4.44547632329259  -40  3.25
4.45774816959567  -40  -1.1875
4.46081613117144  -40  2
1.29467978497548  -40  4.0625
1.30695163127857  -40  6.5
1.31615551600588  -40  2
4.45161224644413  -40  3.25
1.31001959285434  -40  7.6875
4.45161224644413  -40  4.4375
4.45774816959567  -40  0
4.43627243856527  -40  2
4.43934040014105  -40  -1.1875
4.4332044769895  -40  2
4.44547632329259  -40  -1.1875
4.45161224644413  -40  2
1.28854386182394  -40  10.9375
4.44240836171682  -40  1.1875
1.29467978497548  -40  1.1875
1.28854386182394  -40  8.9375
4.43627243856527  -40  2
4.43934040014105  -40  3.25
4.42400059226219  -40  9.75
1.28854386182394  -40  -4.0625
4.44240836171682  -40  1.1875
4.4332044769895  -40  -1.1875
4.43013651541373  -40  3.25
4.42093263068642  -40  3.25
1.27013609236931  -40  10.9375
4.42706855383796  -40  0
4.42706855383796  -40  4.4375
4.41786466911065  -40  4.4375
4.4332044769895  -40  2
1.27627201552085  -40  -4.0625
4.42706855383796  -40  5.25
4.43013651541373  -40  4.4375
4.4332044769895  -40  0
4.41479670753488  -40  11.75
4.44547632329259  -40  -2
4.43013651541373  -40  2
4.41786466911065  -40  2
1.27320405394508  -40  8.5
4.43013651541373  -40  -2
1.2824079386724  -40  9.75
4.43013651541373  -40  4.4375
4.42400059226219  -40  7.6875
4.44240836171682  -40  0
4.42706855383796  -40  3.25
4.43627243856527  -40  1.1875
4.45161224644413  -40  3.25
4.44240836171682  -40  6.5
1.29467978497548  -40  -4.0625
1.31001959285434  -40  0
4.44240836171682  -40  3.25
4.42093263068642  -40  2
4.41479670753488  -40  1.1875
4.42706855383796  -40  1.1875
1.29467978497548  -40  -8.9375
1.29161182339971  -40  10.9375
4.4332044769895  -40  0
4.4332044769895  -40  0
4.42093263068642  -40  11.75
1.30081570812702  -40  -21.9375
4.42400059226219  -40  0
4.42093263068642  -40  1.1875
1.28854386182394  -40  -4.0625
4.42400059226219  -40  1.1875
4.4332044769895  -40  0
1.30388366970279  -40  10.9375
1.30081570812702  -40  0
4.42400059226219  -40  11.75
4.47002001589876  -40  0
1.33456328546051  -40  11.75
4.4546802080199  -39.5  4.4375
4.41479670753488  -40  1.1875
1.27627201552085  -40  13
4.43627243856527  -40  0
1.25172832291468  -39.5  4.0625
4.41786466911065  -40  0
1.27627201552085  -40  16.25
1.30695163127857  -40  -13
1.30081570812702  -40  -8.9375
4.44240836171682  -40  5.25
1.29161182339971  -40  7.6875
4.44547632329259  -40  5.25
4.42706855383796  -40  7.6875
4.43934040014105  -40  1.1875
4.4332044769895  -40  4.4375
4.43934040014105  -40  2
4.44854428486836  -40  0
4.4332044769895  -40  1.1875
4.42706855383796  -40  4.4375
4.4332044769895  -40  1.1875
4.42093263068642  -40  2
1.29467978497548  -40  -13
4.43934040014105  -40  1.1875
1.28547590024817  -40  7.6875
1.28547590024817  -40  10.9375
1.28547590024817  -40  9.75
4.43013651541373  -40  11.75
4.43934040014105  -40  5.25
4.44240836171682  -40  1.1875
1.29774774655125  -40  7.6875
1.30388366970279  -40  3.25
4.43934040014105  -40  3.25
4.44547632329259  -40  0
4.4546802080199  -40  -2
4.43627243856527  -40  3.25
4.43934040014105  -40  4.4375
4.43934040014105  -40  1.1875
4.44547632329259  -40  4.4375
4.43627243856527  -40  3.25
4.44547632329259  -40  1.1875
4.45161224644413  -40  -3.25
4.44854428486836  -40  -2
4.4546802080199  -40  -5.25
1.29161182339971  -40  9.75
4.43013651541373  -40  3.25
4.44547632329259  -40  -1.1875
4.42706855383796  -40  8.5
4.43934040014105  -40  1.1875
4.43934040014105  -40  0
4.4332044769895  -40  6.5
1.29467978497548  -40  9.75
1.29467978497548  -40  -13
4.43934040014105  -40  3.25
4.44240836171682  -40  -1.1875
1.30695163127857  -40  0
4.44547632329259  -40  0
4.43934040014105  -40  4.4375
1.28854386182394  -40  -8.9375
4.44240836171682  -40  1.1875
