5.85980660972315  -38  9.75
2.72741784086067  -38  6.5
5.87207845602623  -37.5  0
5.88435030232932  -37.5  -4.0625
5.89048622548086  -37.5  -8.9375
5.86594253287469  -37.5  4.0625
5.86594253287469  -38  0
5.87821437917778  -38  0
5.87821437917778  -37.5  -4.0625
5.85980660972315  -38  0
5.88435030232932  -37.5  -8.9375
5.88435030232932  -37.5  -4.0625
5.89048622548086  -37.5  -8.9375
5.87207845602623  -37.5  0
5.88435030232932  -37.5  0
5.88435030232932  -37.5  -4.0625
5.87821437917778  -37.5  -8.9375
5.88435030232932  -37.5  -4.0625
5.85980660972315  -38  11.75
5.87207845602623  -37.5  -17.0625
5.85980660972315  -38  11.75
5.87207845602623  -37.5  -4.0625
5.87821437917778  -37.5  -4.0625
5.87207845602623  -37.5  -17.0625
5.88435030232932  -37.5  -17.0625
5.87207845602623  -37.5  0
5.88435030232932  -37.5  -4.0625
5.86594253287469  -38  13
5.86594253287469  -37.5  8.9375
5.88435030232932  -37.5  -8.9375
5.87207845602623  -37.5  0
5.87207845602623  -38  13
5.87207845602623  -37.5  -8.9375
5.87207845602623  -37.5  8.9375
5.88435030232932  -37.5  -4.0625
5.87821437917778  -38  -4.0625
5.87821437917778  -38  -4.0625
5.8966221486324  -37.5  -13
5.89048622548086  -37.5  -17.0625
5.88435030232932  -37.5  -4.0625
5.88435030232932  -37.5  -4.0625
5.88435030232932  -37.5  -4.0625
5.89048622548086  -38  -17.0625
5.88435030232932  -37.5  -17.0625
5.90275807178395  -37.5  -21.9375
5.85980660972315  -38  15
5.8966221486324  -37.5  -21.9375
5.89048622548086  -37.5  -17.0625
5.87514641760201  -38  6.5
5.88435030232932  -37.5  -4.0625
5.88435030232932  -37.5  -13
5.89048622548086  -37.5  -13
2.73355376401221  -38  3.25
2.72741784086067  -38  13
5.87821437917778  -38  -4.0625
5.87821437917778  -37.5  -8.9375
5.89048622548086  -38  -8.9375
5.89048622548086  -38  -17.0625
5.88435030232932  -38  -13
5.88435030232932  -37.5  -8.9375
5.85980660972315  -37.5  8.9375
5.88435030232932  -37.5  -4.0625
5.87821437917778  -37.5  -4.0625
5.86594253287469  -37.5  8.9375
5.87207845602623  -38  0
5.87207845602623  -37.5  0
5.90275807178395  -37.5  -21.9375
5.8966221486324  -38  -17.0625
5.88435030232932  -37.5  -4.0625
5.88435030232932  -38  -13
5.88435030232932  -37.5  -13
5.86901049445046  -38  14.1875
5.87821437917778  -38  9.75
5.87207845602623  -38  0
5.87821437917778  -37.5  0
5.87821437917778  -37.5  -8.9375
5.88435030232932  -37.5  -13
5.8966221486324  -37.5  -21.9375
5.87821437917778  -37.5  -4.0625
5.88435030232932  -37.5  -4.0625
5.85980660972315  -38  15
5.89048622548086  -37.5  -21.9375
2.74889357189107  -38  -2
5.88435030232932  -37.5  -8.9375
5.85980660972315  -38  11.75
5.89048622548086  -37.5  -21.9375
5.87821437917778  -37.5  -8.9375
5.87821437917778  -37.5  -8.9375
5.87821437917778  -37.5  -8.9375
5.87821437917778  -37.5  -8.9375
5.85980660972315  -38  16.25
5.87207845602623  -37.5  0
5.89048622548086  -37.5  -8.9375
2.73048580243644  -38  10.9375
5.86594253287469  -38  10.9375
5.86594253287469  -38  -4.0625
5.87821437917778  -37.5  -4.0625
5.88435030232932  -37.5  -13
5.87207845602623  -37.5  -8.9375
2.72741784086067  -38  11.75
5.87514641760201  -38  9.75
5.86594253287469  -38  14.1875
5.86901049445046  -38  11.75
5.88435030232932  -38  -17.0625
5.89048622548086  -37.5  -8.9375
5.88435030232932  -37.5  -4.0625
5.88435030232932  -37.5  -8.9375
5.89048622548086  -37.5  -17.0625
5.88435030232932  -37.5  -17.0625
5.87207845602623  -37.5  -4.0625
5.87207845602623  -37.5  0
5.88435030232932  -37.5  -13
5.89048622548086  -37.5  -8.9375
5.89048622548086  -37.5  -13
2.73662172558798  -38  3.25
5.87514641760201  -38  10.9375
2.75809745661838  -38  -6.5
5.86287457129892  -38  13
5.87207845602623  -37.5  8.9375
5.8966221486324  -37.5  -17.0625
5.89048622548086  -37.5  -13
5.88435030232932  -37.5  -8.9375
5.88435030232932  -37.5  0
5.86594253287469  -38  0
5.87207845602623  -38  11.75
5.87821437917778  -38  -8.9375
5.88435030232932  -38  -17.0625
5.87821437917778  -38  -8.9375
5.87821437917778  -38  -4.0625
5.88435030232932  -38  -8.9375
5.86594253287469  -37.5  0
5.86287457129892  -38  13
