1.32842736230897  -42  -6.5
4.48535982377761  -41.5  0
4.47922390062607  -42  -13
4.47922390062607  -42  0
4.49149574692916  -42  -17.0625
4.48535982377761  -41.5  0
1.35297105491514  -42  -1.1875
1.30081570812702  -42  11.75
1.32842736230897  -42  6.5
4.46695205432299  -41.5  -8.9375
1.33763124703628  -42  4.4375
4.44854428486836  -41.5  8.9375
1.32842736230897  -42  3.25
4.47922390062607  -41.5  -13
4.46695205432299  -41.5  0
4.4976316700807  -41.5  -17.0625
4.48535982377761  -41.5  -8.9375
4.46695205432299  -41.5  8.9375
1.34069920861205  -42  -2
4.47922390062607  -41.5  -13
4.46081613117144  -41.5  4.0625
1.34069920861205  -42  1.1875
4.47308797747453  -42  -8.9375
1.33456328546051  -42  -2
4.49149574692916  -41.5  -26
4.44547632329259  -42  14.1875
4.4546802080199  -42  0
1.32842736230897  -42  0
4.47922390062607  -42  -17.0625
4.47922390062607  -41.5  -17.0625
4.47308797747453  -42  -8.9375
4.45161224644413  -42  18.25
1.33456328546051  -42  0
4.48535982377761  -42  -13
4.47308797747453  -41.5  -13
4.46695205432299  -41.5  -4.0625
1.33763124703628  -42  -3.25
4.47308797747453  -41.5  -4.0625
1.34376717018782  -42  -2
4.46695205432299  -41.5  21.9375
1.33149532388474  -42  0
4.47922390062607  -41.5  -21.9375
4.44854428486836  -42  14.1875
4.46695205432299  -41.5  4.0625
4.45774816959567  -42  14.1875
4.47922390062607  -41.5  -13
1.33456328546051  -42  0
1.33456328546051  -42  5.25
1.34376717018782  -42  3.25
4.47922390062607  -42  -13
4.47308797747453  -42  -8.9375
4.47922390062607  -42  -4.0625
4.47922390062607  -42  -8.9375
4.45774816959567  -42  13
4.44854428486836  -42  15
1.33456328546051  -42  2
1.31001959285434  -42  10.9375
4.46081613117144  -42  4.4375
4.44547632329259  -42  16.25
1.31001959285434  -42  8.5
4.47308797747453  -42  -8.9375
1.33456328546051  -42  2
1.33763124703628  -42  -5.25
4.4546802080199  -42  -4.0625
1.32535940073319  -42  4.4375
1.33149532388474  -42  1.1875
4.47922390062607  -41.5  0
1.32842736230897  -42  1.1875
4.46695205432299  -41.5  -8.9375
1.33456328546051  -42  -3.25
1.31615551600588  -42  -1.1875
4.47308797747453  -41.5  -17.0625
1.33149532388474  -42  -6.5
4.44240836171682  -42  13
1.32535940073319  -42  4.4375
1.32535940073319  -42  1.1875
4.44854428486836  -42  -13
1.32229143915742  -42  -1.1875
1.32535940073319  -42  0
1.31615551600588  -42  8.5
1.32229143915742  -42  2
4.4546802080199  -42  4.0625
4.44854428486836  -41.5  0
4.46695205432299  -42  -17.0625
4.45161224644413  -42  13
4.46695205432299  -42  -13
1.33149532388474  -42  0
1.32535940073319  -42  2
1.31308755443011  -42  9.75
4.44854428486836  -42  -13
1.32229143915742  -42  0
4.46695205432299  -41.5  -17.0625
4.4332044769895  -42  13
4.44240836171682  -42  -8.9375
1.29467978497548  -42  7.6875
4.44240836171682  -41.5  -4.0625
1.30081570812702  -42  -2
4.43013651541373  -42  4.0625
4.42400059226219  -41.5  4.0625
4.41786466911065  -42  4.0625
4.43627243856527  -41.5  -4.0625
1.29774774655125  -42  5.25
4.42093263068642  -42  11.75
1.30695163127857  -42  1.1875
1.30388366970279  -42  4.4375
4.44240836171682  -41.5  -8.9375
1.31001959285434  -42  -4.4375
4.41786466911065  -41.5  4.0625
1.30695163127857  -42  -5.25
4.43627243856527  -42  0
4.44854428486836  -42  4.4375
4.4546802080199  -41.5  -21.9375
1.29161182339971  -42  1.1875
1.27627201552085  -42  9.75
1.30081570812702  -42  3.25
4.44240836171682  -41.5  -8.9375
1.30388366970279  -42  1.1875
1.2824079386724  -42  10.9375
1.27933997709662  -42  13
4.43013651541373  -41.5  0
4.44240836171682  -41.5  -4.0625
4.42400059226219  -41.5  0
4.44240836171682  -41.5  -8.9375
1.30695163127857  -42  -1.1875
4.43627243856527  -42  0
1.31308755443011  -42  3.25
1.31615551600588  -42  1.1875
1.32229143915742  -42  -4.4375
1.30695163127857  -42  2
1.31922347758165  -42  -5.25
1.31308755443011  -42  1.1875
4.44854428486836  -41.5  -4.0625
