2.19666048825224  -42.5  4.0625
2.20893233455532  -42.5  0
2.20279641140378  -42  4.0625
5.35359294972089  -42.5  5.25
2.19666048825224  -42.5  0
5.3413211034178  -42.5  10.9375
5.33825314184203  -42.5  10.9375
5.35972887287243  -42.5  5.25
5.34745702656935  -42.5  9.75
5.35666091129666  -42.5  8.5
5.3413211034178  -42.5  10.9375
5.35359294972089  -42.5  3.25
5.35972887287243  -42.5  6.5
5.36586479602397  -42.5  -1.1875
2.22120418085841  -42.5  4.0625
5.35052498814512  -42.5  9.75
5.35972887287243  -42.5  9.75
2.22120418085841  -42.5  4.0625
2.23347602716149  -42.5  16.25
2.23347602716149  -42.5  8.9375
5.40881625808477  -42.5  2
5.3842725654786  -42.5  7.6875
5.37813664232706  -42.5  6.5
5.37200071917552  -42.5  6.5
5.35972887287243  -42.5  8.5
2.20893233455532  -42.5  16.25
2.23347602716149  -42.5  -4.0625
5.35972887287243  -42.5  10.9375
2.21506825770687  -42.5  8.9375
5.34745702656935  -42.5  14.1875
5.38120460390283  -42.5  7.6875
5.39654441178169  -42.5  -1.1875
5.36586479602397  -42.5  9.75
5.37506868075129  -42.5  5.25
5.37813664232706  -42.5  7.6875
5.405748296509  -42.5  3.25
5.40881625808477  -42.5  6.5
5.40268033493323  -42.5  7.6875
5.3842725654786  -42.5  6.5
5.37506868075129  -42.5  10.9375
5.39654441178169  -42  2
5.40268033493323  -42  4.4375
5.40268033493323  -42  7.6875
5.405748296509  -42  3.25
5.39347645020591  -42  7.6875
5.40881625808477  -42  3.25
2.26415564291921  -42.5  4.0625
2.26415564291921  -42.5  -4.0625
5.40268033493323  -42  8.5
5.38120460390283  -42  17.4375
5.405748296509  -42  8.5
5.39347645020591  -42  11.75
5.41188421966054  -42  7.6875
2.27029156607075  -42.5  4.0625
5.405748296509  -42.5  5.25
5.39654441178169  -42.5  10.9375
5.39961237335746  -42.5  10.9375
2.28256341237383  -42.5  -17.0625
5.40881625808477  -42.5  11.75
5.41188421966054  -42.5  9.75
5.41495218123631  -42.5  10.9375
5.41802014281208  -42.5  4.4375
5.42415606596363  -42.5  3.25
2.23347602716149  -42.5  16.25
5.3842725654786  -42  9.75
5.38734052705437  -42.5  10.9375
5.40881625808477  -42  3.25
5.39040848863014  -42.5  11.75
5.38734052705437  -42.5  14.1875
5.41802014281208  -42.5  -2
5.39040848863014  -42.5  7.6875
5.39961237335746  -42.5  4.4375
5.39347645020591  -42.5  13
5.405748296509  -42.5  6.5
5.41188421966054  -42.5  -2
5.37813664232706  -42.5  11.75
5.39040848863014  -42.5  1.1875
5.39040848863014  -42.5  4.4375
5.40268033493323  -42.5  3.25
5.37813664232706  -42.5  8.5
5.38120460390283  -42.5  7.6875
2.23961195031304  -42.5  4.0625
5.37200071917552  -42.5  11.75
2.23347602716149  -42.5  4.0625
5.39040848863014  -42  6.5
5.37506868075129  -42  11.75
5.37813664232706  -42.5  8.5
5.37506868075129  -42.5  10.9375
5.38734052705437  -42.5  5.25
5.37506868075129  -42.5  8.5
5.37200071917552  -42.5  14.1875
5.38120460390283  -42.5  8.5
5.37813664232706  -42.5  8.5
5.38120460390283  -42  8.5
5.37506868075129  -42.5  10.9375
5.37200071917552  -42.5  13
5.38120460390283  -42  5.25
2.23961195031304  -42.5  0
5.39040848863014  -42  3.25
5.39347645020591  -42  3.25
5.37506868075129  -42.5  9.75
2.22734010400995  -42  8.9375
2.22120418085841  -42  15
2.23347602716149  -42  8.9375
5.37813664232706  -42  8.5
2.22120418085841  -42.5  17.0625
5.3842725654786  -42  7.6875
2.23347602716149  -42.5  8.9375
5.38734052705437  -42  8.5
5.38120460390283  -42  8.5
2.23347602716149  -42  0
5.37200071917552  -42.5  11.75
5.35359294972089  -42.5  19.5
5.3842725654786  -42.5  6.5
5.37813664232706  -42.5  8.5
2.21200029613109  -42.5  16.25
5.38120460390283  -42.5  3.25
5.39654441178169  -42  3.25
5.36586479602397  -42.5  14.1875
5.38120460390283  -42.5  6.5
5.37506868075129  -42.5  9.75
5.38120460390283  -42  5.25
5.3627968344482  -42.5  13
5.39961237335746  -42  -1.1875
2.22734010400995  -42.5  8.9375
5.3842725654786  -42.5  7.6875
5.36893275759974  -42.5  9.75
2.23040806558572  -42  5.25
5.36586479602397  -42.5  10.9375
5.3842725654786  -42  6.5
5.36893275759974  -42.5  14.1875
5.39347645020591  -42  1.1875
