5.20019487093232  -44  14.1875
5.20633079408387  -44  14.1875
5.20326283250809  -44  15
2.08621387152447  -44  -2
5.20939875565964  -44  4.0625
2.0831459099487  -44  -4.4375
2.05553425576676  -44  14.1875
5.19712690935655  -44  15
5.18792302462924  -44  18.25
2.05553425576676  -44  7.6875
5.19712690935655  -44  16.25
2.08621387152447  -44  -7.6875
5.19099098620501  -44  17.4375
2.07394202522139  -44  0
5.20633079408387  -44  13
2.05860221734253  -44  10.9375
5.20326283250809  -44  15
5.20633079408387  -44  13
5.22780652511427  -44  -8.9375
2.07087406364562  -44  5.25
5.22780652511427  -43.5  -8.9375
5.1817871014777  -44  19.5
2.05553425576676  -44  4.4375
2.05860221734253  -44  -2
2.06473814049407  -44  -1.1875
5.22167060196272  -44  0
5.22780652511427  -43.5  -4.0625
2.07087406364562  -44  -1.1875
5.20019487093232  -44  11.75
2.05553425576676  -44  9.75
2.0616701789183  -44  5.25
2.0831459099487  -44  0
5.21553467881118  -44  6.5
2.08621387152447  -44  -3.25
2.08007794837293  -44  -4.4375
5.20939875565964  -44  -4.0625
5.22167060196272  -44  -4.0625
5.20939875565964  -44  0
2.07700998679716  -44  -4.4375
2.07700998679716  -44  -3.25
5.17565117832615  -44  13
2.04939833261522  -44  4.4375
5.1817871014777  -44  16.25
2.05246629419099  -44  4.4375
2.06780610206984  -44  -2
5.19712690935655  -44  0
5.17871913990192  -44  15
5.17565117832615  -44  10.9375
2.03405852473636  -44  7.6875
5.19099098620501  -44  4.0625
5.17258321675038  -44  13
5.19099098620501  -44  -8.9375
2.04326240946367  -44  3.25
2.04633037103945  -44  -1.1875
5.19099098620501  -43.5  0
5.16951525517461  -44  14.1875
5.19099098620501  -44  4.0625
2.04939833261522  -44  0
5.20326283250809  -43.5  0
2.05553425576676  -44  -2
5.19099098620501  -44  4.0625
5.18485506305347  -44  13
5.20326283250809  -44  0
2.04939833261522  -44  5.25
5.17565117832615  -44  14.1875
5.19712690935655  -43.5  0
2.04633037103945  -44  1.1875
5.16644729359884  -44  18.25
2.03405852473636  -44  8.5
2.03712648631213  -44  5.25
5.16951525517461  -44  20.75
5.17871913990192  -44  15
2.0187187168575  -44  17.4375
5.16644729359884  -44  18.25
2.04633037103945  -44  4.4375
2.04326240946367  -44  10.9375
5.17565117832615  -44  15
5.17258321675038  -44  16.25
2.03712648631213  -44  15
5.20326283250809  -43.5  -8.9375
2.04326240946367  -44  11.75
5.20326283250809  -43.5  0
2.05246629419099  -44  1.1875
5.20326283250809  -43.5  -4.0625
2.04939833261522  -44  3.25
5.17871913990192  -44  9.75
5.17565117832615  -44  19.5
5.19712690935655  -44  -4.0625
2.04939833261522  -44  6.5
5.19099098620501  -43.5  4.0625
2.06473814049407  -44  -4.4375
2.06473814049407  -44  -4.4375
2.0616701789183  -44  -4.4375
5.20326283250809  -43.5  -4.0625
2.02792260158482  -44  16.25
5.17258321675038  -44  19.5
2.04939833261522  -44  1.1875
5.1817871014777  -44  13
5.17565117832615  -44  18.25
5.17565117832615  -44  14.1875
2.0616701789183  -44  -1.1875
2.04939833261522  -44  7.6875
5.16644729359884  -44  21.5625
2.04939833261522  -44  3.25
5.17565117832615  -44  13
2.05246629419099  -44  2
5.17565117832615  -44  14.1875
2.06473814049407  -44  -5.25
2.05860221734253  -44  1.1875
5.19099098620501  -43.5  4.0625
2.05860221734253  -44  -1.1875
2.04939833261522  -44  2
5.19099098620501  -43.5  8.9375
2.05860221734253  -44  -2
5.17871913990192  -44  13
5.17258321675038  -44  18.25
5.17258321675038  -44  11.75
5.17565117832615  -44  17.4375
5.20326283250809  -44  0
2.05246629419099  -44  2
2.04939833261522  -44  1.1875
5.17258321675038  -44  13
5.17565117832615  -44  19.5
5.17565117832615  -44  16.25
2.06473814049407  -44  -2
5.16951525517461  -44  14.1875
5.17565117832615  -44  17.4375
5.16951525517461  -44  18.25
5.19712690935655  -44  0
2.05553425576676  -44  2
2.04326240946367  -44  5.25
2.04939833261522  -44  1.1875
