1.81316529128083  -46.5  0
4.97009775274948  -46  -8.9375
1.81930121443237  -46.5  -1.1875
4.9885055222041  -46.5  -21.9375
4.96396182959793  -46  0
4.98236959905256  -46  -17.0625
1.81930121443237  -46.5  6.5
4.93635017541599  -46.5  18.25
1.82236917600814  -46.5  -1.1875
1.81316529128083  -46.5  0
4.94862202171908  -46.5  8.5
4.97623367590102  -46  -21.9375
4.97623367590102  -46.5  -8.9375
4.91487444438559  -46.5  21.5625
1.81316529128083  -46.5  4.4375
4.96396182959793  -46  -4.0625
1.81316529128083  -46.5  2
1.81009732970506  -46.5  2
1.80396140655351  -46.5  8.5
4.93021425226445  -46.5  15
1.8162332528566  -46.5  0
4.95168998329485  -46.5  4.0625
4.91794240596137  -46.5  19.5
1.8162332528566  -46.5  -3.25
1.81316529128083  -46.5  0
4.95168998329485  -46  0
1.79782548340197  -46.5  2
1.79782548340197  -46.5  4.4375
1.78555363709889  -46.5  13
1.81316529128083  -46.5  -3.25
1.80702936812929  -46.5  2
4.91180648280982  -46.5  17.4375
1.80089344497774  -46.5  5.25
1.80089344497774  -46.5  1.1875
1.79168956025043  -46.5  4.4375
4.97623367590102  -46  -17.0625
4.93941813699176  -46.5  13
4.97623367590102  -46.5  -30.0625
1.80396140655351  -46.5  -2
4.91794240596137  -46.5  14.1875
1.80396140655351  -46.5  2
4.91180648280982  -46.5  21.5625
4.95782590644639  -46.5  -8.9375
1.79782548340197  -46.5  3.25
1.80089344497774  -46.5  5.25
1.81009732970506  -46.5  -2
4.97623367590102  -46  -26
1.79782548340197  -46.5  3.25
1.80396140655351  -46.5  -3.25
1.80396140655351  -46.5  -1.1875
1.78555363709889  -46.5  8.5
4.94555406014331  -46  4.0625
1.7947575218262  -46.5  4.4375
4.97009775274948  -46.5  -17.0625
4.95168998329485  -46  -8.9375
4.91487444438559  -46.5  15
1.80396140655351  -46.5  -1.1875
4.94555406014331  -46.5  4.0625
4.97009775274948  -46  -30.0625
4.96396182959793  -46.5  -13
4.91180648280982  -46.5  19.5
1.7947575218262  -46.5  2
1.7947575218262  -46.5  1.1875
1.77021382922003  -46.5  17.4375
1.81009732970506  -46.5  0
1.79782548340197  -46.5  0
4.96396182959793  -46.5  -13
1.80089344497774  -46.5  1.1875
4.91487444438559  -46.5  13
1.79782548340197  -46.5  0
1.79168956025043  -46.5  3.25
4.89953463650674  -46.5  24
1.80089344497774  -46.5  2
4.91487444438559  -46.5  16.25
1.80396140655351  -46.5  0
4.96396182959793  -46  -21.9375
1.7947575218262  -46.5  6.5
4.95168998329485  -46.5  -13
1.7947575218262  -46.5  0
4.97009775274948  -46.5  -30.0625
4.97009775274948  -46  -13
1.79782548340197  -46.5  1.1875
1.77941771394734  -46.5  11.75
1.7947575218262  -46.5  6.5
1.81009732970506  -46.5  -6.5
4.91487444438559  -46.5  18.25
1.80702936812929  -46.5  2
4.92101036753714  -46.5  13
4.91794240596137  -46.5  18.25
1.77941771394734  -46.5  16.25
1.79168956025043  -46.5  6.5
1.78862159867466  -46.5  6.5
4.96396182959793  -46  -13
4.90873852123405  -46.5  22.75
1.77021382922003  -46.5  14.1875
1.80089344497774  -46.5  1.1875
1.7947575218262  -46.5  2
4.91794240596137  -46.5  17.4375
4.96396182959793  -46  -8.9375
4.91794240596137  -46.5  16.25
1.7947575218262  -46.5  2
1.80089344497774  -46.5  3.25
4.97009775274948  -46  -21.9375
4.91794240596137  -46.5  14.1875
4.90873852123405  -46.5  19.5
1.77634975237157  -46.5  8.5
1.79782548340197  -46.5  0
4.96396182959793  -46  -21.9375
4.92407832911291  -46.5  15
1.7947575218262  -46.5  3.25
1.80396140655351  -46.5  -1.1875
4.94555406014331  -46.5  -8.9375
1.7947575218262  -46.5  4.4375
1.77021382922003  -46.5  16.25
1.77634975237157  -46.5  14.1875
1.79168956025043  -46.5  3.25
4.90260259808251  -46.5  19.5
1.80089344497774  -46.5  3.25
4.93941813699176  -46.5  -4.0625
1.7732817907958  -46.5  8.5
1.78248567552312  -46.5  5.25
1.77634975237157  -46.5  9.75
1.79168956025043  -46.5  2
4.95782590644639  -46.5  -26
1.7947575218262  -46.5  2
1.76714586764426  -46.5  19.5
1.78555363709889  -46.5  8.5
4.96396182959793  -46.5  -21.9375
1.78555363709889  -46.5  5.25
4.94555406014331  -46.5  0
4.93941813699176  -46.5  -4.0625
1.7947575218262  -46.5  -1.1875
