1.35910697806668  -44.5  2
1.38058270909708  -44.5  -3.25
4.51603943953533  -44.5  8.9375
1.35297105491514  -44.5  16.25
4.50069963165647  -44.5  18.25
1.38058270909708  -44.5  7.6875
1.38978659382439  -44.5  1.1875
1.38365067067285  -44.5  0
4.4976316700807  -44.5  34.9375
1.35297105491514  -44.5  17.4375
4.50376759323224  -44.5  13
1.38978659382439  -44.5  -1.1875
4.49149574692916  -44.5  30.0625
4.49456370850493  -44.5  18.25
4.52217536268687  -44.5  4.0625
1.39592251697593  -44.5  -5.25
1.38671863224862  -44.5  -1.1875
4.52217536268687  -44.5  8.9375
1.38978659382439  -44.5  5.25
4.52217536268687  -44.5  8.5
4.50990351638379  -44.5  30.0625
4.4976316700807  -44.5  26
1.3989904785517  -44.5  -1.1875
4.51603943953533  -44.5  8.9375
1.39285455540016  -44.5  3.25
4.50376759323224  -45  17.0625
1.41126232485479  -44.5  -5.25
1.38671863224862  -44.5  7.6875
4.50376759323224  -44.5  30.0625
1.37137882436976  -44.5  15
4.52217536268687  -44.5  21.9375
1.40205844012748  -44.5  -3.25
4.51603943953533  -44.5  21.9375
4.51603943953533  -44.5  14.1875
4.52217536268687  -44.5  30.0625
1.3989904785517  -44.5  0
1.40512640170325  -44.5  -3.25
1.38365067067285  -44.5  5.25
4.49149574692916  -44.5  26
1.40205844012748  -44.5  3.25
1.38978659382439  -44.5  3.25
4.50376759323224  -44.5  34.9375
1.38671863224862  -44.5  1.1875
4.50376759323224  -44.5  18.25
4.52831128583841  -44.5  8.9375
4.52217536268687  -44.5  8.5
4.48535982377761  -44.5  48
1.39285455540016  -44.5  0
1.38978659382439  -44.5  0
4.51603943953533  -45  4.0625
1.39285455540016  -44.5  0
4.52831128583841  -44.5  8.9375
1.39592251697593  -44.5  -3.25
4.53444720898996  -44.5  26
1.39592251697593  -44.5  0
4.52217536268687  -45  4.0625
4.50990351638379  -44.5  30.0625
1.40205844012748  -44.5  -2
1.40205844012748  -45  -5.25
4.50376759323224  -44.5  21.9375
1.36524290121822  -44.5  9.75
4.50683555480801  -44.5  15
4.51603943953533  -44.5  30.0625
1.38978659382439  -44.5  0
1.38365067067285  -44.5  5.25
4.52217536268687  -44.5  4.0625
1.38978659382439  -44.5  -1.1875
4.4976316700807  -44.5  21.9375
1.37751474752131  -44.5  8.5
1.37751474752131  -44.5  4.4375
1.38058270909708  -44.5  2
4.50376759323224  -44.5  13
1.37444678594553  -44.5  -3.25
1.37444678594553  -44.5  -1.1875
4.50990351638379  -44.5  26
1.38058270909708  -44.5  -3.25
1.37444678594553  -44.5  -5.25
1.36831086279399  -44.5  -1.1875
4.48535982377761  -44.5  8.9375
1.36217493964245  -44.5  5.25
4.50990351638379  -44.5  0
1.37751474752131  -44.5  -3.25
4.49149574692916  -44.5  15
1.37137882436976  -44.5  7.6875
1.37137882436976  -44.5  -2
4.48535982377761  -44.5  13
1.37751474752131  -44.5  3.25
1.37751474752131  -44.5  3.25
4.48842778535339  -44.5  16.25
4.48535982377761  -44.5  21.9375
1.37137882436976  -44.5  1.1875
1.36831086279399  -44.5  3.25
4.51603943953533  -44.5  -8.9375
4.49149574692916  -44.5  17.4375
4.50376759323224  -44.5  -4.0625
1.36217493964245  -44.5  -2
4.48535982377761  -44.5  11.75
4.48535982377761  -44.5  13
1.35910697806668  -44.5  -3.25
4.47002001589876  -44.5  17.4375
4.47308797747453  -44.5  39
1.37137882436976  -45  1.1875
4.52217536268687  -45  0
1.35910697806668  -45  14.1875
4.52217536268687  -45  13
4.55285497844458  -45  -4.0625
1.41126232485479  -45  -2
4.5405831321415  -44.5  8.9375
1.40205844012748  -44.5  7.6875
1.41739824800633  -45  -1.1875
4.52217536268687  -44.5  43.125
1.41739824800633  -44.5  1.1875
4.52217536268687  -45  34.9375
1.40512640170325  -44.5  -3.25
4.55285497844458  -44.5  -13
1.41126232485479  -44.5  -1.1875
1.41433028643056  -44.5  -1.1875
1.40512640170325  -44.5  7.6875
1.41433028643056  -44.5  2
1.41126232485479  -44.5  4.4375
4.55285497844458  -45  17.0625
4.52831128583841  -44.5  16.25
1.4204662095821  -45  -4.4375
4.52217536268687  -44.5  17.0625
1.39592251697593  -44.5  5.25
1.40205844012748  -44.5  2
1.38978659382439  -44.5  7.6875
4.52217536268687  -44.5  0
1.38365067067285  -44.5  3.25
1.36831086279399  -45  5.25
4.51603943953533  -44.5  0
1.37444678594553  -44.5  -1.1875
