4.07118501104849  -50  6.5
0.920388472731385  -50  17.4375
4.06504908789695  -50  11.75
4.06504908789695  -50  10.9375
4.06811704947272  -50  8.5
0.969475857943725  -49.5  0
4.08652481892735  -50  8.5
0.951068088489098  -50  7.6875
4.08345685735158  -50  10.9375
4.07732093420003  -50  6.5
4.04970928001809  -50  9.75
4.02823354898769  -50  26
4.04664131844232  -50  11.75
4.05277724159386  -50  6.5
4.05891316474541  -50  3.25
0.987883627398353  -50  -34.9375
4.06198112632118  -50  5.25
0.975611781095268  -50.5  -26
4.06198112632118  -50  4.4375
4.03743743371501  -50  19.5
0.914252549579842  -50  8.5
0.98174770424681  -50  -30.0625
4.07425297262426  -50  6.5
0.917320511155613  -50  9.75
4.06811704947272  -50.5  5.25
4.08038889577581  -50  10.9375
4.05584520316964  -50.5  19.5
0.963339934792183  -50.5  4.0625
4.06811704947272  -50  13
0.9081166264283  -50  21.5625
4.06811704947272  -50.5  9.75
4.07425297262426  -50  3.25
4.06504908789695  -50.5  14.1875
0.93266031903447  -50  0
0.929592357458699  -50.5  8.5
0.975611781095268  -50.5  -21.9375
0.95720401164064  -50  0
4.08345685735158  -50.5  3.25
4.07732093420003  -50.5  7.6875
4.06198112632118  -50.5  11.75
4.05584520316964  -50.5  17.4375
0.923456434307156  -50.5  14.1875
0.920388472731385  -50.5  21.9375
4.08038889577581  -50.5  5.25
4.06811704947272  -50.5  10.9375
4.05891316474541  -50.5  6.5
4.05277724159386  -50.5  8.5
4.06198112632118  -50.5  6.5
4.02823354898769  -50.5  24
0.951068088489098  -50.5  -17.0625
4.05891316474541  -50.5  8.5
4.05584520316964  -50.5  7.6875
4.03436947213924  -50.5  22.75
4.04970928001809  -50.5  5.25
4.05891316474541  -50.5  5.25
0.994019550549895  -50.5  -39
4.05584520316964  -50.5  8.5
4.04664131844232  -50.5  6.5
4.05891316474541  -50.5  5.25
4.06198112632118  -50.5  3.25
4.05277724159386  -50.5  9.75
4.05891316474541  -50.5  7.6875
4.04970928001809  -50.5  13
4.04664131844232  -50.5  9.75
4.03743743371501  -50.5  15
4.04970928001809  -50.5  11.75
0.911184588004071  -50.5  5.25
4.04970928001809  -50.5  6.5
0.926524395882927  -50.5  8.9375
4.04970928001809  -50.5  11.75
0.917320511155613  -50.5  6.5
0.944932165337555  -50  -17.0625
4.04357335686655  -50.5  11.75
0.895844780125214  -50.5  16.25
4.05584520316964  -50.5  5.25
0.926524395882927  -50.5  8.9375
0.93266031903447  -50  0
0.877437010670587  -50.5  19.5
0.920388472731385  -50.5  1.1875
0.914252549579842  -50.5  11.75
0.901980703276757  -50.5  11.75
4.06198112632118  -50.5  5.25
4.05584520316964  -50.5  4.4375
4.02516558741192  -50.5  22.75
4.04664131844232  -50.5  18.25
4.06198112632118  -50.5  8.5
0.975611781095268  -50  -21.9375
0.975611781095268  -50  -21.9375
0.914252549579842  -50.5  17.4375
4.06811704947272  -50.5  4.4375
0.935728280610241  -50.5  6.5
0.95720401164064  -50.5  -13
4.05584520316964  -50.5  18.25
0.895844780125214  -50.5  21.5625
4.03436947213924  -50.5  24
4.07425297262426  -50.5  5.25
4.06504908789695  -50.5  5.25
4.07118501104849  -50.5  6.5
4.07118501104849  -50.5  7.6875
0.944932165337555  -50  4.0625
4.06811704947272  -50.5  6.5
4.07118501104849  -50.5  9.75
4.07118501104849  -50.5  6.5
4.04664131844232  -50.5  20.75
0.951068088489098  -50.5  -4.0625
0.941864203761784  -50.5  1.1875
0.994019550549895  -50  -26
0.898912741700986  -50.5  21.5625
4.04664131844232  -50.5  18.25
4.07118501104849  -50.5  6.5
4.06198112632118  -50.5  10.9375
4.05277724159386  -50.5  10.9375
4.05277724159386  -50.5  13
4.03436947213924  -50.5  22.75
1.00015547370144  -50  -52.0625
4.05584520316964  -50.5  8.5
0.963339934792183  -50  -30.0625
4.03436947213924  -50.5  21.5625
4.05584520316964  -50.5  7.6875
4.03743743371501  -50.5  21.5625
4.05891316474541  -50.5  4.4375
1.00629139685298  -50  -52.0625
4.03436947213924  -50.5  21.5625
4.04970928001809  -50.5  5.25
0.895844780125214  -50.5  15
0.886640895397901  -50.5  17.4375
4.06198112632118  -50.5  3.25
4.05277724159386  -50.5  8.5
0.883572933822129  -50.5  24
0.926524395882927  -50.5  1.1875
4.02823354898769  -50.5  20.75
4.05277724159386  -50.5  4.4375
