0.386563158547182  -41  1.1875
0.38349519697141  -41  18.25
0.389631120122953  -41  15
0.398835004850267  -41  13
0.389631120122953  -41  17.4375
3.568039312622  -41  0
0.423378697456437  -41  2
0.404970928001809  -41  15
0.398835004850267  -41  18.25
0.417242774304894  -41  4.0625
0.386563158547182  -41  15
0.404970928001809  -41  10.9375
0.398835004850267  -41  13
0.42951462060798  -41  -4.0625
0.398835004850267  -41  11.75
0.395767043274495  -41  11.75
3.56497135104623  -41  -1.1875
0.377359273819868  -41  15
0.423378697456437  -40.5  -8.9375
0.417242774304894  -40.5  -4.0625
0.392699081698724  -41  11.75
0.38349519697141  -41  13
0.423378697456437  -40.5  -4.0625
3.5465635815916  -41  2
0.389631120122953  -41  16.25
0.42951462060798  -41  -4.0625
0.404970928001809  -41  16.25
0.395767043274495  -41  15
3.53122377371275  -41  13
0.404970928001809  -41  15
0.441786466911065  -40.5  -8.9375
3.57110727419777  -41  0
0.42951462060798  -40.5  -4.0625
3.56497135104623  -41  -1.1875
3.56497135104623  -41  2
0.411106851153352  -41  4.0625
3.53122377371275  -41  10.9375
0.398835004850267  -41  15
0.42951462060798  -40.5  4.0625
0.408038889577581  -41  13
0.398835004850267  -41  15
0.42951462060798  -40.5  4.0625
0.401902966426038  -41  13
0.42951462060798  -41  4.0625
0.395767043274495  -41  15
0.42951462060798  -41  -4.0625
3.58031115892509  -41  -2
0.398835004850267  -41  15
3.57724319734932  -41  0
0.426446659032208  -41  2
3.58031115892509  -41  -6.5
0.408038889577581  -41  11.75
0.417242774304894  -40.5  21.9375
0.401902966426038  -41  16.25
0.447922390062607  -41  -8.9375
0.401902966426038  -41  14.1875
0.411106851153352  -41  17.4375
0.417242774304894  -41  9.75
0.401902966426038  -41  11.75
0.398835004850267  -41  13
0.38349519697141  -41  14.1875
0.398835004850267  -41  13
0.395767043274495  -41  13
0.401902966426038  -41  11.75
3.54349562001583  -41  7.6875
3.5465635815916  -41  1.1875
0.395767043274495  -41  18.25
0.392699081698724  -41  11.75
0.401902966426038  -41  13
0.398835004850267  -41  13
0.386563158547182  -41  16.25
0.423378697456437  -40.5  0
3.56190338947046  -41  -2
0.411106851153352  -40.5  4.0625
3.54963154316737  -41  0
0.398835004850267  -40.5  8.9375
0.392699081698724  -41  11.75
0.423378697456437  -40.5  0
3.54349562001583  -41  8.5
0.417242774304894  -41  13
0.386563158547182  -41  15
0.423378697456437  -41  4.0625
0.401902966426038  -41  17.4375
0.414174812729123  -41  16.25
3.59565096680394  -41.5  -3.25
0.460194236365692  -41  0
0.432582582183751  -41.5  14.1875
3.59871892837971  -41.5  -3.25
0.42951462060798  -41  13
0.414174812729123  -41.5  18.25
0.423378697456437  -41.5  13
3.58644708207663  -41.5  0
0.42951462060798  -41  8.9375
0.420310735880666  -41.5  17.4375
0.435650543759522  -41.5  3.25
0.414174812729123  -41.5  13
0.447922390062607  -41  -13
0.411106851153352  -41  10.9375
3.54963154316737  -41  -5.25
0.386563158547182  -41  0
0.362019465941011  -41  15
0.349747619637926  -41.5  15
0.398835004850267  -41  -4.0625
0.411106851153352  -41  -8.9375
0.398835004850267  -40.5  -13
0.380427235395639  -40.5  -4.0625
0.377359273819868  -41  4.4375
3.53122377371275  -41  1.1875
0.365087427516783  -41  13
0.380427235395639  -41  10.9375
0.368155389092554  -40.5  4.0625
0.349747619637926  -41  19.5
0.362019465941011  -40.5  -4.0625
3.50974804268235  -41  2
0.368155389092554  -40.5  0
0.374291312244096  -40.5  -8.9375
3.50668008110658  -41  -3.25
3.51588396583389  -41  -4.4375
0.362019465941011  -40.5  4.0625
0.337475773334841  -41  13
0.355883542789469  -41  2
0.340543734910612  -41  11.75
0.322135965455985  -41  16.25
3.52201988898543  -41  -4.4375
0.362019465941011  -41  7.6875
0.349747619637926  -41  10.9375
0.386563158547182  -41.5  2
0.352815581213697  -41  17.4375
0.374291312244096  -41  4.4375
3.53735969686429  -41  -3.25
0.368155389092554  -41  15
0.368155389092554  -41  8.9375
