4.08345685735158  -43.5  6.5
4.09266074207889  -43.5  1.1875
0.920388472731385  -43.5  -13
4.07732093420003  -43.5  5.25
0.895844780125214  -43.5  19.5
0.926524395882927  -43.5  -8.9375
0.917320511155613  -43.5  13
0.926524395882927  -43.5  8.5
0.93266031903447  -43.5  -13
4.07118501104849  -43.5  7.6875
4.08038889577581  -43.5  4.4375
0.938796242186012  -43.5  -17.0625
0.926524395882927  -43  -13
0.926524395882927  -43  -4.0625
4.08345685735158  -43.5  6.5
4.08345685735158  -43.5  2
0.917320511155613  -43.5  19.5
0.926524395882927  -43.5  0
0.944932165337555  -43.5  -17.0625
4.07425297262426  -43.5  6.5
4.08345685735158  -43.5  4.4375
0.923456434307156  -43.5  14.1875
0.938796242186012  -43.5  -8.9375
4.07425297262426  -43.5  6.5
0.926524395882927  -43  -8.9375
0.923456434307156  -43.5  14.1875
4.08038889577581  -43.5  -2
4.08038889577581  -43.5  4.4375
4.07425297262426  -43.5  6.5
0.920388472731385  -43  -4.0625
0.905048664852528  -43.5  16.25
0.914252549579842  -43.5  16.25
0.93266031903447  -43.5  -13
4.07732093420003  -43.5  3.25
4.07425297262426  -43.5  4.4375
4.07118501104849  -43.5  7.6875
0.926524395882927  -43  -4.0625
0.911184588004071  -43.5  13
4.07425297262426  -43.5  5.25
0.905048664852528  -43.5  14.1875
0.938796242186012  -43.5  -21.9375
0.93266031903447  -43  -8.9375
4.07425297262426  -43.5  4.4375
4.07118501104849  -43.5  1.1875
0.93266031903447  -43  -17.0625
4.07118501104849  -43.5  6.5
0.938796242186012  -43.5  -21.9375
0.93266031903447  -43.5  -8.9375
0.914252549579842  -43.5  15
4.04664131844232  -43.5  16.25
0.969475857943725  -43.5  -43.125
4.07732093420003  -43.5  4.4375
4.08345685735158  -43.5  4.4375
0.920388472731385  -43.5  -4.0625
0.917320511155613  -43.5  11.75
4.07425297262426  -43.5  3.25
0.917320511155613  -43.5  17.4375
0.95720401164064  -43  -21.9375
4.07425297262426  -43.5  3.25
4.07118501104849  -43.5  6.5
0.944932165337555  -43  -13
0.911184588004071  -43.5  15
0.920388472731385  -43.5  11.75
0.929592357458699  -43.5  8.5
0.951068088489098  -43.5  -26
0.917320511155613  -43.5  14.1875
0.905048664852528  -43.5  18.25
4.07732093420003  -43.5  2
4.06811704947272  -43.5  9.75
0.95720401164064  -43.5  -43.125
4.06811704947272  -43.5  6.5
0.93266031903447  -43  -17.0625
4.07118501104849  -43.5  7.6875
4.07732093420003  -43.5  4.4375
0.920388472731385  -43.5  -8.9375
0.93266031903447  -43  0
0.914252549579842  -43.5  17.4375
4.07425297262426  -43.5  6.5
0.938796242186012  -43  -13
0.923456434307156  -43.5  10.9375
4.07118501104849  -43.5  3.25
4.07732093420003  -43.5  2
0.93266031903447  -43  -13
0.905048664852528  -43.5  17.4375
4.07732093420003  -43.5  4.4375
4.07732093420003  -43.5  2
0.938796242186012  -43.5  -21.9375
0.911184588004071  -43.5  15
4.07425297262426  -43.5  8.5
0.944932165337555  -43.5  -13
4.08652481892735  -43.5  -1.1875
4.07425297262426  -43.5  7.6875
4.09879666523043  -43.5  -4.4375
4.10493258838198  -43.5  -3.25
0.935728280610241  -43.5  11.75
0.926524395882927  -43.5  18.25
4.09266074207889  -43.5  5.25
0.938796242186012  -43.5  14.1875
0.938796242186012  -43.5  11.75
0.93266031903447  -43.5  4.0625
4.07732093420003  -43.5  15
0.951068088489098  -43.5  -13
0.951068088489098  -43  -8.9375
0.917320511155613  -43.5  22.75
0.926524395882927  -43.5  18.25
4.09879666523043  -43.5  5.25
0.95720401164064  -43  -8.9375
0.948000126913326  -43.5  1.1875
4.1018646268062  -43.5  5.25
0.95720401164064  -43.5  7.6875
4.10493258838198  -43.5  2
4.09572870365466  -43.5  6.5
0.941864203761784  -43.5  13
4.10493258838198  -43.5  1.1875
0.944932165337555  -43.5  -13
4.07732093420003  -43.5  19.5
0.948000126913326  -43.5  14.1875
4.09879666523043  -43.5  4.4375
4.09572870365466  -43.5  3.25
0.941864203761784  -43.5  14.1875
4.10493258838198  -43.5  2
0.987883627398353  -43  -30.0625
4.10493258838198  -43.5  6.5
0.929592357458699  -43.5  15
4.11106851153352  -43.5  -3.25
4.09266074207889  -43.5  8.5
4.1018646268062  -43.5  2
0.944932165337555  -43.5  13
0.944932165337555  -43.5  14.1875
0.975611781095268  -43  -30.0625
4.10493258838198  -43.5  3.25
0.948000126913326  -43.5  8.5
