6.16660276730028  -40.5  15
6.22182607566416  -41  -8.9375
6.18501053675491  -40.5  10.9375
6.18501053675491  -40.5  14.1875
6.21569015251262  -41  -4.0625
6.19728238305799  -40.5  1.1875
6.2279619988157  -41  -21.9375
6.17887461360336  -40.5  14.1875
6.19114645990645  -40.5  11.75
6.17580665202759  -40.5  14.1875
6.22182607566416  -41  0
6.16660276730028  -40.5  19.5
6.18501053675491  -40.5  11.75
6.18501053675491  -40.5  14.1875
6.18501053675491  -40.5  15
6.2064862677853  -40.5  1.1875
6.15739888257296  -40.5  17.4375
6.16046684414874  -40.5  13
6.17273869045182  -40.5  4.0625
6.19728238305799  -40.5  -13
6.16353480572451  -40.5  13
6.19728238305799  -40.5  -8.9375
6.20955422936108  -41  -4.0625
6.20955422936108  -41  -13
6.16967072887605  -40.5  8.5
6.16046684414874  -41  13
6.19728238305799  -41  0
6.16046684414874  -40.5  14.1875
6.16660276730028  -40.5  15
6.20955422936108  -41  -21.9375
6.19114645990645  -41  -8.9375
6.15433092099719  -40.5  15
6.15739888257296  -40.5  14.1875
6.15739888257296  -40.5  13
6.19728238305799  -40.5  0
6.16046684414874  -40.5  18.25
6.16967072887605  -40.5  13
6.18501053675491  -41  0
6.17887461360336  -40.5  3.25
6.18501053675491  -40.5  4.0625
6.16046684414874  -40.5  14.1875
6.21569015251262  -40.5  -30.0625
6.15739888257296  -40.5  13
6.16046684414874  -40.5  15
6.19114645990645  -40.5  -8.9375
6.17273869045182  -40.5  13
6.19728238305799  -40.5  -13
6.16046684414874  -40.5  11.75
6.20955422936108  -41  -30.0625
6.16046684414874  -40.5  16.25
6.19728238305799  -40.5  -13
6.16046684414874  -40.5  11.75
6.14512703626988  -40.5  17.4375
6.20341830620953  -40.5  -21.9375
6.15433092099719  -40.5  13
6.20341830620953  -40.5  -8.9375
3.04955380631665  -40.5  0
6.19114645990645  -41  -4.0625
6.19114645990645  -40.5  -4.0625
6.19114645990645  -40.5  -8.9375
6.16967072887605  -40.5  14.1875
6.19114645990645  -40.5  -4.0625
6.20341830620953  -40.5  -4.0625
6.16353480572451  -40.5  17.4375
6.20341830620953  -41  -17.0625
6.15433092099719  -40.5  16.25
6.16660276730028  -40.5  20.75
6.16967072887605  -40.5  11.75
6.17887461360336  -40.5  4.0625
6.20341830620953  -41  -13
6.14205907469411  -40.5  24
3.0556897294682  -40.5  -3.25
6.16660276730028  -40.5  13
6.15126295942142  -40.5  16.25
6.17887461360336  -40.5  8.9375
6.15739888257296  -40.5  14.1875
6.15433092099719  -40.5  16.25
6.19728238305799  -41  -8.9375
6.16353480572451  -40.5  13
6.19728238305799  -41  -26
6.15433092099719  -40.5  10.9375
6.16046684414874  -40.5  10.9375
6.18501053675491  -41  -4.0625
6.19114645990645  -41  -26
6.19728238305799  -41  -4.0625
6.19114645990645  -41  -8.9375
6.15126295942142  -40.5  17.4375
6.20341830620953  -41  -26
6.16660276730028  -40.5  14.1875
6.20955422936108  -41  -13
6.16046684414874  -40.5  17.4375
6.15433092099719  -41  15
6.20955422936108  -41  -13
6.16660276730028  -40.5  18.25
6.17580665202759  -41  14.1875
6.18194257517913  -41  14.1875
6.20955422936108  -41  8.9375
6.22182607566416  -41  -21.9375
6.20955422936108  -41  0
6.17273869045182  -40.5  14.1875
6.19728238305799  -40.5  -1.1875
6.19114645990645  -41  0
6.16046684414874  -40.5  16.25
6.21569015251262  -41  -4.0625
6.16353480572451  -40.5  17.4375
6.20955422936108  -40.5  -13
6.17273869045182  -40.5  15
6.21569015251262  -40.5  -13
3.0556897294682  -40.5  0
3.06489361419551  -40.5  -5.25
6.17580665202759  -40.5  15
6.17273869045182  -40.5  17.4375
6.20955422936108  -40.5  -8.9375
6.20341830620953  -41  13
6.2279619988157  -41  -21.9375
6.22182607566416  -41  -4.0625
6.20955422936108  -41  0
6.22182607566416  -41  -13
6.22182607566416  -40.5  -8.9375
6.20955422936108  -41  4.0625
6.18501053675491  -40.5  15
6.17580665202759  -40.5  16.25
6.17273869045182  -40.5  14.1875
6.21569015251262  -41  4.0625
6.2279619988157  -41  -8.9375
6.24023384511879  -41  -17.0625
6.17887461360336  -40.5  15
6.22182607566416  -41  -4.0625
6.17887461360336  -40.5  13
6.23409792196725  -41  -17.0625
6.22182607566416  -41  -4.0625
6.22182607566416  -41  -8.9375
