0.0337475773334841  -42  2
0.0521553467881118  -42  -1.1875
0.0521553467881118  -42  1.1875
0.0460194236365692  -42  4.4375
0.0521553467881118  -42  -1.1875
3.20295188510522  -41.5  -8.9375
0.0644271930911969  -42  -1.1875
0.0582912699396544  -42  1.1875
0.0705631162427395  -42  -2
0.0521553467881118  -42  2
0.0644271930911969  -42  -1.1875
0.042951462060798  -42  -2
0.0306796157577128  -42  0
0.021475731030399  -42  9.75
0.021475731030399  -42  7.6875
0.0276116541819415  -42  5.25
0.0368155389092554  -41.5  1.1875
3.17227226934751  -41.5  13
0.0306796157577128  -42  2
0.0337475773334841  -42  -1.1875
0.0337475773334841  -42  1.1875
0.0306796157577128  -42  -2
0.042951462060798  -41.5  -3.25
0.0368155389092554  -42  3.25
0.0490873852123405  -41.5  -6.5
3.19068003880213  -41.5  8.9375
0.0276116541819415  -42  4.4375
0.0368155389092554  -42  0
0.0245436926061703  -42  5.25
0.042951462060798  -41.5  -3.25
3.19068003880213  -41.5  0
0.0337475773334841  -41.5  -3.25
0.0306796157577128  -42  -3.25
0.021475731030399  -41.5  6.5
0.0337475773334841  -41.5  1.1875
0.0368155389092554  -42  2
3.17840819249905  -42  4.0625
0.021475731030399  -42  6.5
0.042951462060798  -42  -1.1875
3.17227226934751  -42  0
3.17840819249905  -41.5  4.0625
0.021475731030399  -42  2
3.19068003880213  -41.5  0
3.16613634619596  -42  -4.0625
0.0398835004850267  -41.5  -5.25
0.00920388472731385  -41.5  9.75
0.0276116541819415  -42  1.1875
0.042951462060798  -41.5  -2
0.021475731030399  -42  4.4375
0.00920388472731385  -41.5  9.75
0.0337475773334841  -42  -2
3.16613634619596  -42  -4.0625
0.0245436926061703  -42  3.25
0.0245436926061703  -42  3.25
0.0368155389092554  -42  1.1875
3.18454411565059  -41.5  0
0.0337475773334841  -42  1.1875
3.17840819249905  -42  -4.0625
3.17840819249905  -41.5  -4.0625
0.0245436926061703  -42  4.4375
0.0337475773334841  -42  0
0.0306796157577128  -42  2
0.0306796157577128  -42  0
0.0460194236365692  -42  -4.4375
3.16613634619596  -42  8.9375
0.0306796157577128  -42  3.25
3.16613634619596  -41.5  4.0625
0.0245436926061703  -42  4.4375
0.0337475773334841  -41.5  0
0.0398835004850267  -42  -1.1875
0.0245436926061703  -42  0
0.042951462060798  -42  -3.25
3.16000042304442  -41.5  0
3.14466061516556  -42  13
0.0245436926061703  -42  0
0.0306796157577128  -42  1.1875
0.021475731030399  -42  4.4375
0.0306796157577128  -42  -1.1875
3.16613634619596  -42  4.0625
0.042951462060798  -42  -5.25
0.0245436926061703  -42  0
3.17227226934751  -42  -4.0625
0.021475731030399  -42  2
0.0398835004850267  -42  -1.1875
6.28011734560381  -42  14.1875
0.0245436926061703  -42  1.1875
0.0122718463030851  -42  7.6875
0.0184077694546277  -42  7.6875
0.0184077694546277  -42  2
0.021475731030399  -42  6.5
0.0153398078788564  -42  3.25
0.0153398078788564  -42  3.25
0.0245436926061703  -42  1.1875
6.28011734560381  -42  15
0.0245436926061703  -42  -2
0.021475731030399  -42  2
3.17227226934751  -42  -8.9375
0.021475731030399  -42  5.25
0.0337475773334841  -42  0
0.0245436926061703  -42  4.4375
0.0521553467881118  -42  -3.25
0.0337475773334841  -41.5  3.25
0.0398835004850267  -42  1.1875
0.0306796157577128  -42  4.4375
0.0306796157577128  -42  6.5
0.0398835004850267  -42  -1.1875
0.0153398078788564  -42  13
0.0460194236365692  -42  -2
0.0368155389092554  -42  0
3.18454411565059  -42  4.0625
0.0521553467881118  -41.5  -1.1875
0.0460194236365692  -41.5  0
0.0398835004850267  -42  -2
0.0306796157577128  -42  2
0.042951462060798  -42  -1.1875
0.0306796157577128  -42  2
0.0306796157577128  -41.5  0
0.0337475773334841  -41.5  0
0.0306796157577128  -42  1.1875
3.18454411565059  -42  0
0.0368155389092554  -42  1.1875
3.17840819249905  -41.5  0
0.0337475773334841  -42  2
0.0245436926061703  -42  4.4375
0.042951462060798  -41.5  1.1875
0.0337475773334841  -42  -2
0.0276116541819415  -42  0
0.021475731030399  -42  5.25
0.042951462060798  -41.5  -4.4375
0.0245436926061703  -42  3.25
3.17227226934751  -42  -4.0625
0.0398835004850267  -42  1.1875
