1.80396140655351  -44  0
4.95782590644639  -44.5  2
1.81930121443237  -44  0
4.96089386802216  -44  1.1875
4.93021425226445  -44  11.75
1.79782548340197  -44  10.9375
4.94248609856754  -44  7.6875
4.94248609856754  -44  5.25
1.81009732970506  -44  0
4.93941813699176  -44  7.6875
1.80702936812929  -44  9.75
1.83464102231123  -44  -21.9375
1.82236917600814  -44  -3.25
4.94555406014331  -44.5  1.1875
4.96089386802216  -44  3.25
1.80089344497774  -44  15
1.77941771394734  -44  11.75
4.93635017541599  -44.5  5.25
1.8162332528566  -44  -4.0625
4.93328221384022  -44.5  4.4375
4.92101036753714  -44.5  8.5
1.80396140655351  -44  0
1.78248567552312  -44  10.9375
1.80396140655351  -44  -3.25
1.81009732970506  -44  -13
4.91794240596137  -44.5  14.1875
4.94555406014331  -44  3.25
4.93635017541599  -44  7.6875
4.96089386802216  -44.5  2
1.82850509915968  -44  -4.0625
1.78248567552312  -44  19.5
4.96702979117371  -44  11.75
1.84077694546277  -44  -8.9375
4.96702979117371  -44  -4.4375
4.95782590644639  -44  4.4375
4.93328221384022  -44  14.1875
1.80089344497774  -44  10.9375
1.8162332528566  -44  9.75
1.82850509915968  -44  4.0625
4.95782590644639  -44  -1.1875
4.96396182959793  -44  0
4.93941813699176  -44  9.75
4.93635017541599  -44  9.75
4.95475794487062  -44  2
1.79168956025043  -44  10.9375
1.81009732970506  -44  -13
4.92407832911291  -44  6.5
1.78555363709889  -44  10.9375
1.79782548340197  -44  -4.0625
4.92407832911291  -44  4.4375
4.90260259808251  -44  11.75
1.75794198291694  -44  11.75
1.77634975237157  -44  8.5
4.93021425226445  -44  1.1875
4.89646667493097  -44  14.1875
4.91794240596137  -44  3.25
4.89953463650674  -44  10.9375
1.77021382922003  -44  10.9375
4.89646667493097  -44  10.9375
4.8933987133552  -44  16.25
4.93328221384022  -44  -1.1875
1.79168956025043  -44  -4.0625
4.91180648280982  -44  8.5
1.77634975237157  -44  10.9375
4.90567055965828  -44  11.75
4.94248609856754  -44  1.1875
4.93328221384022  -44  3.25
4.91180648280982  -44  18.25
4.96089386802216  -44  -8.5
1.81009732970506  -44  -8.9375
4.96089386802216  -44  -4.4375
1.80396140655351  -44  0
4.94248609856754  -44  4.4375
1.8162332528566  -44  -4.0625
1.8162332528566  -44  4.0625
4.93635017541599  -44  11.75
4.94555406014331  -44  8.5
1.8162332528566  -44  0
1.82236917600814  -44  -4.0625
4.92714629068868  -44  11.75
4.93021425226445  -44  6.5
4.93635017541599  -44  4.4375
4.90873852123405  -44  10.9375
4.91487444438559  -44  8.5
1.77634975237157  -44  4.4375
4.92101036753714  -44  3.25
4.89953463650674  -44  10.9375
1.81009732970506  -44  -17.0625
4.93021425226445  -44  1.1875
4.90873852123405  -44  7.6875
4.92407832911291  -44  4.4375
1.81009732970506  -44  -13
4.93941813699176  -44  1.1875
4.92407832911291  -44  6.5
4.92407832911291  -44  9.75
1.7947575218262  -44  8.5
1.80396140655351  -44  -8.9375
1.79782548340197  -44  -8.9375
4.91794240596137  -44  8.5
4.92714629068868  -44  10.9375
1.79782548340197  -44  0
4.95168998329485  -44  -1.1875
4.93328221384022  -44  6.5
4.93328221384022  -44  7.6875
4.93635017541599  -44  3.25
1.78862159867466  -44  11.75
4.92101036753714  -44  11.75
1.80089344497774  -44  7.6875
4.93021425226445  -44  9.75
4.93328221384022  -44  5.25
4.95168998329485  -44  2
4.94862202171908  -44  0
4.92407832911291  -44  11.75
1.82236917600814  -44  -4.0625
4.94862202171908  -44  2
4.95475794487062  -44  1.1875
4.95782590644639  -44  -1.1875
4.93328221384022  -44  8.5
4.91794240596137  -44  15
4.93021425226445  -44  10.9375
4.93328221384022  -44  11.75
4.93328221384022  -44  8.5
4.93328221384022  -44  5.25
4.94555406014331  -44  4.4375
4.94248609856754  -44  5.25
1.80396140655351  -44  -4.0625
1.79782548340197  -44  7.6875
1.79168956025043  -44  10.9375
1.79782548340197  -44  7.6875
1.8162332528566  -44  -8.9375
4.94555406014331  -44  6.5
1.79782548340197  -44  8.9375
