4.64182586414195  -45.5  0
4.66636955674812  -45.5  2
1.50023321055216  -45.5  17.4375
1.5278448647341  -46  4.0625
1.50023321055216  -45.5  13
1.5278448647341  -46  -4.0625
1.49409728740061  -45.5  17.4375
4.67557344147543  -45.5  0
4.65102974886926  -45.5  10.9375
1.5278448647341  -46  -21.9375
4.65409771044504  -45.5  5.25
1.5278448647341  -46  -8.9375
4.64182586414195  -45.5  7.6875
4.65102974886926  -45.5  6.5
4.64796178729349  -45.5  2
4.65409771044504  -45.5  4.4375
4.64489382571772  -45.5  3.25
1.52170894158256  -45.5  -8.9375
4.65716567202081  -45.5  2
1.54011671103718  -46  -17.0625
4.66330159517235  -45.5  -2
1.50943709527947  -46  -8.9375
4.65102974886926  -45.5  8.5
4.65102974886926  -45.5  0
4.65716567202081  -45.5  4.4375
4.66023363359658  -45.5  3.25
4.66330159517235  -45.5  2
1.53398078788564  -46  -4.0625
4.65102974886926  -45.5  9.75
1.52170894158256  -46  13
4.66023363359658  -45.5  3.25
4.65102974886926  -45.5  5.25
4.65102974886926  -45.5  13
4.65102974886926  -45.5  6.5
1.49102932582484  -45.5  14.1875
4.64489382571772  -45.5  7.6875
1.48796136424907  -45.5  15
4.61728217153578  -45.5  16.25
4.64182586414195  -45.5  9.75
4.65716567202081  -45.5  2
4.65716567202081  -45.5  3.25
4.63875790256618  -45.5  10.9375
4.64182586414195  -45.5  6.5
4.63875790256618  -45.5  8.5
4.63568994099041  -45.5  8.5
4.65102974886926  -45.5  8.5
4.65716567202081  -45.5  4.4375
1.48182544109753  -45.5  18.25
4.65102974886926  -45.5  5.25
4.65716567202081  -45.5  4.4375
4.63568994099041  -45.5  8.5
1.47568951794599  -45.5  17.4375
4.65102974886926  -45.5  5.25
4.66330159517235  -45.5  2
4.63875790256618  -45.5  9.75
4.65102974886926  -45.5  6.5
1.5278448647341  -46  -17.0625
4.65102974886926  -45.5  5.25
4.66023363359658  -45.5  1.1875
4.65409771044504  -45.5  4.4375
4.65409771044504  -45.5  3.25
4.64489382571772  -45.5  5.25
1.48796136424907  -45.5  13
4.64182586414195  -45.5  8.5
4.65102974886926  -45.5  4.4375
4.66023363359658  -45.5  0
4.65102974886926  -45.5  6.5
4.65102974886926  -45.5  2
1.50943709527947  -46  0
1.49716524897639  -46  4.0625
4.64182586414195  -45.5  4.4375
1.51557301843101  -46  -8.9375
1.5278448647341  -46  -4.0625
4.64182586414195  -45.5  6.5
4.65409771044504  -45.5  4.4375
1.4848934026733  -45.5  16.25
1.54011671103718  -46  -17.0625
4.65409771044504  -45.5  3.25
4.65409771044504  -45.5  4.4375
4.65716567202081  -45.5  7.6875
1.5278448647341  -46  -4.0625
4.65716567202081  -45.5  3.25
4.64182586414195  -45.5  9.75
4.64796178729349  -45.5  8.5
1.47568951794599  -45.5  17.4375
4.66330159517235  -45.5  1.1875
1.49716524897639  -45.5  11.75
1.4634176716429  -45.5  21.5625
4.64489382571772  -45.5  3.25
1.4848934026733  -45.5  13
4.63262197941464  -45.5  13
1.48182544109753  -45.5  16.25
4.64182586414195  -45.5  5.25
4.66023363359658  -45.5  3.25
4.66023363359658  -45.5  2
4.63262197941464  -45.5  9.75
4.63875790256618  -45.5  10.9375
4.64796178729349  -45.5  5.25
4.62341809468732  -45.5  19.5
1.49102932582484  -45.5  16.25
4.64182586414195  -45.5  7.6875
4.64489382571772  -45.5  8.5
4.63875790256618  -45.5  13
1.49716524897639  -46  17.0625
4.65716567202081  -45.5  5.25
4.64796178729349  -45.5  9.75
1.49409728740061  -45.5  13
4.65409771044504  -45.5  5.25
4.65102974886926  -45.5  7.6875
4.66636955674812  -45.5  0
1.48182544109753  -45.5  15
4.65102974886926  -45.5  4.4375
4.65102974886926  -45.5  7.6875
1.47875747952176  -45.5  17.4375
4.66023363359658  -45.5  -1.1875
4.65409771044504  -45.5  5.25
4.65409771044504  -45.5  5.25
1.48796136424907  -45.5  17.4375
4.64796178729349  -45.5  7.6875
1.50943709527947  -46  4.0625
4.67250547989966  -45.5  1.1875
4.66023363359658  -45.5  6.5
4.65102974886926  -45.5  7.6875
4.65716567202081  -45.5  5.25
4.64796178729349  -45.5  5.25
4.64796178729349  -45.5  13
4.66023363359658  -45.5  4.4375
4.66330159517235  -45.5  4.4375
1.5278448647341  -46  -4.0625
4.65716567202081  -45.5  5.25
1.52170894158256  -46  0
4.65716567202081  -45.5  4.4375
