1.73339829031077  -42.5  -3.25
1.73646625188655  -42.5  -2
1.73339829031077  -42.5  -1.1875
4.85965113602171  -42.5  9.75
4.90260259808251  -42.5  0
4.91487444438559  -42  -8.9375
1.71499052085615  -42.5  11.75
4.90873852123405  -42.5  -8.9375
4.8504472512944  -42.5  15
4.86885502074902  -42.5  7.6875
4.85351521287017  -42.5  11.75
1.72726236715923  -42.5  0
4.85965113602171  -42.5  14.1875
4.8719229823248  -42.5  1.1875
4.92101036753714  -42.5  -21.9375
4.8504472512944  -42.5  15
4.88419482862788  -42.5  0
4.85351521287017  -42.5  9.75
1.72112644400769  -42.5  -1.1875
1.68124294352266  -42.5  2
4.85351521287017  -42  -4.0625
1.65669925091649  -42.5  11.75
4.82283559711246  -42.5  8.9375
4.84124336656708  -42.5  -4.0625
4.82283559711246  -42.5  4.0625
4.828971520264  -42.5  4.0625
1.66283517406803  -42.5  9.75
4.85965113602171  -42  0
4.81669967396091  -42.5  18.25
1.70578663612883  -42.5  2
1.72112644400769  -42.5  -2
4.89646667493097  -42  -17.0625
1.72419440558346  -42.5  0
4.90260259808251  -42  -17.0625
1.69044682824998  -42  17.4375
4.84431132814285  -42  16.25
4.89646667493097  -42  -8.9375
1.72112644400769  -42  1.1875
1.72419440558346  -42  -4.4375
4.88419482862788  -42  0
4.828971520264  -42  20.75
4.84431132814285  -42  17.4375
4.87805890547634  -42  0
4.83817540499131  -42  15
1.730330328735  -42  2
1.73646625188655  -42  -4.4375
4.84431132814285  -42  16.25
4.83817540499131  -42  18.25
4.83817540499131  -42  16.25
1.730330328735  -42  -2
4.90873852123405  -42  -17.0625
1.71805848243192  -42  0
4.89033075177942  -42  0
1.72726236715923  -42  1.1875
4.8504472512944  -42  13
1.69658275140152  -42.5  16.25
4.85658317444594  -42  5.25
4.89033075177942  -42  -8.9375
1.72112644400769  -42  3.25
1.730330328735  -42.5  -2
1.73339829031077  -42.5  -4.4375
1.72112644400769  -42  3.25
4.85658317444594  -42  11.75
4.87805890547634  -42  -4.0625
4.90873852123405  -42.5  -13
4.89033075177942  -42  -8.9375
4.85965113602171  -42  6.5
4.90260259808251  -42.5  -17.0625
1.71805848243192  -42.5  -2
4.88419482862788  -42  -4.0625
1.72419440558346  -42.5  0
4.89646667493097  -42  -13
1.72112644400769  -42  4.4375
4.88419482862788  -42.5  -4.0625
1.72726236715923  -42.5  -3.25
4.84124336656708  -42  19.5
4.89646667493097  -42  -8.9375
4.8719229823248  -42  4.0625
1.71499052085615  -42  4.4375
4.89646667493097  -42  -13
1.72726236715923  -42.5  -2
4.89646667493097  -42  -8.9375
1.71499052085615  -42.5  4.4375
1.71805848243192  -42  -1.1875
1.69658275140152  -42.5  15
4.83510744341554  -42  16.25
4.84431132814285  -42  13
4.87805890547634  -42  0
1.69351478982575  -42.5  8.5
1.68737886667421  -42.5  8.5
1.72726236715923  -42.5  0
4.8719229823248  -42  8.9375
4.828971520264  -42  19.5
4.89646667493097  -42  -8.9375
4.83510744341554  -42  16.25
4.84737928971863  -42  8.5
1.72419440558346  -42  0
4.88419482862788  -42.5  -4.0625
1.70578663612883  -42  9.75
4.83510744341554  -42  19.5
4.88419482862788  -42  0
1.71499052085615  -42  -1.1875
4.88419482862788  -42  -4.0625
1.730330328735  -42  0
4.8719229823248  -42.5  4.0625
1.70578663612883  -42  9.75
1.72419440558346  -42  3.25
4.86578705917325  -42  13
1.69658275140152  -42  6.5
4.89033075177942  -42  -13
1.72419440558346  -42.5  -1.1875
4.83510744341554  -42  17.4375
4.85965113602171  -42.5  8.9375
4.84431132814285  -42  15
1.71805848243192  -42  1.1875
4.86578705917325  -42  4.0625
4.89646667493097  -42  -13
4.83510744341554  -42  15
4.83203948183977  -42  18.25
4.8719229823248  -42.5  0
1.72419440558346  -42.5  -2
1.71805848243192  -42.5  1.1875
4.828971520264  -42.5  19.5
1.70271867455306  -42.5  8.5
1.70271867455306  -42.5  6.5
4.89033075177942  -42  -8.9375
4.84124336656708  -42  14.1875
1.730330328735  -42.5  -3.25
4.86578705917325  -42.5  4.0625
4.83817540499131  -42.5  16.25
4.85965113602171  -42  1.1875
1.72112644400769  -42.5  1.1875
