1.15048559091423  -48.5  5.25
1.15048559091423  -48  8.5
4.28901028292825  -48  17.0625
1.16582539879309  -48  2
1.15662151406577  -48  8.5
1.15662151406577  -48  10.9375
1.16582539879309  -48  3.25
4.29514620607979  -48  13
1.15968947564154  -48  10.9375
1.16275743721732  -48  2
4.30128212923134  -48  4.0625
1.16275743721732  -48.5  3.25
4.28594232135248  -48  17.4375
4.31968989868597  -47.5  4.0625
1.16889336036886  -48  -1.1875
1.14741762933846  -48  14.1875
1.16275743721732  -48  2
4.32582582183751  -48  -4.0625
4.31968989868597  -47.5  4.0625
1.15662151406577  -48  7.6875
1.16275743721732  -48  3.25
1.16582539879309  -48  4.4375
4.28901028292825  -48  13
1.15662151406577  -48  8.5
1.15968947564154  -48  7.6875
4.27980639820094  -48  11.75
4.30128212923134  -48  -8.9375
1.15355355249  -48  9.75
4.27060251347362  -48  21.9375
1.15662151406577  -48  5.25
4.28287435977671  -48  9.75
1.16582539879309  -48.5  4.4375
1.16275743721732  -48.5  1.1875
1.12900985988383  -48.5  17.4375
1.15355355249  -48  8.5
1.15048559091423  -48  9.75
4.28594232135248  -48  9.75
4.28287435977671  -48  13
1.15662151406577  -48.5  1.1875
1.1320778214596  -48.5  14.1875
1.15355355249  -48  5.25
1.15968947564154  -48.5  0
1.13821374461115  -48.5  16.25
1.14128170618692  -48.5  9.75
4.25833066717054  -48  26
1.14741762933846  -48  9.75
1.15355355249  -48  6.5
4.28287435977671  -48  17.0625
1.14741762933846  -48.5  9.75
1.15662151406577  -48.5  4.4375
1.15662151406577  -48.5  3.25
1.15662151406577  -48  7.6875
1.15968947564154  -48.5  1.1875
1.14434966776269  -48.5  10.9375
4.31968989868597  -48  -8.9375
1.16889336036886  -48.5  -2
4.28287435977671  -48  13
1.12900985988383  -48.5  17.4375
1.13821374461115  -48.5  14.1875
1.15048559091423  -48.5  4.4375
1.15355355249  -48.5  2
1.16582539879309  -48.5  0
1.15968947564154  -48.5  6.5
1.15968947564154  -48  4.4375
4.30741805238288  -48  -4.0625
4.29821416765557  -48.5  2
4.28287435977671  -48  17.0625
1.15662151406577  -48  5.25
1.14741762933846  -48.5  7.6875
4.29514620607979  -48  8.9375
1.15048559091423  -48.5  5.25
1.12594189830806  -48.5  18.25
1.1320778214596  -48.5  16.25
4.34423359129214  -48  -34.9375
1.13514578303537  -48.5  16.25
4.30741805238288  -48  -8.9375
1.15355355249  -48.5  3.25
1.15355355249  -48  7.6875
4.27673843662517  -48  17.0625
1.12900985988383  -48.5  17.4375
4.28901028292825  -48  4.0625
4.28594232135248  -48  10.9375
4.26753455189785  -48  24
4.26446659032208  -48  34.9375
1.15662151406577  -48.5  5.25
1.14128170618692  -48.5  13
1.14741762933846  -48  7.6875
4.28901028292825  -48  13
1.15048559091423  -48  7.6875
4.27980639820094  -48.5  13
1.15048559091423  -48.5  4.4375
1.15048559091423  -48  6.5
1.14434966776269  -48  9.75
4.29514620607979  -48  8.9375
1.15355355249  -48.5  6.5
4.29514620607979  -48  8.9375
1.14434966776269  -48.5  9.75
1.12900985988383  -48.5  17.4375
4.30128212923134  -48  -4.0625
1.15968947564154  -48.5  1.1875
4.30128212923134  -48  -8.9375
4.30128212923134  -48  -4.0625
1.15662151406577  -48.5  2
4.27673843662517  -48  14.1875
4.28901028292825  -48  0
1.15048559091423  -48  6.5
1.16275743721732  -48.5  -2
1.15355355249  -48.5  5.25
1.15355355249  -48.5  5.25
1.14741762933846  -48.5  7.6875
4.28287435977671  -48.5  10.9375
4.30741805238288  -48  -8.9375
1.12594189830806  -48.5  15
1.14741762933846  -48.5  8.5
4.27980639820094  -48  11.75
1.15968947564154  -48.5  2
1.14741762933846  -48.5  1.1875
1.13821374461115  -48  11.75
1.15968947564154  -48.5  3.25
4.28287435977671  -48.5  7.6875
4.28287435977671  -48  13
1.15662151406577  -48.5  5.25
1.15048559091423  -48  5.25
4.30741805238288  -48  0
1.15048559091423  -48  8.5
4.31355397553442  -48  -13
1.15662151406577  -48.5  2
1.13514578303537  -48.5  16.25
4.28901028292825  -48.5  9.75
4.27060251347362  -48  26
1.16275743721732  -48.5  6.5
1.15662151406577  -48.5  2
