4.06198112632118  -47.5  5.25
0.911184588004071  -47.5  11.75
4.04970928001809  -47.5  15
0.938796242186012  -47.5  -13
4.07425297262426  -47.5  9.75
4.08038889577581  -47.5  4.4375
4.07425297262426  -47.5  7.6875
4.08038889577581  -47.5  5.25
4.07732093420003  -47.5  6.5
4.08038889577581  -47.5  3.25
4.07425297262426  -47.5  5.25
0.963339934792183  -47  -17.0625
0.93266031903447  -47.5  8.5
4.08652481892735  -47.5  -1.1875
4.08345685735158  -47.5  4.4375
0.938796242186012  -47.5  -17.0625
0.905048664852528  -47.5  21.5625
4.07732093420003  -47.5  5.25
0.920388472731385  -47.5  16.25
4.08038889577581  -47.5  4.4375
4.05584520316964  -47.5  15
0.93266031903447  -47  0
0.920388472731385  -47.5  16.25
0.911184588004071  -47.5  17.4375
4.07425297262426  -47.5  11.75
4.06811704947272  -47.5  10.9375
0.929592357458699  -47.5  9.75
4.07732093420003  -47.5  5.25
0.9081166264283  -47.5  18.25
0.93266031903447  -47  0
4.08345685735158  -47.5  5.25
4.08345685735158  -47.5  3.25
0.93266031903447  -47.5  -8.9375
0.926524395882927  -47.5  5.25
0.929592357458699  -47.5  8.5
4.07118501104849  -47.5  5.25
0.963339934792183  -47.5  -17.0625
4.07118501104849  -47.5  8.5
4.07732093420003  -47.5  1.1875
4.08038889577581  -47.5  4.4375
4.06504908789695  -47.5  7.6875
4.07732093420003  -47.5  5.25
0.944932165337555  -47.5  -17.0625
4.06811704947272  -47.5  10.9375
0.926524395882927  -47.5  9.75
4.06504908789695  -47.5  6.5
0.9081166264283  -47.5  13
0.923456434307156  -47.5  9.75
4.07425297262426  -47.5  3.25
0.929592357458699  -47.5  2
0.944932165337555  -47.5  -21.9375
4.07118501104849  -47.5  4.4375
0.895844780125214  -47.5  21.5625
4.03743743371501  -47.5  20.75
0.901980703276757  -47.5  20.75
4.07425297262426  -47.5  6.5
4.07425297262426  -47.5  5.25
4.06198112632118  -47.5  11.75
4.06198112632118  -47.5  14.1875
4.07732093420003  -47.5  0
4.06811704947272  -47.5  7.6875
0.898912741700986  -47.5  19.5
4.07425297262426  -47.5  2
0.911184588004071  -47.5  15
4.07732093420003  -47.5  2
4.07118501104849  -47.5  4.4375
4.07118501104849  -47.5  5.25
4.08345685735158  -47.5  2
4.07425297262426  -47.5  7.6875
4.07118501104849  -47.5  5.25
4.08345685735158  -47.5  2
4.07425297262426  -47.5  6.5
0.93266031903447  -47.5  5.25
4.06504908789695  -47.5  13
4.07118501104849  -47.5  9.75
4.07732093420003  -47.5  3.25
0.938796242186012  -47.5  -13
0.914252549579842  -47.5  13
4.07425297262426  -47.5  6.5
0.917320511155613  -47.5  14.1875
0.920388472731385  -47.5  4.0625
0.914252549579842  -47.5  16.25
4.06198112632118  -47.5  11.75
4.06504908789695  -47.5  7.6875
0.926524395882927  -47.5  -4.0625
4.04970928001809  -47.5  20.75
0.898912741700986  -47.5  22.75
4.06198112632118  -47.5  10.9375
4.07732093420003  -47.5  5.25
4.08345685735158  -47.5  -2
0.9081166264283  -47  21.9375
4.07732093420003  -47.5  1.1875
4.07118501104849  -47.5  7.6875
0.944932165337555  -47  -13
0.9081166264283  -47.5  18.25
0.9081166264283  -47.5  14.1875
0.917320511155613  -47.5  13
4.08345685735158  -47.5  1.1875
4.07118501104849  -47.5  8.5
0.905048664852528  -47.5  18.25
0.9081166264283  -47.5  19.5
0.901980703276757  -47.5  13
4.04050539529078  -47.5  20.75
0.938796242186012  -47.5  -8.9375
4.08345685735158  -47.5  1.1875
4.06811704947272  -47.5  9.75
0.917320511155613  -47.5  18.25
4.06811704947272  -47.5  6.5
4.04664131844232  -47.5  22.75
0.951068088489098  -47  -17.0625
4.07732093420003  -47.5  7.6875
4.04970928001809  -47.5  16.25
0.917320511155613  -47.5  15
4.07732093420003  -47.5  5.25
0.944932165337555  -47.5  -13
0.951068088489098  -47.5  -4.0625
0.898912741700986  -47.5  17.4375
0.911184588004071  -47.5  16.25
4.04357335686655  -47.5  18.25
0.963339934792183  -47.5  -21.9375
0.975611781095268  -47  -34.9375
4.06811704947272  -47.5  8.5
4.07425297262426  -47.5  4.4375
4.07118501104849  -47.5  7.6875
0.920388472731385  -47.5  10.9375
4.05277724159386  -47.5  15
0.944932165337555  -47  -4.0625
0.914252549579842  -47.5  14.1875
0.920388472731385  -47.5  4.0625
4.04357335686655  -47.5  18.25
0.944932165337555  -47.5  -4.0625
0.963339934792183  -47.5  -30.0625
