5.61436968366145  -40  13
5.66652503044956  -40  -1.1875
5.6511852225707  -40  10.9375
5.66959299202533  -40.5  9.75
5.68493279990419  -40.5  14.1875
2.52800033843554  -40  4.4375
5.6511852225707  -40  8.9375
5.6511852225707  -40  14.1875
5.65425318414647  -40  15
5.68800076147996  -40  3.25
5.70027260778304  -40  -8.9375
2.54947606946594  -40  4.4375
5.70027260778304  -40  6.5
5.70640853093458  -40  7.6875
5.6726609536011  -40  18.25
5.68800076147996  -40  15
5.69106872305573  -40  13
5.67572891517687  -40  16.25
5.70027260778304  -40  4.0625
5.68186483832841  -40  15
5.6941366846315  -40  14.1875
5.68800076147996  -40  15
5.71254445408613  -40  -4.0625
5.6941366846315  -40  -4.0625
5.67572891517687  -40.5  13
2.54947606946594  -40.5  2
5.67879687675264  -40.5  9.75
5.6726609536011  -40.5  10.9375
5.68186483832841  -40.5  13
2.54640810789016  -40.5  1.1875
5.66345706887379  -40.5  11.75
5.64811726099493  -40.5  7.6875
5.63891337626762  -40.5  10.9375
5.62357356838876  -40  16.25
5.60516579893413  -40  15
5.59902987578259  -40  14.1875
2.43902945273817  -40  4.4375
5.59289395263105  -40  5.25
5.62050560681299  -40  -8.9375
5.61130172208568  -40  11.75
5.6082337605099  -40  14.1875
5.60209783735836  -40  15
5.62357356838876  -40  16.25
2.53106830001131  -40  -5.25
5.64811726099493  -40  14.1875
5.6941366846315  -39.5  -21.9375
2.54640810789016  -40  -3.25
5.67572891517687  -40  15
5.7156124156619  -40  3.25
2.58629160837519  -40  -3.25
2.54640810789016  -40  13
2.5954954931025  -40  0
5.70947649251036  -40  14.1875
2.58015568522365  -40  2
2.55867995419325  -40  8.5
2.55254403104171  -40  5.25
2.54334014631439  -40  5.25
5.67572891517687  -40  10.9375
5.68186483832841  -40  11.75
2.55867995419325  -40  -2
5.71868037723767  -39.5  -8.9375
5.68186483832841  -40  13
5.69106872305573  -40  7.6875
2.53720422316285  -40  8.5
5.72481630038921  -40  -8.9375
2.55867995419325  -40  4.4375
5.67572891517687  -40  10.9375
5.68493279990419  -40  13
5.74322406984384  -39.5  -26
5.67879687675264  -40  19.5
5.70027260778304  -40  11.75
5.72481630038921  -39.5  -8.9375
5.70640853093458  -40  16.25
5.70027260778304  -40  14.1875
5.71868037723767  -40  -13
5.73095222354076  -40  -26
5.7370881466923  -40  -21.9375
5.69720464620727  -40  17.4375
5.70947649251036  -40  16.25
2.60469937782982  -40  -7.6875
5.74322406984384  -40  -13
5.71254445408613  -40  11.75
5.6941366846315  -39.5  11.75
2.54640810789016  -39.5  -3.25
5.64811726099493  -40  18.25
5.69106872305573  -40  1.1875
2.54640810789016  -40  -1.1875
2.52493237685977  -40  2
5.63891337626762  -40  16.25
5.6511852225707  -40  10.9375
2.54947606946594  -40  -2
2.55561199261748  -40  -7.6875
5.67572891517687  -39.5  2
5.6941366846315  -39.5  -8.9375
2.49732072267782  -40  10.9375
2.53413626158708  -40  -2
2.54027218473862  -40  -5.25
5.65425318414647  -40  14.1875
5.65425318414647  -40  16.25
2.53413626158708  -39.5  3.25
5.63891337626762  -39.5  13
2.52493237685977  -39.5  -4.4375
5.6511852225707  -39.5  14.1875
5.68186483832841  -39.5  -8.9375
5.63584541469185  -40  15
2.52493237685977  -40  -1.1875
2.52493237685977  -40  -5.25
5.63277745311607  -40  14.1875
5.63584541469185  -40  11.75
5.68186483832841  -39.5  -21.9375
5.64504929941916  -40  14.1875
5.68186483832841  -39.5  -8.9375
5.62664152996453  -40  21.5625
5.63584541469185  -40  14.1875
5.68186483832841  -39.5  -21.9375
5.6941366846315  -39.5  -30.0625
5.68800076147996  -39.5  -34.9375
5.62664152996453  -40  17.4375
5.63584541469185  -39.5  16.25
2.53106830001131  -40  -1.1875
2.50345664582937  -40  13
2.54334014631439  -40  1.1875
5.68800076147996  -40  2
2.52800033843554  -40  1.1875
2.54640810789016  -40  0
5.68800076147996  -39.5  -8.9375
5.6511852225707  -40  16.25
5.6941366846315  -39.5  -21.9375
5.64504929941916  -40  15
2.53720422316285  -40  0
2.53106830001131  -40  0
5.62050560681299  -40  17.4375
