5.95184545699629  -43.5  0
5.9395736106932  -43.5  6.5
5.96411730329937  -43.5  0
2.79184503395187  -43  26
5.95184545699629  -43.5  5.25
5.93343768754166  -43.5  14.1875
5.94570953384475  -43.5  9.75
5.94264157226897  -43.5  10.9375
5.95491341857206  -43.5  8.5
5.94264157226897  -43.5  9.75
2.81025280340649  -43  17.0625
2.79184503395187  -43  8.9375
5.94264157226897  -43.5  7.6875
2.76423337976993  -43.5  26
2.79184503395187  -43  0
5.95184545699629  -43.5  -1.1875
2.77650522607301  -43.5  15
5.96411730329937  -43.5  1.1875
2.78570911080032  -43  21.9375
5.9395736106932  -43.5  9.75
2.80411688025495  -43  17.0625
2.77650522607301  -43.5  18.25
5.93036972596589  -43.5  11.75
5.93343768754166  -43.5  11.75
5.95491341857206  -43.5  1.1875
5.9395736106932  -43.5  8.5
5.93650564911743  -43.5  9.75
5.92423380281435  -43.5  10.9375
5.93343768754166  -43.5  9.75
5.9610493417236  -43.5  -6.5
5.95491341857206  -43.5  2
2.78570911080032  -43  21.9375
5.94877749542052  -43.5  5.25
5.95798138014783  -43.5  1.1875
5.96718526487514  -43.5  -3.25
5.96718526487514  -43.5  -4.4375
5.96411730329937  -43.5  -4.4375
2.80104891867918  -43.5  8.5
5.95798138014783  -43.5  7.6875
5.9610493417236  -43.5  5.25
5.9610493417236  -43.5  5.25
2.79798095710341  -43  0
5.95491341857206  -43.5  3.25
5.95184545699629  -43.5  2
2.81025280340649  -43  8.9375
5.95184545699629  -43.5  5.25
5.92730176439012  -43.5  13
5.93343768754166  -43.5  9.75
5.94264157226897  -43.5  7.6875
2.79184503395187  -43  17.0625
5.94877749542052  -43.5  4.4375
2.77343726449724  -43  8.9375
5.94877749542052  -43.5  7.6875
5.93343768754166  -43.5  6.5
5.95184545699629  -43.5  4.4375
2.79798095710341  -43  17.0625
5.96411730329937  -43.5  -7.6875
2.77957318764878  -43  21.9375
5.95491341857206  -43.5  4.4375
2.79798095710341  -43  -8.9375
5.93343768754166  -43.5  11.75
5.93650564911743  -43.5  8.5
5.93343768754166  -43.5  13
2.78570911080032  -43  0
5.94877749542052  -43.5  -1.1875
5.94877749542052  -43.5  7.6875
5.95798138014783  -43.5  2
5.95184545699629  -43.5  6.5
5.92730176439012  -43.5  14.1875
5.95491341857206  -43.5  0
2.81025280340649  -43  4.0625
5.96411730329937  -43.5  2
5.9610493417236  -43.5  3.25
5.9610493417236  -43.5  5.25
5.96718526487514  -43.5  0
5.97025322645092  -43.5  1.1875
5.94877749542052  -43.5  7.6875
5.96411730329937  -43.5  6.5
5.96411730329937  -43.5  3.25
5.96411730329937  -43.5  3.25
5.94877749542052  -43.5  8.5
2.80411688025495  -43  0
5.95184545699629  -43.5  6.5
5.94264157226897  -43.5  13
5.96718526487514  -43.5  2
5.97025322645092  -43.5  -2
5.9610493417236  -43.5  3.25
5.93650564911743  -43.5  10.9375
5.9395736106932  -43.5  9.75
5.95798138014783  -43.5  3.25
2.78570911080032  -43  4.0625
5.94570953384475  -43.5  5.25
5.95491341857206  -43.5  3.25
5.95798138014783  -43.5  -1.1875
5.94877749542052  -43.5  4.4375
5.95184545699629  -43.5  2
5.93036972596589  -43.5  11.75
5.93650564911743  -43.5  6.5
5.94264157226897  -43.5  2
5.92730176439012  -43.5  13
5.93036972596589  -43.5  8.5
5.92730176439012  -43.5  7.6875
5.94264157226897  -43.5  2
2.79184503395187  -43  0
5.94264157226897  -43.5  11.75
2.79798095710341  -43  -13
5.94570953384475  -43.5  5.25
5.93036972596589  -43.5  6.5
2.79184503395187  -43  0
5.94264157226897  -43.5  7.6875
5.94877749542052  -43.5  7.6875
5.94264157226897  -43.5  11.75
5.94877749542052  -43.5  4.4375
5.96411730329937  -43.5  1.1875
5.94877749542052  -43.5  10.9375
5.9610493417236  -43.5  -4.4375
5.97025322645092  -43.5  1.1875
5.93650564911743  -43.5  11.75
5.95184545699629  -43.5  5.25
5.95184545699629  -43.5  6.5
5.95184545699629  -43.5  9.75
5.95491341857206  -43.5  8.5
5.95491341857206  -43.5  6.5
5.95184545699629  -43.5  6.5
2.80104891867918  -43.5  8.5
2.79798095710341  -43  17.0625
5.9610493417236  -43.5  0
5.94570953384475  -43.5  7.6875
2.79798095710341  -43  -8.9375
5.94877749542052  -43.5  5.25
2.77957318764878  -43  4.0625
5.93650564911743  -43.5  9.75
