0.515417544729575  -46  3.25
3.63860242886474  -45.5  26
0.521553467881118  -45.5  5.25
3.62633058256166  -45.5  26
0.481669967396091  -46  13
0.518485506305347  -46  -1.1875
0.509281621578033  -46  6.5
0.506213660002262  -46  3.25
3.65087427516783  -45.5  13
0.484737928971863  -46  13
0.500077736850719  -46  5.25
0.484737928971863  -46  15
0.509281621578033  -46  6.5
0.506213660002262  -46  4.4375
0.509281621578033  -46  3.25
0.518485506305347  -46  1.1875
0.481669967396091  -46  16.25
0.500077736850719  -46  4.4375
0.506213660002262  -46  5.25
3.63860242886474  -45.5  17.0625
0.515417544729575  -45.5  2
0.512349583153804  -46  2
0.521553467881118  -45.5  2
0.518485506305347  -46  -1.1875
0.497009775274948  -46  6.5
0.506213660002262  -46  3.25
3.64473835201628  -45.5  8.9375
0.493941813699176  -46  8.5
3.63860242886474  -45.5  17.0625
3.6324665057132  -45.5  13
0.506213660002262  -46  3.25
0.50314569842649  -46  4.4375
0.50314569842649  -46  4.4375
0.493941813699176  -46  8.5
0.50314569842649  -45.5  7.6875
0.500077736850719  -46  7.6875
0.506213660002262  -45.5  4.4375
3.6539422367436  -45.5  0
0.50314569842649  -46  2
0.500077736850719  -46  3.25
0.493941813699176  -46  7.6875
3.63860242886474  -45.5  13
0.506213660002262  -46  5.25
3.61405873625857  -46  19.5
3.66314612147091  -45.5  4.0625
0.506213660002262  -46  10.9375
0.484737928971863  -46  15
0.509281621578033  -46  2
0.509281621578033  -46  6.5
0.509281621578033  -46  3.25
0.50314569842649  -46  9.75
0.512349583153804  -46  0
0.506213660002262  -46  4.4375
3.63860242886474  -45.5  21.9375
0.50314569842649  -46  -1.1875
0.500077736850719  -46  6.5
3.64473835201628  -45.5  8.9375
0.506213660002262  -45.5  -1.1875
0.506213660002262  -46  0
0.50314569842649  -46  2
0.506213660002262  -46  1.1875
0.497009775274948  -46  3.25
3.62019465941011  -45.5  21.9375
3.64473835201628  -45.5  8.9375
0.497009775274948  -46  2
3.63860242886474  -45.5  13
0.50314569842649  -46  3.25
0.497009775274948  -46  5.25
3.64473835201628  -45  13
0.512349583153804  -45.5  2
0.509281621578033  -46  3.25
0.512349583153804  -46  -1.1875
0.50314569842649  -46  4.4375
3.64167039044051  -45.5  3.25
0.493941813699176  -46  5.25
3.6324665057132  -45  26
0.506213660002262  -45.5  3.25
0.509281621578033  -46  2
0.497009775274948  -46  7.6875
0.509281621578033  -46  1.1875
0.497009775274948  -46  2
0.493941813699176  -46  6.5
0.50314569842649  -46  2
0.500077736850719  -46  5.25
0.512349583153804  -46  2
0.506213660002262  -46  1.1875
0.506213660002262  -46  6.5
0.509281621578033  -46  3.25
0.509281621578033  -46  2
3.6324665057132  -45.5  21.9375
0.500077736850719  -46  4.4375
0.490873852123405  -46  8.5
0.515417544729575  -45.5  -5.25
0.490873852123405  -46  7.6875
0.500077736850719  -46  1.1875
0.506213660002262  -46  2
0.500077736850719  -46  1.1875
0.50314569842649  -46  0
3.66314612147091  -45.5  -4.0625
0.490873852123405  -46  9.75
0.50314569842649  -45.5  6.5
0.515417544729575  -46  -4.4375
0.506213660002262  -46  0
0.506213660002262  -45.5  4.4375
0.50314569842649  -46  0
3.62019465941011  -45.5  21.9375
0.506213660002262  -46  4.4375
0.506213660002262  -46  0
3.64473835201628  -45.5  8.9375
0.497009775274948  -46  7.6875
0.506213660002262  -45.5  1.1875
0.493941813699176  -46  2
0.500077736850719  -46  1.1875
0.50314569842649  -46  0
3.61405873625857  -46  17.4375
0.500077736850719  -45.5  6.5
0.500077736850719  -46  1.1875
0.50314569842649  -45.5  3.25
0.50314569842649  -46  0
0.509281621578033  -45.5  -1.1875
0.493941813699176  -46  6.5
0.475534044244549  -45.5  16.25
0.509281621578033  -46  2
0.500077736850719  -46  5.25
0.493941813699176  -46  7.6875
3.65701019831937  -45.5  0
0.506213660002262  -45.5  3.25
0.50314569842649  -46  1.1875
3.65087427516783  -45.5  0
0.500077736850719  -45.5  5.25
0.50314569842649  -45.5  6.5
3.64473835201628  -45.5  8.9375
