5.92423380281435  -46  6.5
5.92423380281435  -46  11.75
5.9180978796628  -46  15
5.92730176439012  -46  13
5.91502991808703  -46  15
2.80411688025495  -46  -2
5.92423380281435  -46  16.25
5.92116584123858  -46  17.4375
2.80104891867918  -46  -4.4375
5.91196195651126  -46  11.75
5.91196195651126  -46  14.1875
5.92423380281435  -46  11.75
2.80104891867918  -46  -5.25
5.90889399493549  -46  14.1875
5.9395736106932  -46  1.1875
5.93650564911743  -46  3.25
5.92116584123858  -46  13
5.92423380281435  -46  10.9375
5.91196195651126  -46  16.25
5.91502991808703  -46  16.25
5.92730176439012  -46  9.75
2.80104891867918  -46  -6.5
2.77650522607301  -46  6.5
5.91502991808703  -46  13
2.78570911080032  -46  3.25
5.91502991808703  -46  10.9375
5.91502991808703  -46  13
5.90889399493549  -46  15
2.77650522607301  -46  3.25
5.90582603335972  -46  16.25
5.91196195651126  -46  14.1875
5.9395736106932  -45.5  -17.0625
5.90582603335972  -46  14.1875
5.89355418705663  -46  17.4375
5.90582603335972  -46  8.5
5.89969011020818  -46  9.75
5.90582603335972  -46  13
5.89048622548086  -46  17.4375
5.8966221486324  -46  16.25
5.89969011020818  -46  17.4375
2.7673013413457  -46  4.4375
5.90275807178395  -46  13
5.8966221486324  -46  15
5.90889399493549  -46  13
5.90889399493549  -46  16.25
5.8966221486324  -46  18.25
5.90582603335972  -46  14.1875
5.89969011020818  -46  16.25
5.90582603335972  -46  16.25
5.90582603335972  -46  13
5.92116584123858  -45.5  -8.9375
5.92116584123858  -45.5  -4.0625
5.89969011020818  -46  14.1875
5.89969011020818  -46  18.25
5.89969011020818  -46  17.4375
5.89355418705663  -46  17.4375
5.91196195651126  -46  10.9375
5.89969011020818  -46  15
5.90889399493549  -45.5  8.9375
2.78264114922455  -46  1.1875
5.90275807178395  -46  15
2.78570911080032  -46  -3.25
5.8966221486324  -46  16.25
5.90275807178395  -46  15
5.89355418705663  -46  17.4375
2.7887770723761  -46  -2
5.9180978796628  -46  2
5.89969011020818  -46  13
5.90275807178395  -46  14.1875
2.7673013413457  -46  6.5
5.92116584123858  -46  1.1875
2.79491299552764  -46  -4.4375
5.90889399493549  -46  14.1875
5.89969011020818  -46  14.1875
5.9395736106932  -45.5  -17.0625
5.91196195651126  -46  10.9375
5.94570953384475  -45.5  -17.0625
2.77957318764878  -46  2
2.79184503395187  -46  -4.4375
5.91502991808703  -46  13
5.90889399493549  -46  10.9375
2.7887770723761  -46  -5.25
5.92730176439012  -45.5  -13
5.90889399493549  -46  14.1875
5.93343768754166  -46  -2
5.89969011020818  -46  16.25
2.76423337976993  -46  9.75
5.90889399493549  -46  16.25
2.79491299552764  -46  -5.25
5.91196195651126  -46  15
2.79491299552764  -46  -2
5.90889399493549  -46  17.4375
5.90889399493549  -46  9.75
2.79184503395187  -46  -4.4375
5.90582603335972  -46  16.25
5.90275807178395  -46  16.25
5.90275807178395  -46  18.25
5.93650564911743  -46  -5.25
5.90582603335972  -46  16.25
5.92423380281435  -46  5.25
5.89355418705663  -46  18.25
5.89969011020818  -46  20.75
5.91502991808703  -46  13
2.78570911080032  -46  2
5.90582603335972  -46  13
5.90275807178395  -46  17.4375
5.90889399493549  -46  15
5.91196195651126  -46  14.1875
5.91196195651126  -46  17.4375
5.90889399493549  -46  15
5.90275807178395  -46  16.25
5.93650564911743  -46  1.1875
5.9395736106932  -45.5  -8.9375
2.79184503395187  -46  -1.1875
2.77036930292147  -46  6.5
2.79184503395187  -46  -1.1875
5.8966221486324  -46  14.1875
5.90275807178395  -46  15
5.91196195651126  -46  8.5
5.90889399493549  -46  10.9375
5.90275807178395  -46  14.1875
5.93343768754166  -45.5  -17.0625
5.90889399493549  -46  14.1875
5.91502991808703  -46  10.9375
2.77650522607301  -46  5.25
5.91502991808703  -46  11.75
5.90582603335972  -46  13
5.91196195651126  -46  16.25
5.8966221486324  -46  18.25
5.90275807178395  -46  14.1875
5.90889399493549  -46  13
5.90275807178395  -46  11.75
