0.0705631162427395  -41.5  13
0.128854386182394  -41.5  -13
0.0951068088489097  -41.5  17.4375
0.147262155637022  -41.5  -21.9375
0.107378655151995  -41.5  15
3.21829169298408  -41.5  9.75
0.122718463030851  -41.5  -13
0.104310693576224  -41.5  0
0.0736310778185108  -41.5  14.1875
0.104310693576224  -41.5  -4.0625
0.0705631162427395  -41.5  17.4375
0.134990309333936  -41.5  -30.0625
0.104310693576224  -41.5  -4.0625
0.0736310778185108  -41.5  14.1875
0.0705631162427395  -41.5  16.25
3.2366994624387  -41.5  4.4375
0.0705631162427395  -41.5  13
0.0736310778185108  -41.5  14.1875
0.0705631162427395  -41.5  17.4375
0.0674951546669682  -41.5  13
0.0797670009700533  -41.5  11.75
0.0828349625458246  -41.5  13
0.0797670009700533  -41.5  18.25
0.110446616727766  -41.5  -13
3.22135965455985  -41.5  10.9375
0.0705631162427395  -41.5  14.1875
0.110446616727766  -41.5  -8.9375
0.104310693576224  -41.5  -13
0.0736310778185108  -41.5  17.4375
0.128854386182394  -41.5  -17.0625
0.0705631162427395  -41.5  17.4375
0.104310693576224  -42  -4.0625
0.0613592315154256  -41.5  18.25
0.104310693576224  -41.5  -8.9375
3.23976742401447  -41.5  -3.25
0.104310693576224  -41.5  -4.0625
0.0674951546669682  -41.5  11.75
0.0766990393942821  -41.5  16.25
0.110446616727766  -41.5  -8.9375
0.116582539879309  -41.5  -8.9375
0.122718463030851  -41.5  -13
0.116582539879309  -41.5  -17.0625
0.122718463030851  -41.5  -17.0625
0.0705631162427395  -41.5  14.1875
0.0674951546669682  -41.5  16.25
0.0951068088489097  -41.5  5.25
0.101242732000452  -41.5  2
0.0766990393942821  -41.5  10.9375
0.0705631162427395  -41.5  15
0.098174770424681  -41.5  -8.9375
0.098174770424681  -41.5  0
0.0920388472731385  -41.5  -4.0625
0.0705631162427395  -41.5  17.4375
0.098174770424681  -41.5  -13
0.116582539879309  -41.5  -17.0625
0.104310693576224  -41.5  -17.0625
0.0674951546669682  -41.5  13
0.0859029241215959  -41.5  -8.9375
0.0705631162427395  -41.5  14.1875
0.0766990393942821  -41.5  13
0.128854386182394  -41.5  -30.0625
0.104310693576224  -41.5  -13
0.134990309333936  -41.5  -26
0.0920388472731385  -41.5  3.25
0.0797670009700533  -41.5  16.25
0.0951068088489097  -41.5  3.25
0.104310693576224  -41.5  0
0.0705631162427395  -41.5  11.75
0.0674951546669682  -41.5  16.25
0.104310693576224  -41.5  0
3.24590334716602  -41.5  -1.1875
0.0797670009700533  -41.5  15
0.0766990393942821  -41.5  15
0.0674951546669682  -41.5  16.25
0.116582539879309  -41.5  0
0.116582539879309  -41.5  -13
0.0797670009700533  -41.5  13
0.0766990393942821  -41.5  13
0.110446616727766  -41.5  -4.0625
0.0797670009700533  -41.5  14.1875
0.110446616727766  -41.5  -8.9375
0.0736310778185108  -41.5  13
0.0705631162427395  -41.5  19.5
3.24590334716602  -41.5  -3.25
0.104310693576224  -41.5  -13
0.107378655151995  -41.5  -1.1875
0.0828349625458246  -41.5  14.1875
0.0674951546669682  -41.5  15
0.0705631162427395  -41.5  15
0.0828349625458246  -41.5  15
0.0674951546669682  -41.5  15
0.116582539879309  -41.5  -8.9375
0.098174770424681  -41.5  -8.9375
0.116582539879309  -41.5  -21.9375
0.0828349625458246  -41.5  10.9375
0.0920388472731385  -41.5  6.5
0.110446616727766  -41.5  -13
3.23056353928716  -41.5  5.25
0.0674951546669682  -41.5  16.25
0.0797670009700533  -41.5  10.9375
3.23056353928716  -41.5  6.5
0.128854386182394  -41.5  -30.0625
0.0705631162427395  -41.5  16.25
0.0674951546669682  -41.5  14.1875
0.0674951546669682  -41.5  13
0.104310693576224  -41.5  -13
0.0674951546669682  -41.5  13
3.2152237314083  -41.5  13
0.101242732000452  -41.5  -3.25
0.0705631162427395  -41.5  13
0.0705631162427395  -41.5  15
0.0674951546669682  -41.5  17.4375
0.0644271930911969  -41.5  17.4375
0.0736310778185108  -41.5  16.25
0.0674951546669682  -41.5  11.75
0.0613592315154256  -41.5  17.4375
0.0644271930911969  -41.5  14.1875
0.0644271930911969  -41.5  15
0.0705631162427395  -41.5  15
0.104310693576224  -41.5  -8.9375
0.116582539879309  -41.5  -21.9375
0.0674951546669682  -41.5  14.1875
0.0766990393942821  -41.5  16.25
0.098174770424681  -41.5  -8.9375
0.0705631162427395  -41.5  14.1875
3.22749557771139  -41.5  2
0.0674951546669682  -41.5  15
0.110446616727766  -41.5  -17.0625
0.098174770424681  -41.5  1.1875
0.0736310778185108  -41.5  14.1875
0.107378655151995  -41.5  -1.1875
0.098174770424681  -41.5  -4.0625
