1.20264093770234  -42.5  2
1.19957297612657  -42.5  13
4.35957339917099  -42.5  5.25
1.20570889927811  -42.5  13
1.20264093770234  -42.5  13
1.1965050145508  -42.5  0
4.36570932232253  -42.5  0
1.21491278400543  -42  0
1.22104870715697  -42.5  8.5
4.36264136074676  -42.5  7.6875
1.23025259188428  -42.5  4.4375
1.22718463030851  -42  -26
1.24866036133891  -42.5  -4.4375
4.35957339917099  -42.5  4.4375
1.21491278400543  -42.5  14.1875
4.34116562971636  -42.5  11.75
4.36570932232253  -42.5  4.4375
1.22104870715697  -42.5  3.25
4.37491320704985  -42.5  2
4.36877728389831  -42.5  4.4375
4.34730155286791  -42.5  5.25
4.34730155286791  -42.5  2
1.19036909139926  -42.5  -4.0625
4.34116562971636  -42.5  8.5
1.19957297612657  -42.5  13
1.20877686085389  -42.5  9.75
1.20264093770234  -42  -13
4.34730155286791  -42.5  2
1.20570889927811  -42.5  8.5
4.35036951444368  -42.5  0
1.22718463030851  -42  -26
1.20570889927811  -42.5  -2
1.19957297612657  -42.5  10.9375
4.31662193711019  -42.5  16.25
4.34423359129214  -42.5  4.4375
1.1965050145508  -42.5  9.75
4.34116562971636  -42.5  5.25
1.22104870715697  -42.5  -26
4.32275786026174  -42.5  15
1.21491278400543  -42  -21.9375
4.35343747601945  -42.5  3.25
4.34730155286791  -42.5  4.4375
1.1965050145508  -42.5  13
4.35036951444368  -42.5  3.25
1.1965050145508  -42  0
1.20264093770234  -42.5  9.75
1.20877686085389  -42  -13
1.19036909139926  -42  4.0625
4.33809766814059  -42.5  8.5
1.19343705297503  -42.5  10.9375
1.18423316824771  -42.5  15
4.33502970656482  -42.5  7.6875
1.19036909139926  -42  -17.0625
1.1965050145508  -42.5  11.75
1.17809724509617  -42  4.0625
1.19036909139926  -42  -13
1.22718463030851  -42.5  -5.25
1.18423316824771  -42.5  0
4.34730155286791  -42.5  0
4.34730155286791  -42.5  1.1875
4.34116562971636  -42.5  4.4375
1.20264093770234  -42.5  8.5
1.22104870715697  -42  -17.0625
1.1965050145508  -42.5  -8.9375
4.34116562971636  -42.5  5.25
4.34730155286791  -42.5  2
1.20877686085389  -42  -17.0625
4.33502970656482  -42.5  8.5
4.35343747601945  -42.5  1.1875
4.34730155286791  -42.5  4.4375
1.20264093770234  -42  -17.0625
1.22718463030851  -42  -26
1.19957297612657  -42.5  14.1875
4.35036951444368  -42.5  -1.1875
4.35036951444368  -42.5  1.1875
4.35343747601945  -42.5  3.25
4.34730155286791  -42.5  1.1875
4.34423359129214  -42.5  2
1.19036909139926  -42.5  -13
4.35343747601945  -42.5  3.25
1.18730112982349  -42.5  17.4375
4.35343747601945  -42.5  0
1.1965050145508  -42.5  13
1.20877686085389  -42  -4.0625
4.34116562971636  -42.5  7.6875
4.34423359129214  -42.5  0
4.34730155286791  -42.5  4.4375
1.19343705297503  -42.5  14.1875
4.35343747601945  -42.5  1.1875
1.20264093770234  -42.5  4.4375
1.1965050145508  -42  0
1.1965050145508  -42.5  11.75
1.19957297612657  -42.5  11.75
4.35650543759522  -42.5  -1.1875
4.35036951444368  -42.5  3.25
1.20264093770234  -42  -8.9375
4.35036951444368  -42.5  6.5
1.21491278400543  -42  -4.0625
1.20570889927811  -42.5  8.5
4.34730155286791  -42.5  5.25
4.35650543759522  -42.5  4.4375
1.2179807455812  -42.5  0
4.35036951444368  -42.5  5.25
1.20570889927811  -42.5  13
4.35650543759522  -42.5  1.1875
4.32582582183751  -42.5  19.5
1.22104870715697  -42  -17.0625
4.36877728389831  -42.5  2
1.22718463030851  -42.5  1.1875
4.35957339917099  -42.5  3.25
4.36877728389831  -42.5  1.1875
1.22104870715697  -42  -13
4.36877728389831  -42.5  3.25
4.35957339917099  -42.5  7.6875
1.21491278400543  -42.5  15
1.22718463030851  -42  -4.0625
4.34423359129214  -42.5  14.1875
4.35343747601945  -42.5  9.75
1.22104870715697  -42.5  10.9375
4.35343747601945  -42.5  14.1875
1.22104870715697  -42  -8.9375
1.22104870715697  -42  -13
1.22411666873274  -42.5  6.5
4.38104913020139  -42.5  1.1875
1.23332055346006  -42  -17.0625
4.37798116862562  -42.5  2
4.36877728389831  -42.5  5.25
1.21491278400543  -42.5  13
4.37491320704985  -42.5  0
1.22718463030851  -42.5  5.25
4.36570932232253  -42.5  8.5
1.22104870715697  -42.5  9.75
