4.03743743371501  -42.5  3.25
0.883572933822129  -42.5  19.5
4.05277724159386  -42.5  2
4.04970928001809  -42.5  4.4375
0.880504972246358  -42.5  17.4375
0.898912741700986  -42.5  13
0.9081166264283  -42.5  13
0.9081166264283  -42.5  11.75
0.898912741700986  -42.5  14.1875
0.898912741700986  -42.5  19.5
4.07118501104849  -42.5  0
4.05584520316964  -42.5  3.25
4.05584520316964  -42.5  4.4375
0.892776818549443  -42.5  18.25
0.905048664852528  -42.5  10.9375
4.04970928001809  -42.5  6.5
0.877437010670587  -42.5  26
4.05277724159386  -42.5  0
0.914252549579842  -42.5  4.0625
4.04357335686655  -42.5  6.5
0.9081166264283  -42.5  4.0625
0.892776818549443  -42.5  15
0.901980703276757  -42.5  9.75
0.889708856973672  -42.5  21.5625
0.886640895397901  -42.5  16.25
0.901980703276757  -42.5  8.9375
0.901980703276757  -42.5  -4.0625
0.871301087519044  -42.5  18.25
0.895844780125214  -42.5  0
0.914252549579842  -42.5  -8.9375
0.901980703276757  -42.5  -4.0625
4.04050539529078  -42.5  1.1875
0.883572933822129  -42.5  8.9375
0.889708856973672  -43  0
0.895844780125214  -42.5  4.0625
0.859029241215959  -42.5  17.4375
0.877437010670587  -42.5  8.9375
4.03130151056347  -42.5  5.25
0.895844780125214  -42.5  -8.9375
0.883572933822129  -42.5  4.4375
4.03436947213924  -42.5  -1.1875
4.03436947213924  -42.5  4.4375
0.877437010670587  -42.5  13
0.871301087519044  -42.5  14.1875
0.871301087519044  -42.5  17.0625
0.865165164367502  -42.5  18.25
0.883572933822129  -42.5  1.1875
0.874369049094815  -42.5  10.9375
0.86209720279173  -42.5  15
4.0067578179573  -42.5  11.75
4.02823354898769  -42.5  6.5
0.889708856973672  -42.5  -4.0625
4.02823354898769  -42.5  5.25
0.859029241215959  -42.5  21.5625
0.855961279640188  -42.5  16.25
4.02823354898769  -42.5  4.4375
0.877437010670587  -42.5  8.9375
4.02516558741192  -42.5  4.4375
0.868233125943273  -42.5  14.1875
3.99448597165421  -42.5  17.4375
0.86209720279173  -42.5  16.25
4.02516558741192  -42.5  4.4375
4.01902966426038  -42.5  5.25
0.871301087519044  -42.5  4.0625
0.883572933822129  -42.5  4.0625
0.901980703276757  -42.5  -13
0.877437010670587  -42.5  4.0625
0.883572933822129  -42.5  4.0625
0.865165164367502  -42.5  13
0.868233125943273  -42.5  11.75
0.883572933822129  -42.5  8.9375
4.02516558741192  -42.5  -1.1875
0.877437010670587  -43  8.9375
3.99755393322998  -42.5  15
3.99448597165421  -42.5  15
0.877437010670587  -42.5  8.5
0.859029241215959  -42.5  17.4375
4.02516558741192  -42.5  2
4.02209762583615  -42.5  4.4375
4.02516558741192  -42.5  3.25
0.865165164367502  -42.5  14.1875
0.86209720279173  -42.5  10.9375
0.901980703276757  -42.5  -13
4.03130151056347  -42.5  2
0.852893318064416  -42.5  14.1875
4.02516558741192  -42.5  3.25
0.877437010670587  -42.5  0
4.01902966426038  -42.5  4.4375
0.901980703276757  -42.5  -13
0.852893318064416  -42.5  14.1875
0.883572933822129  -43  -4.0625
0.859029241215959  -42.5  16.25
0.883572933822129  -43  -8.9375
0.846757394912874  -42.5  17.4375
0.883572933822129  -42.5  -4.0625
4.02516558741192  -42.5  -1.1875
4.02209762583615  -42.5  3.25
0.859029241215959  -42.5  24
0.877437010670587  -43  4.0625
0.871301087519044  -42.5  15
0.877437010670587  -42.5  8.9375
0.868233125943273  -42.5  22.75
0.877437010670587  -43  -4.0625
4.02516558741192  -42.5  6.5
0.883572933822129  -42.5  4.0625
0.86209720279173  -42.5  15
0.901980703276757  -42.5  -8.9375
0.877437010670587  -43  0
4.03130151056347  -42.5  3.25
0.871301087519044  -42.5  16.25
0.871301087519044  -43  4.0625
0.889708856973672  -42.5  0
4.02516558741192  -43  6.5
0.889708856973672  -42.5  0
4.03436947213924  -43  0
4.02823354898769  -43  7.6875
4.04357335686655  -43  -3.25
0.874369049094815  -42.5  14.1875
4.01289374110884  -43  14.1875
0.874369049094815  -42.5  21.5625
0.889708856973672  -42.5  8.9375
4.03130151056347  -42.5  8.5
0.877437010670587  -42.5  13
4.04357335686655  -42.5  3.25
4.04357335686655  -42.5  3.25
0.883572933822129  -42.5  15
4.04050539529078  -43  6.5
4.03743743371501  -42.5  4.4375
4.03436947213924  -43  6.5
0.920388472731385  -42.5  -13
4.02516558741192  -42.5  10.9375
4.04970928001809  -42.5  1.1875
