4.31355397553442  -40  2
4.33809766814059  -40  5.25
4.34423359129214  -40  2
1.20264093770234  -40  0
4.35036951444368  -40  -2
4.35343747601945  -40  2
1.19957297612657  -40  11.75
1.20264093770234  -40  9.75
4.34423359129214  -40  0
1.17196132194463  -40  13
1.20877686085389  -40  -13
4.36264136074676  -40  1.1875
4.35957339917099  -40  -1.1875
4.34730155286791  -40  2
1.20877686085389  -40  -8.9375
4.34423359129214  -40  2
4.33196174498905  -40  7.6875
4.35957339917099  -40  -2
4.35036951444368  -40  0
4.34423359129214  -40  4.4375
1.1965050145508  -40  -4.0625
4.34116562971636  -40  2
1.18423316824771  -39.5  4.0625
1.1965050145508  -40  -13
4.28901028292825  -40  11.75
1.16889336036886  -40  9.75
1.16275743721732  -40  10.9375
4.33502970656482  -40  -2
1.16889336036886  -40  13
4.32275786026174  -40  -2
4.32275786026174  -40  2
1.17809724509617  -40  6.5
1.17196132194463  -40  5.25
1.17196132194463  -40  -8.9375
4.30435009080711  -40  11.75
1.18423316824771  -40  2
4.31968989868597  -40  3.25
4.32889378341328  -40  -1.1875
4.31662193711019  -40  1.1875
4.32889378341328  -40  -1.1875
1.17196132194463  -40  -4.0625
1.1750292835204  -40  7.6875
1.17196132194463  -40  8.5
4.32275786026174  -40  1.1875
1.16889336036886  -40  9.75
4.32275786026174  -40  -1.1875
4.31968989868597  -40  3.25
1.17196132194463  -40  9.75
1.1750292835204  -40  9.75
4.32582582183751  -40  4.4375
1.1750292835204  -40  8.5
4.32275786026174  -40  0
4.29514620607979  -40  16.25
4.31968989868597  -40  1.1875
4.32275786026174  -40  1.1875
1.16582539879309  -40  11.75
4.32889378341328  -40  -3.25
4.33196174498905  -40  -2
1.17196132194463  -40  -4.0625
1.17196132194463  -39.5  0
1.17196132194463  -40  8.5
1.1750292835204  -40  4.4375
4.32582582183751  -40  -1.1875
4.32889378341328  -40  -2
1.16889336036886  -40  9.75
1.16582539879309  -40  13
4.32275786026174  -40  2
1.18116520667194  -40  4.4375
4.32275786026174  -40  2
4.31968989868597  -40  3.25
1.16582539879309  -40  14.1875
1.17809724509617  -40  -21.9375
4.31048601395865  -40  6.5
1.17809724509617  -40  -13
4.31662193711019  -40  0
1.16582539879309  -39.5  -4.0625
4.30435009080711  -40  10.9375
1.17196132194463  -39.5  0
4.31662193711019  -40  2
4.31355397553442  -40  -1.1875
4.31355397553442  -40  1.1875
4.31662193711019  -40  -1.1875
4.31662193711019  -40  0
1.16275743721732  -40  10.9375
4.29207824450402  -40  13
4.32275786026174  -40  2
4.31662193711019  -40  2
4.31662193711019  -40  0
1.15968947564154  -39.5  0
1.16582539879309  -40  8.5
1.14128170618692  -40  8.9375
4.32275786026174  -40  1.1875
4.31968989868597  -40  -1.1875
1.15355355249  -40  13
1.15968947564154  -40  0
4.30741805238288  -40  5.25
1.15968947564154  -39.5  0
1.1750292835204  -40  1.1875
1.16582539879309  -40  9.75
1.17196132194463  -39.5  -4.0625
1.14741762933846  -40  0
4.31968989868597  -40  1.1875
1.15355355249  -40  4.0625
1.16582539879309  -39.5  -4.0625
4.29821416765557  -40  11.75
1.15355355249  -40  -4.0625
4.31662193711019  -40  0
4.31662193711019  -40  0
1.16275743721732  -40  9.75
1.17196132194463  -39.5  -4.0625
1.16582539879309  -40  8.9375
4.33196174498905  -40  0
1.16582539879309  -40  0
4.32275786026174  -40  -1.1875
1.16275743721732  -40  7.6875
1.16889336036886  -40  10.9375
4.31662193711019  -40  2
4.30741805238288  -40  8.5
4.32889378341328  -40  0
1.17809724509617  -39.5  0
1.16889336036886  -40  10.9375
4.32889378341328  -40  3.25
4.32889378341328  -40  0
4.32889378341328  -40  -1.1875
1.15968947564154  -39.5  13
4.31968989868597  -40  2
4.32582582183751  -40  -1.1875
4.32275786026174  -40  3.25
1.18116520667194  -40  2
4.32582582183751  -40  2
1.16582539879309  -40  0
4.31662193711019  -40  2
