0.147262155637022  -48  8.5
0.162601963515878  -48  3.25
3.33180627128761  -47.5  0
3.30726257868144  -47.5  26
0.147262155637022  -48  15
0.165669925091649  -48  5.25
0.159534001940107  -48  9.75
0.159534001940107  -48  6.5
0.156466040364335  -48  8.5
0.156466040364335  -48  7.6875
3.33180627128761  -47.5  0
0.159534001940107  -48  10.9375
0.150330117212793  -48  11.75
3.31339850183298  -47.5  13
0.168737886667421  -48  8.5
0.168737886667421  -48  -1.1875
0.159534001940107  -48  3.25
3.31953442498453  -48  21.9375
0.162601963515878  -48  2
3.31339850183298  -48  17.0625
0.162601963515878  -48  5.25
0.159534001940107  -48  8.5
3.29499073237836  -47.5  26
0.141126232485479  -48  10.9375
0.159534001940107  -48  6.5
0.134990309333936  -48  13
0.165669925091649  -48  1.1875
0.159534001940107  -48  7.6875
0.153398078788564  -48  9.75
0.153398078788564  -48  9.75
0.162601963515878  -48  8.5
0.138058270909708  -48  16.25
3.29192277080259  -48  11.75
0.156466040364335  -48  4.4375
0.153398078788564  -48  6.5
0.153398078788564  -48  14.1875
0.159534001940107  -48  5.25
0.156466040364335  -48  6.5
0.159534001940107  -48  6.5
0.134990309333936  -48  16.25
0.159534001940107  -48  8.5
3.31339850183298  -47.5  13
3.31339850183298  -47.5  8.9375
0.150330117212793  -48  10.9375
0.153398078788564  -48  9.75
3.30726257868144  -48  26
0.147262155637022  -48  13
0.147262155637022  -48  15
0.171805848243192  -48  2
0.153398078788564  -48  8.5
0.165669925091649  -48  6.5
3.29499073237836  -48  8.5
0.141126232485479  -48  15
0.159534001940107  -48  5.25
0.171805848243192  -48  0
0.159534001940107  -48  7.6875
3.29499073237836  -48  6.5
0.159534001940107  -48  11.75
0.159534001940107  -48  5.25
0.138058270909708  -48  18.25
0.141126232485479  -48  17.4375
0.159534001940107  -48  5.25
0.141126232485479  -48  14.1875
0.159534001940107  -48  6.5
0.14419419406125  -48  15
0.156466040364335  -48  4.4375
3.32567034813607  -47.5  4.0625
0.159534001940107  -48  1.1875
0.153398078788564  -48  8.5
0.153398078788564  -48  8.5
0.147262155637022  -48  5.25
0.14419419406125  -48  10.9375
0.141126232485479  -48  10.9375
0.156466040364335  -48  5.25
0.150330117212793  -48  8.5
0.156466040364335  -48  7.6875
0.128854386182394  -48  20.75
0.159534001940107  -48  1.1875
0.131922347758165  -48  13
0.153398078788564  -48  5.25
0.156466040364335  -48  6.5
0.162601963515878  -48  4.4375
0.128854386182394  -48  18.25
0.150330117212793  -48  4.4375
0.141126232485479  -48  13
0.147262155637022  -48  6.5
0.150330117212793  -48  9.75
0.14419419406125  -48  10.9375
0.147262155637022  -48  10.9375
0.147262155637022  -48  7.6875
0.153398078788564  -48  7.6875
0.153398078788564  -48  3.25
0.153398078788564  -48  5.25
0.153398078788564  -48  4.4375
0.150330117212793  -48  8.5
0.150330117212793  -48  3.25
0.150330117212793  -48  5.25
3.3011266555299  -48  17.0625
0.165669925091649  -48  -2
0.153398078788564  -48  5.25
0.156466040364335  -48  0
0.147262155637022  -48  8.5
0.147262155637022  -48  7.6875
0.14419419406125  -48  10.9375
0.162601963515878  -48  5.25
0.156466040364335  -48  8.5
0.156466040364335  -48  7.6875
0.141126232485479  -48  11.75
0.156466040364335  -48  3.25
0.14419419406125  -48  10.9375
0.153398078788564  -48  7.6875
0.138058270909708  -48  13
0.150330117212793  -48  7.6875
0.14419419406125  -48  9.75
0.159534001940107  -48  4.4375
0.159534001940107  -48  9.75
0.159534001940107  -48  4.4375
0.159534001940107  -48  2
0.138058270909708  -48  16.25
0.147262155637022  -48  7.6875
0.162601963515878  -48  -1.1875
0.150330117212793  -48  13
0.141126232485479  -48  13
0.150330117212793  -48  4.4375
0.14419419406125  -48  9.75
0.150330117212793  -48  5.25
0.156466040364335  -48  6.5
0.14419419406125  -48  15
0.147262155637022  -48  10.9375
0.14419419406125  -48  9.75
0.159534001940107  -48  1.1875
0.153398078788564  -48  5.25
