0.181009732970506  -41.5  16.25
0.251572849213245  -41  -4.0625
0.257708772364788  -41.5  -4.0625
0.223961195031304  -41.5  16.25
0.205553425576676  -41.5  15
0.23930100291016  -41  -13
0.193281579273591  -41.5  17.4375
0.233165079758617  -41  -17.0625
0.205553425576676  -41.5  9.75
3.3655538486211  -41.5  -3.25
3.33487423286338  -41.5  9.75
0.220893233455532  -41.5  -4.0625
3.35021404074224  -41.5  4.4375
0.233165079758617  -41  -8.9375
0.233165079758617  -41  -13
0.227029156607075  -41  -8.9375
0.227029156607075  -41.5  0
0.233165079758617  -41.5  -4.0625
0.202485464000905  -41.5  14.1875
0.223961195031304  -41.5  1.1875
0.227029156607075  -41.5  -4.0625
3.36248588704533  -41.5  -3.25
0.227029156607075  -41.5  -8.9375
0.196349540849362  -41.5  15
0.233165079758617  -41  -4.0625
0.220893233455532  -41.5  0
0.23930100291016  -41  -13
0.220893233455532  -41.5  0
0.23930100291016  -41.5  -13
0.245436926061703  -41.5  -21.9375
0.23930100291016  -41.5  -8.9375
0.233165079758617  -41.5  -13
0.202485464000905  -41.5  14.1875
3.33487423286338  -41.5  14.1875
0.202485464000905  -41.5  18.25
0.23930100291016  -41.5  -8.9375
0.257708772364788  -41.5  -17.0625
0.257708772364788  -41.5  -13
0.251572849213245  -41  -17.0625
3.38089365649995  -41.5  -4.4375
0.23930100291016  -41  -8.9375
0.245436926061703  -41  -8.9375
3.3655538486211  -41.5  0
0.220893233455532  -41.5  0
0.205553425576676  -41.5  10.9375
0.245436926061703  -41.5  -8.9375
0.211689348728218  -41.5  14.1875
0.23930100291016  -41  0
0.199417502425133  -41.5  14.1875
0.23930100291016  -41  0
0.233165079758617  -41  0
3.33794219443916  -41.5  10.9375
0.199417502425133  -41.5  6.5
0.205553425576676  -41.5  9.75
0.23930100291016  -41.5  -30.0625
3.35634996389378  -41.5  0
0.227029156607075  -41.5  -21.9375
0.184077694546277  -41.5  17.4375
0.233165079758617  -41.5  -8.9375
0.193281579273591  -41.5  15
0.23930100291016  -41  -8.9375
0.233165079758617  -41.5  -13
0.233165079758617  -41.5  -8.9375
0.220893233455532  -41.5  -4.0625
0.23930100291016  -41.5  -17.0625
0.227029156607075  -41.5  -8.9375
0.23930100291016  -41.5  -13
0.23930100291016  -41  -13
0.202485464000905  -41.5  14.1875
0.196349540849362  -41.5  14.1875
0.199417502425133  -41.5  14.1875
0.23930100291016  -41.5  -8.9375
0.245436926061703  -41.5  -4.0625
0.251572849213245  -41  -13
0.202485464000905  -41.5  15
0.251572849213245  -41.5  -8.9375
0.257708772364788  -41.5  -17.0625
0.257708772364788  -41.5  -17.0625
0.23930100291016  -41  -4.0625
0.257708772364788  -41  -21.9375
0.205553425576676  -41.5  16.25
0.233165079758617  -41  0
0.193281579273591  -41.5  17.4375
0.202485464000905  -41.5  15
0.193281579273591  -41.5  20.75
0.233165079758617  -41  -13
0.217825271879761  -41.5  5.25
0.251572849213245  -41.5  -17.0625
0.227029156607075  -41.5  0
0.233165079758617  -41.5  -4.0625
3.36862181019687  -41.5  -2
0.187145656122048  -41.5  17.4375
0.21475731030399  -41  4.0625
0.181009732970506  -41.5  15
0.23930100291016  -41  -13
0.220893233455532  -41.5  -8.9375
0.202485464000905  -41.5  0
0.233165079758617  -41  -13
0.208621387152447  -41.5  8.9375
0.227029156607075  -41.5  -8.9375
0.251572849213245  -41  -17.0625
0.245436926061703  -41.5  -17.0625
3.36248588704533  -41.5  3.25
0.211689348728218  -41.5  14.1875
0.223961195031304  -41.5  4.4375
0.208621387152447  -41.5  16.25
0.233165079758617  -41.5  0
0.23930100291016  -41  4.0625
0.23930100291016  -41.5  -8.9375
0.23930100291016  -41.5  -4.0625
0.257708772364788  -41  -8.9375
0.208621387152447  -41.5  16.25
0.23930100291016  -41  0
0.21475731030399  -41.5  7.6875
3.36248588704533  -41.5  1.1875
0.251572849213245  -41.5  -21.9375
0.233165079758617  -41  -4.0625
0.23930100291016  -41.5  -13
0.233165079758617  -41  -8.9375
0.233165079758617  -41.5  -8.9375
0.220893233455532  -41.5  -4.0625
0.196349540849362  -41.5  13
0.205553425576676  -41.5  11.75
0.251572849213245  -41  -21.9375
0.202485464000905  -41.5  17.4375
0.23930100291016  -41.5  -13
0.208621387152447  -41.5  9.75
0.220893233455532  -41.5  0
0.23930100291016  -41.5  -21.9375
3.34101015601493  -41.5  5.25
0.233165079758617  -41  -8.9375
3.32567034813607  -41.5  10.9375
