1.31922347758165  -45.5  0
1.32229143915742  -45  2
1.33763124703628  -45.5  -1.1875
1.31001959285434  -45.5  13
4.47308797747453  -45  21.9375
1.34069920861205  -45  0
1.34069920861205  -45.5  -4.4375
1.33149532388474  -45  4.4375
1.32842736230897  -45.5  2
1.33149532388474  -45.5  0
4.47922390062607  -45  -13
1.33456328546051  -45  -1.1875
4.46695205432299  -45  8.9375
4.46695205432299  -45  0
4.47308797747453  -45  13
4.45774816959567  -45  13
4.47922390062607  -45  4.0625
1.33763124703628  -45.5  -2
1.31922347758165  -45  7.6875
4.46695205432299  -45  21.9375
1.32842736230897  -45  2
1.33763124703628  -45  -1.1875
4.46081613117144  -45  -4.0625
1.33149532388474  -45.5  -5.25
1.28854386182394  -45.5  14.1875
1.32535940073319  -45.5  2
1.29774774655125  -45.5  10.9375
4.43013651541373  -45  26
1.32535940073319  -45.5  -4.4375
1.31308755443011  -45.5  3.25
1.32535940073319  -45.5  -5.25
4.46695205432299  -45  -17.0625
1.31001959285434  -45.5  2
4.43627243856527  -45  17.0625
1.30695163127857  -45.5  5.25
4.4546802080199  -45  8.9375
4.44854428486836  -45  -4.0625
1.31615551600588  -45.5  0
4.4546802080199  -45  13
1.31922347758165  -45.5  1.1875
4.44240836171682  -45.5  8.5
4.43627243856527  -45  11.75
4.46081613117144  -45  -8.9375
4.44547632329259  -45.5  7.6875
1.30695163127857  -45.5  5.25
4.46081613117144  -45  -13
1.30081570812702  -45  2
4.44854428486836  -45  -8.9375
4.44240836171682  -45  8.9375
1.31615551600588  -45.5  -1.1875
4.44240836171682  -45  0
4.4332044769895  -45  11.75
4.4117287459591  -45  8.9375
4.43627243856527  -45  8.9375
1.28547590024817  -45.5  16.25
4.41786466911065  -45  34.9375
1.31001959285434  -45.5  9.75
1.31922347758165  -45.5  0
4.4546802080199  -45  0
1.31922347758165  -45.5  0
4.43627243856527  -45  13
1.30695163127857  -45.5  -3.25
4.46081613117144  -45  -8.9375
1.30695163127857  -45.5  -2
4.44854428486836  -45  -8.9375
4.44854428486836  -45  -8.9375
4.46081613117144  -45  8.9375
4.43627243856527  -45  0
1.27933997709662  -45.5  18.25
4.44240836171682  -45  21.9375
4.44854428486836  -45  0
4.44240836171682  -45  30.0625
4.45161224644413  -45  10.9375
4.4546802080199  -45  4.0625
4.44854428486836  -45  -8.9375
4.42400059226219  -45  26
1.31001959285434  -45  0
4.42400059226219  -45  -8.9375
4.39945689965602  -45  8.9375
1.30081570812702  -45.5  1.1875
1.29161182339971  -45.5  4.4375
1.29774774655125  -45.5  3.25
4.41786466911065  -45.5  20.75
1.31308755443011  -45.5  9.75
1.33149532388474  -45.5  3.25
1.34069920861205  -45.5  -2
1.34683513176359  -45.5  -7.6875
1.34376717018782  -45.5  3.25
1.33763124703628  -45  7.6875
1.34069920861205  -45  5.25
4.48535982377761  -45  -4.0625
4.4546802080199  -45  26
4.46388409274722  -45  14.1875
1.34069920861205  -45  0
4.49149574692916  -45  -4.0625
1.34376717018782  -45.5  1.1875
1.32842736230897  -45.5  15
1.36524290121822  -45.5  -8.5
4.49149574692916  -45  -8.9375
4.47308797747453  -45  4.0625
1.31308755443011  -45.5  5.25
1.32535940073319  -45.5  1.1875
4.48535982377761  -45  -4.0625
1.33149532388474  -45.5  4.4375
4.46695205432299  -45  26
1.35297105491514  -45.5  -2
4.50990351638379  -45  17.0625
4.52831128583841  -45  8.9375
1.40819436327902  -45  3.25
4.55285497844458  -45.5  17.0625
1.3989904785517  -45.5  4.4375
1.38671863224862  -45.5  7.6875
1.3989904785517  -45.5  -1.1875
1.38978659382439  -45.5  -3.25
4.52831128583841  -45  13
1.39592251697593  -45.5  4.4375
1.40205844012748  -45.5  4.4375
4.52217536268687  -45.5  39
1.38058270909708  -45  0
4.50376759323224  -45  4.0625
1.33149532388474  -45  -4.4375
4.43627243856527  -45  21.9375
1.31922347758165  -45  -3.25
4.43013651541373  -45  17.0625
4.47308797747453  -45  0
4.4976316700807  -45.5  -4.0625
1.35297105491514  -45.5  -2
4.48535982377761  -45  26
4.51603943953533  -45  8.9375
1.36524290121822  -45.5  -2
4.50990351638379  -45  -8.9375
4.50990351638379  -45  4.0625
