0.0184077694546277  -41  9.75
3.18147615407482  -41  2
0.042951462060798  -41  10.9375
0.0460194236365692  -41  8.5
0.0460194236365692  -41  9.75
0.0398835004850267  -41  14.1875
0.0736310778185108  -41  -17.0625
0.042951462060798  -41  9.75
0.0674951546669682  -41  -13
0.042951462060798  -41  13
0.0398835004850267  -41  13
0.0460194236365692  -41  9.75
0.0674951546669682  -41  -4.0625
0.0368155389092554  -41  11.75
0.0613592315154256  -41  -8.9375
0.0398835004850267  -41  8.5
0.0398835004850267  -41  10.9375
0.0306796157577128  -41  11.75
0.0613592315154256  -41  -4.0625
0.0521553467881118  -41  4.4375
0.0674951546669682  -41  -17.0625
0.0398835004850267  -41  9.75
0.0552233083638831  -41  -8.9375
0.0552233083638831  -41  0
0.00920388472731385  -41  14.1875
0.0153398078788564  -41  8.5
0.0368155389092554  -41.5  -17.0625
0.0153398078788564  -41  10.9375
0.0184077694546277  -41  8.5
0.0153398078788564  -41  7.6875
0.0122718463030851  -41  9.75
0.0306796157577128  -41.5  -8.9375
0.0153398078788564  -41  7.6875
0.021475731030399  -41  8.5
0.00613592315154256  -41  15
0.0276116541819415  -41  0
0.0122718463030851  -41  11.75
0.0153398078788564  -41  6.5
0.00920388472731385  -41  13
0.0153398078788564  -41  7.6875
0.00613592315154256  -41  9.75
0.0276116541819415  -41  5.25
0.00920388472731385  -41  10.9375
0.0153398078788564  -41  8.5
0.0184077694546277  -41  6.5
0.0368155389092554  -41.5  -13
0.0153398078788564  -41  10.9375
0.0122718463030851  -41  10.9375
0.0306796157577128  -41.5  0
0.0153398078788564  -41  9.75
0.0276116541819415  -41  1.1875
0.021475731030399  -41  9.75
0.0153398078788564  -41  9.75
0.0122718463030851  -41  11.75
0.0368155389092554  -41  -4.0625
0.00920388472731385  -41  15
0.021475731030399  -41  11.75
0.0552233083638831  -41  -17.0625
0.0122718463030851  -41  11.75
0.0184077694546277  -41  11.75
0.021475731030399  -41  9.75
3.16613634619596  -41  0
0.0245436926061703  -41  8.5
0.0153398078788564  -41  15
0.0153398078788564  -41  11.75
0.021475731030399  -41  8.5
0.021475731030399  -41  7.6875
0.0245436926061703  -41  9.75
0.042951462060798  -41.5  -13
0.0184077694546277  -41  8.5
0.0368155389092554  -41.5  -8.9375
0.0245436926061703  -41  9.75
0.0276116541819415  -41  5.25
0.0184077694546277  -41  9.75
0.021475731030399  -41  6.5
0.0122718463030851  -41  9.75
0.021475731030399  -41  9.75
0.0184077694546277  -41  8.5
0.021475731030399  -41  10.9375
0.021475731030399  -41  11.75
0.00613592315154256  -41  11.75
0.0153398078788564  -41  11.75
0.021475731030399  -41  11.75
0.0153398078788564  -41  9.75
0.0122718463030851  -41  11.75
0.0306796157577128  -41  -4.0625
0.00920388472731385  -41  11.75
0.00613592315154256  -41  13
0.0122718463030851  -41  13
0.042951462060798  -41  -13
0.0153398078788564  -41  9.75
0.0184077694546277  -41  6.5
0.0184077694546277  -41  7.6875
0.00613592315154256  -41  13
0  -41  9.75
0  -41  13
6.27704938402804  -41  13
0.0245436926061703  -41  -8.9375
0  -41  9.75
0  -41  9.75
0.00306796157577128  -41  11.75
0.00920388472731385  -41  7.6875
0.00920388472731385  -41  7.6875
6.26477753772496  -41  16.25
6.27704938402804  -41  10.9375
0.00920388472731385  -41  0
0.0306796157577128  -41.5  -13
6.27398142245227  -41  18.25
0.00613592315154256  -41  3.25
0.00613592315154256  -41.5  -8.9375
6.27398142245227  -41  13
6.2709134608765  -41  16.25
0.0122718463030851  -41.5  4.0625
6.27704938402804  -41  24
0.0184077694546277  -41.5  -4.0625
0.0306796157577128  -41  -4.0625
0.00920388472731385  -41  8.5
0.00920388472731385  -41  7.6875
0.0122718463030851  -41  8.5
0.00306796157577128  -41  9.75
0.00306796157577128  -41  10.9375
0.00306796157577128  -41  14.1875
0.00306796157577128  -41  14.1875
0.0368155389092554  -41.5  -21.9375
0.00306796157577128  -41  11.75
0.0184077694546277  -41  -4.0625
0  -41  9.75
6.28011734560381  -41  13
0.0184077694546277  -41  8.5
3.18147615407482  -41  -1.1875
0.021475731030399  -41  11.75
0.021475731030399  -41  9.75
