0.122718463030851  -40.5  14.1875
0.11965050145508  -40.5  13
0.153398078788564  -40  -4.0625
0.11965050145508  -40.5  21.5625
0.131922347758165  -40.5  14.1875
3.29192277080259  -40.5  -3.25
3.31033054025721  -40.5  -5.25
0.125786424606623  -40.5  17.4375
0.122718463030851  -40.5  16.25
0.134990309333936  -40.5  14.1875
0.159534001940107  -40  -8.9375
0.11965050145508  -40.5  20.75
0.134990309333936  -40.5  10.9375
0.134990309333936  -40.5  21.5625
0.138058270909708  -40.5  13
0.159534001940107  -40  -4.0625
0.128854386182394  -40.5  19.5
0.138058270909708  -40.5  13
3.26431111662064  -40.5  13
0.159534001940107  -40  -4.0625
0.125786424606623  -40.5  13
0.122718463030851  -40.5  15
0.134990309333936  -40.5  14.1875
0.125786424606623  -40.5  13
0.128854386182394  -40.5  17.4375
0.153398078788564  -40.5  1.1875
0.141126232485479  -40  -17.0625
3.2796509244995  -40.5  -1.1875
0.107378655151995  -40.5  14.1875
0.0951068088489097  -40.5  17.4375
0.107378655151995  -40.5  13
0.116582539879309  -40.5  11.75
0.107378655151995  -40.5  13
0.110446616727766  -40.5  11.75
0.153398078788564  -40  -21.9375
0.107378655151995  -40.5  21.5625
0.171805848243192  -40  -34.9375
0.107378655151995  -40.5  15
0.147262155637022  -40  -8.9375
0.101242732000452  -40.5  14.1875
0.110446616727766  -40.5  11.75
0.101242732000452  -40.5  9.75
0.098174770424681  -40.5  18.25
0.110446616727766  -40.5  11.75
0.141126232485479  -40  -13
0.107378655151995  -40.5  13
0.113514578303537  -40.5  11.75
0.141126232485479  -40  -4.0625
0.107378655151995  -40.5  15
0.116582539879309  -40.5  11.75
0.098174770424681  -40.5  13
0.11965050145508  -40.5  9.75
0.122718463030851  -40.5  8.5
0.104310693576224  -40.5  15
0.116582539879309  -40.5  9.75
0.116582539879309  -40.5  8.5
0.107378655151995  -40.5  16.25
0.110446616727766  -40.5  16.25
0.107378655151995  -40.5  13
0.113514578303537  -40.5  14.1875
0.147262155637022  -40  -17.0625
0.113514578303537  -40.5  13
0.141126232485479  -40  -8.9375
0.0951068088489097  -40.5  16.25
0.107378655151995  -40.5  13
0.128854386182394  -40.5  6.5
0.125786424606623  -40.5  3.25
0.113514578303537  -40.5  10.9375
0.110446616727766  -40.5  9.75
0.11965050145508  -40.5  13
0.141126232485479  -40  -4.0625
0.125786424606623  -40.5  10.9375
0.116582539879309  -40.5  14.1875
0.125786424606623  -40.5  7.6875
0.107378655151995  -40.5  15
0.141126232485479  -40  -13
0.116582539879309  -40.5  14.1875
0.159534001940107  -40  -21.9375
0.104310693576224  -40.5  15
0.153398078788564  -40  -17.0625
0.107378655151995  -40.5  13
0.116582539879309  -40.5  13
0.11965050145508  -40.5  13
0.147262155637022  -40.5  -8.9375
0.107378655151995  -40.5  11.75
0.147262155637022  -40  -4.0625
0.147262155637022  -40  -8.9375
0.122718463030851  -40  11.75
0.110446616727766  -40.5  11.75
0.116582539879309  -40.5  16.25
0.113514578303537  -40.5  14.1875
0.110446616727766  -40.5  15
3.26737907819642  -40.5  4.4375
0.116582539879309  -40.5  11.75
0.125786424606623  -40.5  8.5
0.11965050145508  -40.5  14.1875
3.26431111662064  -40.5  5.25
3.28578684765104  -40.5  -1.1875
0.116582539879309  -40.5  15
3.28885480922681  -40.5  -4.4375
0.113514578303537  -40.5  15
0.125786424606623  -40.5  11.75
0.116582539879309  -40.5  15
0.113514578303537  -40.5  10.9375
0.116582539879309  -40.5  11.75
0.122718463030851  -40.5  9.75
0.116582539879309  -40.5  14.1875
0.113514578303537  -40.5  11.75
0.104310693576224  -40.5  14.1875
0.104310693576224  -40.5  13
0.141126232485479  -40  -4.0625
0.116582539879309  -40.5  14.1875
0.147262155637022  -40  -13
3.28578684765104  -40.5  -3.25
0.104310693576224  -40.5  13
3.24283538559025  -40.5  10.9375
0.153398078788564  -40  -13
3.26737907819642  -40.5  -4.4375
3.24897130874179  -40.5  4.4375
0.107378655151995  -40  10.9375
3.25203927031756  -40  4.4375
0.104310693576224  -40  11.75
0.116582539879309  -40  8.5
0.122718463030851  -40  10.9375
0.116582539879309  -40  11.75
0.122718463030851  -40  9.75
0.122718463030851  -40  8.5
0.11965050145508  -40  10.9375
0.147262155637022  -40  -21.9375
0.131922347758165  -40.5  7.6875
0.125786424606623  -40  7.6875
0.122718463030851  -40  8.5
