0.619728238305799  -41.5  13
3.80734031553216  -41.5  1.1875
3.80427235395639  -41.5  2
3.8134762386837  -41.5  3.25
0.644271930911969  -41.5  14.1875
3.81961216183525  -41.5  0
3.8134762386837  -41.5  1.1875
0.653475815639283  -41.5  11.75
0.665747661942368  -41.5  1.1875
0.632000084608884  -41.5  14.1875
0.62279619988157  -41.5  15
0.635068046184655  -41.5  11.75
3.77972866135022  -41.5  10.9375
3.7920005076533  -41.5  3.25
3.79813643080485  -41.5  -3.25
0.632000084608884  -41.5  14.1875
0.619728238305799  -41  17.0625
0.619728238305799  -41.5  16.25
3.79813643080485  -41.5  0
0.638136007760427  -41  4.0625
3.79813643080485  -41.5  0
0.632000084608884  -41  8.9375
0.632000084608884  -41.5  14.1875
3.7920005076533  -41.5  1.1875
0.638136007760427  -41.5  13
0.632000084608884  -41  17.0625
0.644271930911969  -41.5  15
3.81040827710793  -41.5  0
0.632000084608884  -41  21.9375
0.632000084608884  -41  13
0.644271930911969  -41.5  9.75
3.79813643080485  -41.5  1.1875
3.79813643080485  -41.5  -1.1875
3.79506846922908  -41.5  3.25
0.638136007760427  -41  8.9375
3.80120439238062  -41.5  1.1875
0.641203969336198  -41.5  14.1875
0.635068046184655  -41.5  14.1875
3.78586458450176  -41.5  -1.1875
0.613592315154256  -41.5  21.9375
3.78279662292599  -41.5  2
3.7920005076533  -41.5  1.1875
0.62279619988157  -41.5  16.25
0.635068046184655  -41.5  11.75
0.619728238305799  -41  17.0625
3.78893254607753  -41.5  0
0.62279619988157  -41.5  17.4375
0.632000084608884  -41.5  11.75
0.628932123033113  -41.5  13
0.625864161457342  -41  8.9375
3.7920005076533  -41.5  2
0.632000084608884  -41.5  15
0.625864161457342  -41.5  8.9375
0.635068046184655  -41.5  4.4375
3.78586458450176  -41.5  3.25
3.78893254607753  -41.5  3.25
0.635068046184655  -41.5  10.9375
0.635068046184655  -41.5  10.9375
0.607456392002714  -41  26
3.78586458450176  -41.5  3.25
0.635068046184655  -41.5  13
0.647339892487741  -41.5  -1.1875
0.625864161457342  -41  8.9375
3.7920005076533  -41.5  0
0.625864161457342  -41.5  14.1875
0.638136007760427  -41.5  5.25
0.638136007760427  -41  4.0625
0.647339892487741  -41.5  2
0.628932123033113  -41.5  14.1875
0.625864161457342  -41  13
0.650407854063512  -41.5  -2
0.638136007760427  -41.5  4.4375
0.628932123033113  -41.5  18.25
0.619728238305799  -41.5  17.0625
0.632000084608884  -41.5  16.25
0.613592315154256  -41  26
0.647339892487741  -41.5  4.4375
0.62279619988157  -41.5  13
3.7920005076533  -41.5  5.25
3.7920005076533  -41.5  3.25
3.7920005076533  -41.5  0
0.632000084608884  -41.5  16.25
0.644271930911969  -41  4.0625
0.632000084608884  -41.5  11.75
0.625864161457342  -41  8.9375
0.625864161457342  -41.5  15
0.628932123033113  -41.5  13
0.638136007760427  -41.5  4.0625
3.79506846922908  -41.5  2
0.638136007760427  -41.5  4.0625
3.78893254607753  -41.5  6.5
3.79506846922908  -41.5  -3.25
0.619728238305799  -41.5  24
0.638136007760427  -41.5  4.0625
0.628932123033113  -41.5  15
0.619728238305799  -41  21.9375
0.619728238305799  -41.5  14.1875
3.78586458450176  -41.5  1.1875
0.625864161457342  -41.5  4.0625
3.75211700716828  -41.5  18.25
0.619728238305799  -41.5  8.9375
0.628932123033113  -41.5  13
0.638136007760427  -41.5  0
0.647339892487741  -41.5  -3.25
0.619728238305799  -41.5  16.25
0.644271930911969  -41  0
3.80427235395639  -41.5  0
0.619728238305799  -41.5  16.25
0.632000084608884  -41.5  13
0.632000084608884  -41  4.0625
0.632000084608884  -41.5  19.5
0.650407854063512  -41.5  0
0.638136007760427  -41  4.0625
0.647339892487741  -41.5  2
3.79813643080485  -41.5  -1.1875
0.613592315154256  -41.5  17.4375
0.632000084608884  -41.5  11.75
0.619728238305799  -41.5  13
3.78893254607753  -41.5  3.25
0.638136007760427  -41.5  8.5
0.619728238305799  -41.5  17.4375
0.632000084608884  -41.5  4.4375
0.619728238305799  -41  8.9375
0.635068046184655  -41.5  13
3.79506846922908  -41.5  2
0.641203969336198  -41.5  11.75
0.625864161457342  -41.5  15
0.644271930911969  -41.5  0
0.632000084608884  -41.5  13
0.638136007760427  -41  0
0.641203969336198  -41.5  9.75
0.635068046184655  -41.5  11.75
