0.0797670009700533  -39  14.1875
0.0797670009700533  -39  8.5
0.0705631162427395  -39  11.75
0.110446616727766  -39  -8.9375
0.0951068088489097  -39  3.25
0.122718463030851  -39  -13
0.0797670009700533  -39  13
0.0736310778185108  -39  14.1875
0.110446616727766  -39  -8.9375
0.0766990393942821  -39  14.1875
0.104310693576224  -39  4.0625
0.0705631162427395  -39  14.1875
0.110446616727766  -38.5  -4.0625
0.104310693576224  -39  -2
0.110446616727766  -39  -4.0625
0.0705631162427395  -39  16.25
0.110446616727766  -38.5  -8.9375
0.0705631162427395  -39  14.1875
0.116582539879309  -38.5  -8.9375
0.110446616727766  -39  -13
0.116582539879309  -38.5  0
0.116582539879309  -39  -13
0.104310693576224  -39  -4.0625
0.0766990393942821  -39  13
0.122718463030851  -39  -13
0.0705631162427395  -39  15
3.23976742401447  -39  1.1875
0.122718463030851  -39  -8.9375
0.122718463030851  -38.5  -8.9375
0.104310693576224  -39  0
0.104310693576224  -39  -4.0625
0.104310693576224  -39  0
0.110446616727766  -39  -8.9375
0.110446616727766  -39  -8.9375
3.25203927031756  -39  -3.25
0.0705631162427395  -39  13
0.104310693576224  -39  -4.0625
0.104310693576224  -39  -8.9375
0.0705631162427395  -39  16.25
0.110446616727766  -39  -8.9375
0.104310693576224  -39  0
0.110446616727766  -39  -4.0625
0.104310693576224  -38.5  -13
0.110446616727766  -39  -17.0625
0.116582539879309  -39  -8.9375
0.110446616727766  -38.5  -13
0.104310693576224  -39  0
0.122718463030851  -39  -13
0.122718463030851  -38.5  -8.9375
0.110446616727766  -38.5  0
0.116582539879309  -39  -8.9375
3.25203927031756  -39  -3.25
0.0736310778185108  -39  14.1875
0.116582539879309  -39  -17.0625
0.0797670009700533  -39  9.75
0.110446616727766  -39  -4.0625
0.0644271930911969  -39  18.25
0.104310693576224  -39  0
0.0766990393942821  -39  13
0.110446616727766  -39  -4.0625
0.0736310778185108  -39  16.25
0.110446616727766  -39  -13
0.0705631162427395  -39  15
0.116582539879309  -39  -8.9375
0.0766990393942821  -39  8.5
0.0766990393942821  -39  13
0.110446616727766  -39  -13
0.116582539879309  -39  -13
0.116582539879309  -38.5  -4.0625
0.128854386182394  -38.5  -17.0625
0.122718463030851  -38.5  -4.0625
0.128854386182394  -39  -13
0.0766990393942821  -39  13
0.110446616727766  -39  -8.9375
0.0736310778185108  -39  15
0.098174770424681  -39  -4.0625
3.22749557771139  -39  6.5
0.0920388472731385  -39  4.0625
0.0797670009700533  -39  13
0.116582539879309  -39  -8.9375
0.110446616727766  -38.5  -8.9375
0.110446616727766  -38.5  0
0.116582539879309  -38.5  -13
0.110446616727766  -38.5  -4.0625
0.104310693576224  -39  -8.9375
3.21215576983253  -39  9.75
0.104310693576224  -39  -13
0.0613592315154256  -39  16.25
0.116582539879309  -39  -21.9375
0.110446616727766  -39  -17.0625
0.122718463030851  -39  -17.0625
0.110446616727766  -38.5  -8.9375
0.110446616727766  -39  -8.9375
0.098174770424681  -38.5  0
0.0582912699396544  -39  15
0.098174770424681  -39  0
0.104310693576224  -38.5  0
0.104310693576224  -39  -13
0.110446616727766  -38.5  -4.0625
0.104310693576224  -38.5  -8.9375
0.128854386182394  -39  -21.9375
0.104310693576224  -39  -4.0625
0.104310693576224  -39  -4.0625
0.110446616727766  -38.5  -8.9375
0.0889708856973672  -39  3.25
0.104310693576224  -39  -4.0625
0.0766990393942821  -39  11.75
0.0674951546669682  -39  14.1875
0.116582539879309  -38.5  -8.9375
0.0674951546669682  -39  13
0.104310693576224  -39  0
0.104310693576224  -38.5  -4.0625
0.104310693576224  -39  -4.0625
0.0674951546669682  -39  11.75
0.104310693576224  -39  -8.9375
0.122718463030851  -38.5  -17.0625
0.104310693576224  -39  0
0.098174770424681  -39  0
0.122718463030851  -39  -21.9375
0.116582539879309  -39  -8.9375
0.110446616727766  -39  -8.9375
0.098174770424681  -38.5  -4.0625
0.110446616727766  -39  -13
0.0705631162427395  -39  11.75
0.104310693576224  -39  -8.9375
0.0644271930911969  -39  16.25
0.116582539879309  -38.5  -8.9375
0.116582539879309  -39  -21.9375
0.104310693576224  -39  -4.0625
0.0736310778185108  -39  13
0.104310693576224  -39  -4.0625
0.110446616727766  -39  -4.0625
