0.463262197941464  -39.5  2
3.61712669783434  -39.5  1.1875
0.45405831321415  -39.5  20.75
0.457126274789921  -39.5  13
3.62326262098588  -39.5  0
3.62633058256166  -39.5  -2
3.62633058256166  -39.5  -1.1875
0.484737928971863  -39  -8.9375
0.475534044244549  -39.5  1.1875
0.472466082668777  -39  0
3.62939854413743  -39.5  -2
3.62633058256166  -39.5  -2
0.45405831321415  -39.5  17.4375
0.460194236365692  -39.5  1.1875
0.441786466911065  -39  8.9375
0.466330159517235  -39.5  1.1875
0.441786466911065  -39.5  14.1875
3.6109907746828  -39.5  -6.5
0.441786466911065  -39.5  10.9375
3.60485485153126  -39.5  1.1875
0.450990351638379  -39.5  1.1875
3.60485485153126  -39.5  -1.1875
3.58031115892509  -39.5  7.6875
0.447922390062607  -39.5  13
0.444854428486836  -39.5  9.75
0.447922390062607  -39  0
0.444854428486836  -39.5  8.5
0.466330159517235  -39.5  0
0.444854428486836  -39.5  13
0.444854428486836  -39.5  11.75
3.59258300522817  -39.5  2
3.6109907746828  -39.5  0
3.60792281310703  -39.5  -3.25
3.60792281310703  -39.5  2
0.466330159517235  -39  -4.0625
0.45405831321415  -39  -4.0625
0.45405831321415  -39.5  13
3.62019465941011  -39.5  -2
3.61712669783434  -39.5  1.1875
3.62019465941011  -39.5  0
0.444854428486836  -39.5  26
0.450990351638379  -39.5  13
3.62019465941011  -39.5  -5.25
0.432582582183751  -39.5  15
0.466330159517235  -39.5  8.9375
0.466330159517235  -39  4.0625
3.61405873625857  -39.5  0
0.460194236365692  -39.5  0
0.447922390062607  -39.5  18.25
3.6109907746828  -39.5  -1.1875
0.463262197941464  -39.5  -1.1875
3.61712669783434  -39.5  -5.25
3.61712669783434  -39.5  -4.4375
0.447922390062607  -39.5  11.75
0.469398121093006  -39.5  0
3.61712669783434  -39.5  -1.1875
0.45405831321415  -39.5  13
0.460194236365692  -39.5  11.75
0.45405831321415  -39.5  19.5
3.61405873625857  -39.5  3.25
0.472466082668777  -39.5  4.0625
0.457126274789921  -39.5  15
3.62326262098588  -39.5  -2
0.472466082668777  -39.5  2
0.45405831321415  -39  17.0625
3.62326262098588  -39.5  0
0.466330159517235  -39.5  4.4375
3.61405873625857  -39.5  1.1875
3.62019465941011  -39.5  -1.1875
0.447922390062607  -39.5  20.75
0.45405831321415  -39.5  13
3.61405873625857  -39.5  2
0.472466082668777  -39  4.0625
0.447922390062607  -39.5  11.75
0.450990351638379  -39.5  11.75
0.438718505335293  -39.5  15
0.438718505335293  -39.5  19.5
0.447922390062607  -39.5  11.75
0.438718505335293  -39.5  17.4375
0.472466082668777  -39.5  4.0625
0.457126274789921  -39.5  14.1875
3.62633058256166  -39.5  -5.25
0.447922390062607  -39.5  22.75
0.447922390062607  -39.5  18.25
3.62939854413743  -39.5  -1.1875
3.62019465941011  -39.5  -3.25
3.62939854413743  -39.5  -5.25
0.484737928971863  -39  -8.9375
3.61405873625857  -39.5  0
0.460194236365692  -39  0
0.469398121093006  -39.5  0
0.438718505335293  -39.5  14.1875
0.444854428486836  -39.5  21.5625
0.466330159517235  -39  -8.9375
0.444854428486836  -39.5  15
0.447922390062607  -39.5  14.1875
3.62019465941011  -39.5  1.1875
0.472466082668777  -39  -8.9375
0.450990351638379  -39.5  13
3.61712669783434  -39.5  -1.1875
0.447922390062607  -39.5  11.75
0.47860200582032  -39  -13
3.61405873625857  -39.5  3.25
0.45405831321415  -39.5  4.0625
0.472466082668777  -39  0
3.6109907746828  -39.5  0
0.472466082668777  -39.5  1.1875
0.47860200582032  -39.5  4.4375
3.62019465941011  -39.5  1.1875
0.469398121093006  -39.5  0
3.62019465941011  -39.5  -3.25
0.481669967396091  -39.5  0
0.460194236365692  -39.5  4.0625
0.438718505335293  -39.5  15
3.62019465941011  -39.5  0
0.460194236365692  -39.5  10.9375
0.47860200582032  -39.5  0
0.45405831321415  -39.5  11.75
0.460194236365692  -39.5  6.5
0.472466082668777  -39  0
0.484737928971863  -39  0
0.463262197941464  -39.5  4.4375
3.62019465941011  -39.5  -3.25
0.450990351638379  -39.5  10.9375
0.45405831321415  -39.5  15
0.447922390062607  -39.5  16.25
0.475534044244549  -39.5  -1.1875
0.438718505335293  -39.5  17.4375
3.62326262098588  -39.5  -5.25
0.466330159517235  -39.5  4.0625
0.466330159517235  -39  0
3.62326262098588  -39.5  -6.5
