0.475534044244549  -34.5  3.25
3.62939854413743  -34.5  2
3.6324665057132  -34.5  -1.1875
3.6324665057132  -34.5  1.1875
0.463262197941464  -34.5  10.9375
3.63553446728897  -34.5  2
0.47860200582032  -34.5  8.9375
3.6324665057132  -34.5  -2
0.481669967396091  -34.5  2
3.63860242886474  -34.5  -1.1875
0.472466082668777  -34.5  8.9375
3.63860242886474  -34.5  -1.1875
3.64167039044051  -34.5  1.1875
0.484737928971863  -34.5  0
0.484737928971863  -34.5  4.875
3.63860242886474  -34.5  -4.4375
3.63553446728897  -34.5  3.25
3.63860242886474  -34.5  -2
0.472466082668777  -34.5  14.625
0.472466082668777  -34.5  13
3.64167039044051  -34.5  0
0.460194236365692  -34.5  13
0.484737928971863  -34  4.0625
0.490873852123405  -34  4.0625
0.469398121093006  -34.5  16.25
3.64473835201628  -34.5  -3.25
0.484737928971863  -34.5  0
0.472466082668777  -34.5  14.1875
0.497009775274948  -34.5  0
0.460194236365692  -34.5  15
0.484737928971863  -34.5  4.4375
3.64167039044051  -34.5  -2
0.497009775274948  -34  4.0625
0.484737928971863  -34.5  0
0.463262197941464  -34.5  16.25
3.63860242886474  -34.5  2
0.472466082668777  -34.5  13
0.493941813699176  -34.5  3.25
0.484737928971863  -34  4.0625
0.500077736850719  -34.5  0
3.64780631359205  -34.5  -3.25
3.64167039044051  -34.5  -1.1875
0.497009775274948  -34.5  -4.0625
0.469398121093006  -34.5  20.75
0.490873852123405  -34  4.0625
0.475534044244549  -34.5  11.75
3.64473835201628  -34.5  -3.25
0.466330159517235  -34.5  14.1875
0.47860200582032  -34.5  13
0.493941813699176  -34.5  -1.1875
0.475534044244549  -34.5  11.75
3.64780631359205  -34.5  -1.1875
3.63860242886474  -34.5  0
0.490873852123405  -34.5  1.1875
0.472466082668777  -34.5  9.75
0.47860200582032  -34.5  6.5
0.490873852123405  -34  4.0625
0.481669967396091  -34.5  8.5
0.475534044244549  -34.5  13
0.493941813699176  -34.5  1.1875
0.472466082668777  -34.5  10.9375
0.47860200582032  -34.5  14.625
3.64780631359205  -34.5  1.1875
0.484737928971863  -34.5  4.0625
0.487805890547634  -34.5  1.1875
3.64780631359205  -34.5  -4.4375
0.493941813699176  -34.5  0
0.490873852123405  -34.5  0
3.64780631359205  -34.5  -3.25
3.64780631359205  -34.5  -4.4375
0.47860200582032  -34.5  8.5
3.6324665057132  -34.5  -2
3.64780631359205  -34.5  1.1875
3.64167039044051  -34.5  1.1875
3.63860242886474  -34.5  2
3.6324665057132  -34.5  2
0.484737928971863  -34.5  8.9375
0.466330159517235  -34.5  21.5625
0.487805890547634  -34.5  1.1875
3.64167039044051  -34.5  -1.1875
0.47860200582032  -34  8.9375
0.466330159517235  -34.5  9.75
3.62326262098588  -34.5  1.1875
0.50314569842649  -34.5  -1.1875
0.497009775274948  -34.5  -2
3.64780631359205  -34.5  -1.1875
0.490873852123405  -34.5  -1.1875
3.65087427516783  -34.5  -4.4375
0.509281621578033  -34.5  0
0.509281621578033  -34.5  0
0.484737928971863  -34.5  13
0.497009775274948  -34.5  2
0.47860200582032  -34.5  11.75
0.466330159517235  -34.5  14.1875
3.65087427516783  -34.5  -2
0.484737928971863  -34.5  4.875
3.64473835201628  -34.5  -1.1875
0.484737928971863  -34.5  4.0625
3.65087427516783  -34.5  1.1875
3.62326262098588  -34.5  1.1875
0.481669967396091  -34.5  2
3.63860242886474  -34.5  -3.25
3.63553446728897  -34.5  1.1875
3.62019465941011  -34.5  3.25
0.484737928971863  -34.5  4.4375
3.64167039044051  -34.5  1.1875
3.64167039044051  -34.5  -2
0.469398121093006  -34.5  24
0.497009775274948  -34.5  -1.1875
0.472466082668777  -34.5  8.5
3.65087427516783  -34.5  -3.25
3.65087427516783  -34.5  -4.4375
3.64167039044051  -34.5  -2
0.497009775274948  -34.5  0
0.497009775274948  -34.5  -1.1875
0.493941813699176  -34.5  1.1875
3.64780631359205  -34.5  -1.1875
0.500077736850719  -34.5  0
0.50314569842649  -34.5  0
0.497009775274948  -34.5  -1.1875
0.490873852123405  -34  0
0.490873852123405  -34  9.75
3.64780631359205  -34.5  -3.25
0.466330159517235  -34.5  18.6875
0.490873852123405  -34.5  1.1875
3.64473835201628  -34.5  -1.1875
0.493941813699176  -34.5  0
3.63860242886474  -34.5  1.1875
3.64167039044051  -34.5  0
3.64167039044051  -34.5  1.1875
0.47860200582032  -34.5  10.9375
0.490873852123405  -34.5  9.75
