5.52846675953985  -42.5  3.25
5.52233083638831  -42.5  13
5.54073860584294  -42.5  6.5
2.41141779855623  -42.5  8.9375
5.51312695166099  -42.5  8.5
5.51312695166099  -42.5  8.5
5.52233083638831  -42.5  6.5
2.37460225964697  -42.5  17.0625
5.52846675953985  -42.5  5.25
5.51005899008522  -42.5  7.6875
5.51926287481254  -42.5  5.25
5.48858325905482  -42.5  19.5
5.51312695166099  -42.5  5.25
2.36846633649543  -42.5  17.0625
5.51926287481254  -42.5  7.6875
5.52233083638831  -42.5  4.4375
5.52846675953985  -42.5  1.1875
5.51005899008522  -42.5  7.6875
2.37460225964697  -42.5  13
5.52539879796408  -42.5  3.25
5.51926287481254  -42.5  6.5
5.51619491323677  -42.5  3.25
5.52846675953985  -42.5  -2
2.38073818279852  -42.5  8.9375
5.50392306693368  -42.5  8.5
2.38687410595006  -42.5  4.0625
5.52846675953985  -42.5  1.1875
5.53153472111562  -42.5  -1.1875
5.50392306693368  -42.5  6.5
5.51005899008522  -42.5  9.75
5.52233083638831  -42.5  8.5
5.53460268269139  -42.5  -2
5.51005899008522  -42.5  8.5
5.52539879796408  -42.5  2
2.36233041334389  -42.5  21.9375
5.50699102850945  -42.5  7.6875
5.50699102850945  -42.5  5.25
5.50392306693368  -42.5  10.9375
2.38073818279852  -42.5  8.9375
5.50392306693368  -42.5  6.5
5.52539879796408  -42.5  2
5.51619491323677  -42.5  8.5
5.51312695166099  -42.5  9.75
2.36846633649543  -42.5  8.9375
5.51619491323677  -42.5  7.6875
2.38073818279852  -42.5  8.9375
5.51619491323677  -42.5  6.5
5.51619491323677  -42.5  8.5
5.53460268269139  -42.5  -4.4375
5.50699102850945  -42.5  3.25
5.49778714378214  -42.5  10.9375
5.50085510535791  -42.5  8.5
5.51005899008522  -42.5  2
5.51005899008522  -42.5  7.6875
5.50085510535791  -42.5  8.5
5.50699102850945  -42.5  7.6875
2.37460225964697  -42.5  13
5.50392306693368  -42.5  6.5
5.50699102850945  -42.5  8.5
5.51312695166099  -42.5  7.6875
5.52539879796408  -42.5  5.25
5.50699102850945  -42.5  10.9375
5.53153472111562  -42.5  1.1875
5.4916512206306  -42.5  17.4375
5.53460268269139  -42.5  2
5.53460268269139  -42.5  2
5.51312695166099  -42.5  7.6875
5.52846675953985  -42.5  4.4375
2.36846633649543  -42.5  26
5.51005899008522  -42.5  9.75
5.51926287481254  -42.5  7.6875
2.37460225964697  -42.5  21.9375
5.53767064426716  -42.5  2
5.51926287481254  -42.5  2
5.51312695166099  -42.5  7.6875
5.53767064426716  -42.5  -2
5.53153472111562  -42.5  6.5
5.52846675953985  -42.5  6.5
5.51619491323677  -42.5  6.5
2.37460225964697  -42.5  21.9375
5.52233083638831  -42.5  5.25
5.53153472111562  -42.5  4.4375
5.52539879796408  -42.5  9.75
5.53153472111562  -42.5  5.25
5.54073860584294  -42.5  -2
5.50699102850945  -42.5  9.75
5.53767064426716  -42.5  2
5.52846675953985  -42.5  3.25
5.54073860584294  -42.5  2
5.51005899008522  -42.5  11.75
5.52846675953985  -42.5  4.4375
5.53460268269139  -42.5  0
5.51926287481254  -42.5  8.5
5.53767064426716  -42.5  -1.1875
5.53767064426716  -42.5  -2
5.52539879796408  -42.5  7.6875
5.51312695166099  -42.5  9.75
2.36846633649543  -42.5  17.0625
5.49471918220637  -42.5  14.1875
5.50699102850945  -42.5  13
5.4916512206306  -42.5  17.4375
2.36846633649543  -42.5  17.0625
5.52539879796408  -42.5  5.25
5.51005899008522  -42.5  5.25
5.51619491323677  -42.5  9.75
5.4916512206306  -42.5  16.25
5.51312695166099  -42.5  9.75
5.53460268269139  -42.5  2
5.51926287481254  -42.5  10.9375
5.51619491323677  -42.5  9.75
5.51926287481254  -42.5  7.6875
5.51619491323677  -42.5  8.5
5.53153472111562  -42.5  1.1875
5.52539879796408  -42.5  4.4375
5.49778714378214  -42.5  16.25
5.52233083638831  -42.5  5.25
2.35926245176812  -42.5  10.9375
5.4916512206306  -42.5  17.4375
2.37460225964697  -42.5  13
5.52539879796408  -42.5  3.25
5.51926287481254  -42.5  7.6875
5.51926287481254  -42.5  8.5
5.54380656741871  -42.5  -7.6875
5.53767064426716  -42.5  -2
5.51312695166099  -42.5  7.6875
5.51926287481254  -42.5  4.4375
2.38073818279852  -42.5  17.0625
5.50085510535791  -42.5  13
5.51005899008522  -42.5  11.75
2.37460225964697  -42.5  21.9375
5.53153472111562  -42.5  2
5.50085510535791  -42.5  16.25
