1.52170894158256  -49.5  0
1.51557301843101  -49.5  4.4375
1.49102932582484  -49.5  20.75
1.50943709527947  -49.5  15
1.50023321055216  -49.5  18.25
1.5063691337037  -49.5  11.75
1.52170894158256  -49.5  8.5
4.62955401783887  -49.5  18.25
1.50943709527947  -49.5  13
1.52170894158256  -49.5  3.25
1.53091282630987  -49.5  1.1875
1.51557301843101  -49.5  7.6875
1.51864098000678  -49.5  5.25
1.51864098000678  -49.5  5.25
1.52477690315833  -49.5  5.25
1.51250505685524  -49.5  9.75
1.52477690315833  -49.5  5.25
1.50943709527947  -49.5  7.6875
1.51864098000678  -49.5  6.5
1.50943709527947  -49.5  13
1.50023321055216  -49.5  15
1.51864098000678  -49.5  6.5
1.52477690315833  -49.5  0
1.51557301843101  -49.5  7.6875
1.50943709527947  -49.5  13
1.50943709527947  -49.5  8.5
1.51557301843101  -49.5  5.25
1.5278448647341  -49.5  4.4375
1.51864098000678  -49.5  10.9375
1.52170894158256  -49.5  4.4375
1.53704874946141  -49.5  0
1.53091282630987  -49.5  5.25
1.53398078788564  -49.5  6.5
1.5278448647341  -49.5  0
4.66330159517235  -49.5  4.0625
1.51557301843101  -49.5  7.6875
1.51864098000678  -49.5  6.5
1.5278448647341  -49.5  2
4.64182586414195  -49.5  16.25
1.54011671103718  -49.5  3.25
1.51557301843101  -49.5  8.5
4.64489382571772  -49.5  17.4375
4.66943751832389  -49.5  -4.0625
1.52170894158256  -49.5  5.25
4.69398121093006  -49.5  -17.0625
1.53091282630987  -49.5  1.1875
4.69398121093006  -49.5  -8.9375
1.52170894158256  -49.5  4.4375
1.51864098000678  -49.5  10.9375
1.5063691337037  -49.5  14.1875
1.53091282630987  -49.5  1.1875
4.64796178729349  -49.5  18.25
1.52477690315833  -49.5  2
1.53398078788564  -49.5  1.1875
4.66330159517235  -49.5  8.9375
4.66943751832389  -49.5  0
1.53091282630987  -49.5  6.5
4.64489382571772  -49.5  13
1.52477690315833  -49.5  1.1875
1.52477690315833  -49.5  6.5
4.70625305723315  -49.5  -21.9375
1.51557301843101  -49.5  13
4.69398121093006  -49.5  -26
1.52477690315833  -49.5  4.4375
1.53091282630987  -49.5  3.25
1.51864098000678  -49.5  11.75
4.66330159517235  -49.5  4.0625
1.52170894158256  -49.5  5.25
4.66330159517235  -49.5  0
1.51557301843101  -49.5  6.5
4.66330159517235  -49.5  13
4.66330159517235  -49.5  0
1.53091282630987  -49.5  1.1875
1.53091282630987  -49.5  2
1.53398078788564  -49.5  0
4.67250547989966  -49.5  0
1.50330117212793  -49.5  17.4375
1.53398078788564  -49.5  4.4375
1.53704874946141  -49.5  0
1.51557301843101  -49.5  14.1875
1.51250505685524  -49.5  14.1875
4.66330159517235  -49.5  13
4.63875790256618  -49.5  30.0625
1.53091282630987  -49.5  5.25
1.53398078788564  -49.5  1.1875
1.51864098000678  -49.5  5.25
4.66943751832389  -49.5  0
4.64489382571772  -49.5  16.25
4.66330159517235  -49.5  0
4.64489382571772  -49.5  21.5625
1.52477690315833  -49.5  6.5
1.51557301843101  -49.5  7.6875
1.52170894158256  -49.5  7.6875
1.52170894158256  -49.5  2
4.65716567202081  -49.5  8.9375
4.68784528777852  -49.5  -17.0625
1.51864098000678  -49.5  5.25
1.53704874946141  -49.5  5.25
1.53398078788564  -49.5  3.25
1.50023321055216  -49.5  17.4375
4.65716567202081  -49.5  8.9375
1.52170894158256  -49.5  9.75
4.68170936462698  -49.5  -4.0625
1.5278448647341  -49.5  6.5
4.66636955674812  -49.5  6.5
1.5278448647341  -49.5  2
4.64182586414195  -49.5  17.4375
1.54011671103718  -49.5  -6.5
1.51864098000678  -49.5  7.6875
1.51557301843101  -49.5  15
1.51557301843101  -49.5  7.6875
4.67864140305121  -49.5  4.4375
1.50330117212793  -49.5  17.4375
1.51864098000678  -49.5  5.25
1.5278448647341  -49.5  5.25
4.64489382571772  -49.5  13
1.52170894158256  -49.5  4.4375
1.53398078788564  -49.5  0
1.5063691337037  -49.5  18.25
4.65716567202081  -49.5  10.9375
1.53704874946141  -49.5  1.1875
1.51864098000678  -49.5  13
4.65102974886926  -49.5  21.9375
1.51557301843101  -49.5  9.75
1.51250505685524  -49.5  11.75
1.51864098000678  -49.5  11.75
1.53091282630987  -49.5  3.25
1.53091282630987  -49.5  2
1.52170894158256  -49.5  7.6875
1.53091282630987  -49.5  4.4375
4.68170936462698  -49.5  -4.0625
1.51864098000678  -49.5  5.25
