4.62648605626309  -42.5  2
1.4848934026733  -43  4.0625
4.61728217153578  -42.5  8.5
1.47568951794599  -42.5  14.1875
4.63568994099041  -42.5  1.1875
1.47262155637022  -43  13
4.62341809468732  -42.5  5.25
1.49102932582484  -42.5  5.25
4.63262197941464  -42.5  2
1.49716524897639  -43  0
1.48182544109753  -42.5  16.25
4.63875790256618  -42.5  -1.1875
1.49102932582484  -43  4.0625
4.61728217153578  -42.5  11.75
4.62341809468732  -42.5  6.5
4.63568994099041  -42.5  4.4375
1.49716524897639  -43  -4.0625
4.64489382571772  -42.5  1.1875
4.62955401783887  -42.5  10.9375
1.49716524897639  -42.5  8.9375
4.63568994099041  -42.5  2
1.49102932582484  -43  4.0625
4.62648605626309  -42.5  5.25
1.47875747952176  -42.5  5.25
1.49716524897639  -43  -8.9375
4.59887440208115  -42.5  6.5
4.6050103252327  -42.5  8.5
1.47875747952176  -42.5  0
1.47262155637022  -43  -8.9375
1.46034971006713  -42.5  3.25
1.45421378691559  -42.5  10.9375
4.59887440208115  -42.5  8.5
1.47262155637022  -43  0
4.58660255577807  -42.5  11.75
4.61114624838424  -42.5  1.1875
4.60194236365692  -42.5  5.25
1.46034971006713  -43  4.0625
4.59580644050538  -42.5  6.5
1.46648563321867  -43  4.0625
1.46034971006713  -43  8.9375
1.49102932582484  -42.5  -13
1.47875747952176  -43  0
1.46034971006713  -43  8.9375
4.61114624838424  -42.5  0
1.46648563321867  -43  4.0625
1.46034971006713  -43  4.0625
4.60194236365692  -42.5  7.6875
1.4634176716429  -42.5  11.75
1.4848934026733  -43  -8.9375
1.47568951794599  -42.5  6.5
1.47875747952176  -43  13
1.49716524897639  -43  -13
4.63568994099041  -42.5  5.25
1.50330117212793  -43  0
1.49102932582484  -43  -4.0625
1.50330117212793  -43  -4.0625
1.49102932582484  -43  0
1.49102932582484  -43  4.0625
1.50330117212793  -43  -8.9375
1.51557301843101  -43  -13
4.64489382571772  -42.5  2
1.50943709527947  -43  0
4.63875790256618  -42.5  4.4375
1.50330117212793  -43  -4.0625
4.64182586414195  -42.5  0
1.49102932582484  -43  -8.9375
4.6050103252327  -42.5  7.6875
1.47262155637022  -43  0
1.46034971006713  -43  4.0625
1.45114582533982  -42.5  13
1.46034971006713  -42.5  0
1.46034971006713  -42.5  8.9375
1.46034971006713  -42.5  9.75
1.47875747952176  -43  -4.0625
4.62341809468732  -42.5  0
1.46648563321867  -42.5  9.75
1.49716524897639  -42.5  -4.0625
1.47875747952176  -42.5  0
1.49102932582484  -42.5  0
4.61114624838424  -42.5  6.5
1.49102932582484  -42.5  -4.0625
1.47568951794599  -42.5  10.9375
1.47262155637022  -43  4.0625
1.46955359479444  -42.5  6.5
1.46648563321867  -42.5  9.75
1.46648563321867  -43  13
4.62035013311155  -42.5  2
1.47875747952176  -43  -8.9375
1.4848934026733  -43  -4.0625
4.62341809468732  -42.5  5.25
1.47262155637022  -43  17.0625
1.47568951794599  -42.5  8.5
1.47875747952176  -43  -8.9375
1.47875747952176  -42.5  4.0625
1.46034971006713  -42.5  9.75
1.47875747952176  -42.5  -4.0625
1.46034971006713  -42.5  4.0625
1.4419419406125  -42.5  14.1875
1.42967009430942  -42.5  17.0625
1.44807786376405  -42.5  11.75
1.45421378691559  -42.5  0
1.4419419406125  -42.5  4.0625
1.44807786376405  -42.5  -8.9375
1.4419419406125  -42.5  4.0625
4.59273847892961  -42.5  3.25
1.45421378691559  -42.5  -8.9375
1.43273805588519  -42.5  13
1.45421378691559  -42.5  0
4.58967051735384  -42.5  6.5
1.4419419406125  -42.5  13
1.45421378691559  -42.5  4.0625
1.46648563321867  -42.5  -13
1.42967009430942  -42.5  8.9375
4.58046663262652  -42.5  10.9375
1.42967009430942  -42.5  17.0625
1.46648563321867  -43  -21.9375
4.58967051735384  -42.5  3.25
4.59580644050538  -42.5  3.25
1.44807786376405  -42.5  8.9375
4.59887440208115  -42.5  0
1.43580601746096  -43  8.9375
4.59887440208115  -42.5  1.1875
1.44500990218827  -42.5  10.9375
1.44807786376405  -42.5  4.0625
4.60194236365692  -42.5  -1.1875
4.59580644050538  -42.5  5.25
1.46034971006713  -42.5  4.0625
1.46034971006713  -42.5  -4.0625
4.59580644050538  -42.5  6.5
4.60194236365692  -42.5  8.5
1.46034971006713  -42.5  4.0625
1.4634176716429  -42.5  1.1875
