0.539961237335746  -40  13
3.71223350668325  -40  -3.25
0.558369006790373  -40  2
3.69382573722862  -40.5  3.25
0.546097160487288  -40  13
0.558369006790373  -40  9.75
0.555301045214602  -40  8.5
3.72143739141057  -40  -2
0.561436968366145  -40  3.25
0.561436968366145  -40  7.6875
0.561436968366145  -40  3.25
0.558369006790373  -40  13
3.72143739141057  -40  -3.25
0.555301045214602  -40  7.6875
0.558369006790373  -40  7.6875
0.54916512206306  -40  11.75
0.552233083638831  -40  11.75
0.567572891517687  -40  0
0.552233083638831  -40  14.1875
3.71530146825902  -40  -2
0.552233083638831  -40  13
0.521553467881118  -40  17.0625
3.68768981407708  -40  0
3.69075777565285  -40  2
0.533825314184203  -40  10.9375
3.69996166038017  -40  -1.1875
3.69996166038017  -40  -3.25
0.54916512206306  -40.5  1.1875
0.527689391032661  -40.5  9.75
0.533825314184203  -40  11.75
0.539961237335746  -40  9.75
3.69382573722862  -40  -2
0.555301045214602  -40.5  -1.1875
3.70302962195594  -40.5  -2
0.570640853093458  -40  -13
3.69996166038017  -40  -1.1875
3.69996166038017  -40  -4.4375
3.6968936988044  -40  0
3.69996166038017  -40  -4.4375
0.543029198911517  -40  8.5
3.70609758353171  -40.5  -2
0.543029198911517  -40.5  9.75
0.561436968366145  -40.5  2
0.530757352608432  -40.5  13
3.70302962195594  -40.5  -1.1875
3.69382573722862  -40.5  -1.1875
0.536893275759974  -40.5  11.75
3.70302962195594  -40.5  -1.1875
0.539961237335746  -40.5  6.5
0.543029198911517  -40.5  7.6875
0.539961237335746  -40.5  11.75
0.527689391032661  -40  17.0625
0.539961237335746  -40.5  11.75
3.6968936988044  -40.5  -3.25
3.70302962195594  -40.5  -1.1875
3.70609758353171  -40.5  -2
3.69996166038017  -40.5  -3.25
0.539961237335746  -40.5  9.75
0.543029198911517  -40.5  10.9375
0.533825314184203  -40.5  11.75
3.6968936988044  -40.5  -1.1875
3.68768981407708  -40.5  1.1875
3.68155389092554  -40.5  2
0.555301045214602  -40.5  -4.4375
0.546097160487288  -40  4.0625
0.533825314184203  -40.5  9.75
0.530757352608432  -40.5  8.5
0.530757352608432  -40.5  9.75
3.68768981407708  -40.5  0
0.527689391032661  -40  11.75
0.543029198911517  -40.5  0
0.527689391032661  -40.5  13
3.66928204462245  -40.5  5.25
0.527689391032661  -40  10.9375
0.527689391032661  -40  4.0625
0.530757352608432  -40  8.5
0.546097160487288  -40.5  0
3.6968936988044  -40  -5.25
0.533825314184203  -40  4.0625
0.552233083638831  -40  0
0.521553467881118  -40  13
0.527689391032661  -40  11.75
3.69382573722862  -40  -4.4375
3.69075777565285  -40  -3.25
0.518485506305347  -40  9.75
0.521553467881118  -40  10.9375
0.546097160487288  -40  1.1875
0.539961237335746  -40  4.0625
0.530757352608432  -40  10.9375
3.69382573722862  -40  -2
0.530757352608432  -40  10.9375
0.54916512206306  -40.5  1.1875
0.524621429456889  -40.5  17.4375
0.539961237335746  -40  8.9375
0.539961237335746  -40  8.5
3.6968936988044  -40.5  -5.25
0.527689391032661  -40  17.0625
0.539961237335746  -40  8.9375
0.543029198911517  -40  1.1875
3.69382573722862  -40  -3.25
3.69382573722862  -40  -1.1875
0.555301045214602  -40.5  -3.25
3.68462185250131  -40.5  -1.1875
3.70302962195594  -40  -4.4375
3.6968936988044  -40  -4.4375
0.524621429456889  -40  16.25
0.527689391032661  -40  10.9375
3.68462185250131  -40  1.1875
0.558369006790373  -40  0
3.70609758353171  -40  -3.25
0.530757352608432  -40  13
0.54916512206306  -40  0
0.521553467881118  -40  14.1875
0.533825314184203  -40  8.9375
0.539961237335746  -40  4.0625
0.546097160487288  -40.5  -2
0.546097160487288  -40.5  3.25
3.70609758353171  -40.5  -1.1875
0.582912699396544  -40  -13
3.72143739141057  -40.5  -3.25
0.561436968366145  -40.5  9.75
0.567572891517687  -40.5  8.5
0.570640853093458  -40  4.0625
3.72450535298634  -40.5  -2
3.72143739141057  -40.5  0
3.72143739141057  -40.5  0
3.72143739141057  -40.5  1.1875
3.73064127613788  -40.5  -3.25
3.70302962195594  -40.5  4.4375
3.72450535298634  -40.5  -1.1875
0.576776776245001  -40  0
0.558369006790373  -40.5  9.75
