2.28256341237383  -45.5  2
2.27949545079806  -45.5  6.5
2.29790322025269  -45.5  0
5.46097160487288  -45.5  -17.0625
5.40268033493323  -45.5  14.1875
5.39961237335746  -45.5  20.75
2.28869933552538  -45.5  0
5.39961237335746  -45.5  18.25
5.43642791226671  -45.5  -4.0625
5.39961237335746  -45.5  16.25
2.26722360449498  -45.5  7.6875
5.405748296509  -45.5  14.1875
5.37506868075129  -45.5  16.25
2.24574787346458  -45.5  14.1875
2.24881583504035  -45.5  10.9375
5.38734052705437  -45.5  15
2.27335952764652  -45.5  -3.25
5.36893275759974  -45.5  19.5
5.405748296509  -46  0
5.39040848863014  -45.5  14.1875
5.39347645020591  -45.5  11.75
5.42415606596363  -46  -8.9375
5.37813664232706  -45.5  20.75
5.405748296509  -45.5  8.9375
5.4272240275394  -45.5  -3.25
2.26108768134344  -45.5  13
5.39040848863014  -45.5  18.25
2.27642748922229  -45.5  -2
5.39040848863014  -45.5  17.4375
2.27335952764652  -45.5  -2
5.39961237335746  -45.5  8.9375
5.37813664232706  -45.5  20.75
5.43642791226671  -45.5  -21.9375
5.37813664232706  -45.5  17.4375
5.405748296509  -46  0
2.23654398873726  -45.5  19.5
5.3842725654786  -45.5  20.75
2.27029156607075  -45.5  -2
2.25495175819189  -45.5  4.4375
2.25188379661612  -45.5  7.6875
5.38120460390283  -45.5  11.75
5.37506868075129  -45.5  19.5
5.38734052705437  -45.5  4.0625
2.26415564291921  -45.5  0
5.37200071917552  -45.5  18.25
2.23961195031304  -45.5  15
2.24574787346458  -45.5  4.4375
5.37813664232706  -45.5  16.25
2.26415564291921  -45.5  -4.4375
2.26415564291921  -45.5  -3.25
2.25801971976766  -45.5  -3.25
5.37506868075129  -45.5  13
2.26108768134344  -45.5  -2
5.39961237335746  -45.5  3.25
5.36586479602397  -45.5  21.5625
2.24881583504035  -45.5  6.5
2.26415564291921  -45.5  2
2.25801971976766  -45.5  2
2.25801971976766  -45.5  4.4375
2.25188379661612  -45.5  5.25
5.37506868075129  -45.5  16.25
2.26722360449498  -45.5  0
5.37813664232706  -45.5  16.25
5.41188421966054  -45.5  -8.9375
2.26415564291921  -45.5  4.4375
5.36586479602397  -45.5  24
5.39347645020591  -45.5  15
5.405748296509  -46  0
2.27029156607075  -45.5  -1.1875
2.26415564291921  -45.5  0
2.25188379661612  -45.5  6.5
2.27949545079806  -45.5  3.25
2.27029156607075  -45.5  4.4375
2.28256341237383  -45.5  2
5.39961237335746  -45.5  13
2.27029156607075  -45.5  0
2.28256341237383  -45.5  -4.4375
5.39654441178169  -45.5  15
5.39040848863014  -45.5  18.25
2.27335952764652  -45.5  5.25
5.39654441178169  -45.5  16.25
2.26415564291921  -45.5  5.25
2.26108768134344  -45.5  5.25
2.27029156607075  -45.5  1.1875
5.39040848863014  -45.5  18.25
5.39347645020591  -46  4.0625
5.3842725654786  -45.5  15
2.27029156607075  -45.5  -4.4375
2.26415564291921  -45.5  3.25
2.23654398873726  -45.5  13
5.37200071917552  -45.5  22.75
2.25495175819189  -45.5  -1.1875
5.37200071917552  -45.5  17.4375
2.25495175819189  -45.5  -1.1875
5.37813664232706  -45.5  6.5
2.25495175819189  -45.5  0
2.25188379661612  -45.5  3.25
2.24574787346458  -45.5  3.25
2.23040806558572  -45.5  11.75
2.25188379661612  -45.5  1.1875
2.22120418085841  -45.5  7.6875
2.23654398873726  -45.5  6.5
2.26108768134344  -45.5  -5.25
5.3842725654786  -45.5  16.25
5.41188421966054  -45.5  -17.0625
2.26108768134344  -45.5  -1.1875
5.38734052705437  -45.5  15
5.39347645020591  -45.5  13
5.43642791226671  -45.5  -17.0625
2.27029156607075  -45.5  2
5.405748296509  -46  -4.0625
5.37813664232706  -45.5  18.25
2.25801971976766  -45.5  6.5
2.25188379661612  -45.5  8.5
5.41188421966054  -46  0
5.37813664232706  -45.5  20.75
5.405748296509  -45.5  4.0625
2.25495175819189  -45.5  2
5.39961237335746  -46  4.0625
5.3842725654786  -45.5  18.25
5.40268033493323  -45.5  16.25
2.28256341237383  -45.5  1.1875
5.42415606596363  -46  0
2.27029156607075  -45.5  9.75
5.39961237335746  -45.5  13
5.39654441178169  -45.5  19.5
5.42415606596363  -45.5  5.25
5.43642791226671  -46  -8.9375
5.39961237335746  -45.5  17.4375
5.39654441178169  -45.5  17.4375
2.28869933552538  -45.5  -2
5.43642791226671  -45.5  -8.9375
