0.205553425576676  -42  -1.1875
0.223961195031304  -42  2
0.230097118182846  -42  -1.1875
0.220893233455532  -42  2
0.233165079758617  -42  1.1875
0.248504887637474  -42  -1.1875
0.251572849213245  -42  -4.4375
0.242368964485931  -42  0
0.208621387152447  -42  14.1875
0.205553425576676  -42  2
0.208621387152447  -42  2
0.211689348728218  -42  0
0.211689348728218  -42  3.25
0.223961195031304  -42  -2
0.211689348728218  -42  -2
0.21475731030399  -42  0
0.208621387152447  -42  6.5
0.217825271879761  -42  -4.4375
0.217825271879761  -42  -1.1875
0.220893233455532  -42  0
3.36248588704533  -41.5  0
0.223961195031304  -42  -3.25
3.35021404074224  -41.5  13
0.208621387152447  -42  1.1875
3.35634996389378  -41.5  8.9375
0.208621387152447  -42  0
3.35634996389378  -41.5  -4.0625
0.227029156607075  -42  0
3.36248588704533  -41.5  0
3.35021404074224  -41.5  13
0.208621387152447  -42  0
3.35021404074224  -41.5  8.9375
0.211689348728218  -42  2
0.205553425576676  -42  6.5
0.220893233455532  -42  -2
0.205553425576676  -42  5.25
0.223961195031304  -42  -2
0.217825271879761  -42  0
0.223961195031304  -42  0
3.3440781175907  -41.5  17.0625
0.202485464000905  -42  3.25
0.223961195031304  -42  -1.1875
0.205553425576676  -42  3.25
0.21475731030399  -42  -1.1875
0.202485464000905  -42  4.4375
0.21475731030399  -42  0
0.208621387152447  -42  0
3.35021404074224  -41.5  13
0.227029156607075  -42  -4.4375
0.211689348728218  -42  0
0.208621387152447  -42  1.1875
0.21475731030399  -42  -4.4375
0.208621387152447  -42  0
0.211689348728218  -42  -2
0.208621387152447  -42  7.6875
3.36862181019687  -41.5  -4.0625
0.223961195031304  -42  -2
0.217825271879761  -41.5  3.25
0.223961195031304  -42  -3.25
0.205553425576676  -42  2
0.205553425576676  -42  4.4375
3.3440781175907  -41.5  4.0625
0.208621387152447  -42  5.25
0.211689348728218  -42  0
0.205553425576676  -42  5.25
0.205553425576676  -42  1.1875
0.21475731030399  -42  -3.25
0.181009732970506  -42  15
0.202485464000905  -42  1.1875
0.205553425576676  -42  2
0.217825271879761  -42  0
3.33794219443916  -42  7.6875
0.196349540849362  -42  8.5
0.208621387152447  -42  2
0.187145656122048  -42  13
0.211689348728218  -42  -1.1875
3.35021404074224  -41.5  4.0625
0.208621387152447  -42  2
0.211689348728218  -42  -3.25
0.193281579273591  -42  11.75
3.33794219443916  -41.5  -4.0625
0.211689348728218  -42  2
0.193281579273591  -42  10.9375
0.211689348728218  -42  1.1875
0.21475731030399  -42  3.25
0.21475731030399  -42  0
0.211689348728218  -42  2
0.220893233455532  -42  -3.25
3.3440781175907  -42  8.5
0.21475731030399  -42  4.4375
0.208621387152447  -42  4.4375
0.223961195031304  -42  -3.25
0.211689348728218  -42  1.1875
0.211689348728218  -42  2
0.21475731030399  -42  1.1875
0.217825271879761  -42  1.1875
0.193281579273591  -42  14.1875
3.36248588704533  -41.5  13
3.36862181019687  -41.5  0
0.227029156607075  -41.5  -2
3.36862181019687  -41.5  0
0.230097118182846  -42  -2
0.230097118182846  -42  0
0.223961195031304  -42  -3.25
0.223961195031304  -42  2
0.217825271879761  -42  2
0.21475731030399  -42  0
0.220893233455532  -42  0
0.220893233455532  -42  -1.1875
3.35021404074224  -41.5  8.9375
0.220893233455532  -42  0
0.220893233455532  -42  -1.1875
0.21475731030399  -42  1.1875
0.233165079758617  -42  -1.1875
0.223961195031304  -42  1.1875
0.227029156607075  -42  -2
0.21475731030399  -42  1.1875
0.21475731030399  -42  3.25
3.35021404074224  -41.5  4.0625
3.35634996389378  -41.5  0
0.220893233455532  -42  0
3.35634996389378  -41.5  0
0.230097118182846  -42  -4.4375
3.33487423286338  -42  11.75
0.193281579273591  -42  10.9375
0.208621387152447  -42  5.25
3.35634996389378  -41.5  0
0.211689348728218  -42  3.25
0.21475731030399  -42  0
0.227029156607075  -42  -3.25
0.21475731030399  -42  0
0.211689348728218  -42  3.25
