5.35052498814512  -44.5  17.0625
2.22427214243418  -44.5  1.1875
5.35972887287243  -44.5  13
5.39961237335746  -44.5  -21.9375
2.23347602716149  -44.5  6.5
5.35666091129666  -44.5  15
5.37506868075129  -44.5  4.0625
5.35666091129666  -44.5  10.9375
5.3627968344482  -44.5  16.25
5.35052498814512  -44.5  19.5
2.24267991188881  -44.5  -4.4375
2.22120418085841  -44.5  15
5.37506868075129  -44.5  8.9375
2.24574787346458  -44.5  0
5.35359294972089  -44.5  17.4375
5.39961237335746  -44.5  -26
5.35052498814512  -44.5  8.9375
5.3413211034178  -44.5  17.4375
5.34438906499357  -44.5  15
5.39347645020591  -44.5  -26
2.23040806558572  -44.5  -2
2.20586437297955  -44.5  17.4375
2.22734010400995  -44.5  0
5.34438906499357  -44.5  17.4375
2.22427214243418  -44.5  0
2.22427214243418  -44.5  4.4375
5.33211721869049  -44.5  20.75
2.22734010400995  -44.5  0
5.35052498814512  -44.5  8.5
2.20893233455532  -44.5  10.9375
5.34745702656935  -44.5  11.75
5.3413211034178  -44.5  16.25
5.405748296509  -44.5  -30.0625
5.34438906499357  -44.5  14.1875
5.3413211034178  -44.5  16.25
2.22427214243418  -44.5  3.25
5.3413211034178  -44.5  20.75
5.34745702656935  -44.5  11.75
2.23040806558572  -44.5  -1.1875
5.35359294972089  -44.5  13
2.23347602716149  -44.5  -3.25
2.21506825770687  -44.5  3.25
2.23654398873726  -44.5  -1.1875
2.22734010400995  -44.5  1.1875
5.35052498814512  -44.5  13
5.35052498814512  -44.5  8.9375
2.21813621928264  -44.5  5.25
2.22734010400995  -44.5  -3.25
5.33825314184203  -44.5  16.25
5.33825314184203  -44.5  20.75
5.34745702656935  -44.5  14.1875
2.23040806558572  -44.5  1.1875
5.33518518026626  -44.5  17.4375
5.36893275759974  -44.5  -4.0625
5.33211721869049  -44.5  16.25
5.38120460390283  -44.5  -8.9375
2.21200029613109  -44.5  9.75
5.37506868075129  -44.5  0
5.34745702656935  -44.5  13
5.35052498814512  -44.5  13
2.21506825770687  -44.5  9.75
5.34438906499357  -44.5  16.25
5.37506868075129  -44.5  -8.9375
2.22120418085841  -44.5  -2
5.33825314184203  -44.5  16.25
2.21813621928264  -44.5  3.25
5.33518518026626  -44.5  20.75
2.21200029613109  -44.5  5.25
2.22427214243418  -44.5  2
2.22120418085841  -44.5  6.5
2.22734010400995  -44.5  3.25
2.22734010400995  -44.5  0
5.33825314184203  -44.5  17.4375
2.23040806558572  -44.5  1.1875
5.35052498814512  -44.5  8.9375
2.21813621928264  -44.5  3.25
5.35666091129666  -44.5  8.9375
5.34438906499357  -44.5  13
5.33518518026626  -44.5  20.75
2.23347602716149  -44.5  -2
5.3413211034178  -44.5  16.25
5.35359294972089  -44.5  6.5
2.23040806558572  -44.5  0
5.36893275759974  -44.5  -13
2.23040806558572  -44.5  1.1875
5.36893275759974  -44.5  0
5.38120460390283  -44.5  -8.9375
5.34438906499357  -44.5  4.0625
5.33518518026626  -44.5  20.75
5.36893275759974  -44.5  0
5.39961237335746  -44.5  -30.0625
5.33518518026626  -44.5  17.4375
5.35359294972089  -44.5  15
5.3413211034178  -44.5  15
5.36893275759974  -44.5  -8.9375
5.34745702656935  -44.5  14.1875
2.22734010400995  -44.5  -2
5.34745702656935  -44.5  13
2.22120418085841  -44.5  3.25
5.33211721869049  -44.5  19.5
5.34438906499357  -44.5  13
2.23040806558572  -44.5  -1.1875
5.3413211034178  -44.5  15
5.35052498814512  -44.5  8.9375
2.23040806558572  -44.5  -2
5.37506868075129  -44.5  -8.9375
5.34745702656935  -44.5  15
5.38120460390283  -44.5  -13
5.34438906499357  -44.5  14.1875
5.34745702656935  -44.5  16.25
5.33825314184203  -44.5  18.25
2.22120418085841  -44.5  1.1875
5.33825314184203  -44.5  17.4375
2.22734010400995  -44.5  1.1875
2.22734010400995  -44.5  3.25
5.3627968344482  -44.5  0
2.21813621928264  -44.5  2
5.3627968344482  -44.5  0
2.21506825770687  -44.5  7.6875
5.35052498814512  -44.5  8.9375
5.3413211034178  -44.5  18.25
2.21506825770687  -44.5  7.6875
5.3413211034178  -44.5  19.5
5.3627968344482  -44.5  4.0625
5.34745702656935  -44.5  13
5.33825314184203  -44.5  18.25
2.23347602716149  -44.5  -2
5.37506868075129  -44.5  -8.9375
2.23347602716149  -44.5  2
5.3413211034178  -44.5  21.5625
2.23347602716149  -44.5  0
5.3627968344482  -44.5  5.25
