0.131922347758165  -35  13
0.159534001940107  -34.5  4.0625
0.165669925091649  -34.5  -8.9375
0.134990309333936  -35  15
0.171805848243192  -34.5  -13
0.165669925091649  -35  -1.1875
0.138058270909708  -35  14.1875
3.30419461710567  -35  0
0.184077694546277  -34.5  -17.0625
0.134990309333936  -35  15
0.147262155637022  -35  11.75
0.138058270909708  -35  15
0.174873809818963  -35  -5.25
3.31646646340876  -35  -4.4375
0.159534001940107  -35  -1.1875
3.31339850183298  -35  -4.4375
0.141126232485479  -35  11.75
0.14419419406125  -35  11.75
0.150330117212793  -35  10.9375
3.31953442498453  -35  -8.5
0.131922347758165  -35  13
0.159534001940107  -35  0
0.147262155637022  -35  9.75
0.153398078788564  -35  2
0.165669925091649  -34.5  -9.75
0.14419419406125  -35  9.75
0.134990309333936  -35  14.1875
0.171805848243192  -34.5  -13
0.134990309333936  -35  14.1875
0.122718463030851  -35  16.25
3.30726257868144  -35  -3.25
0.134990309333936  -34.5  10.9375
0.138058270909708  -34.5  9.75
0.131922347758165  -34.5  13
3.26431111662064  -34.5  15
0.165669925091649  -34.5  -14.625
0.128854386182394  -34.5  10.9375
3.31033054025721  -34.5  -6.5
0.147262155637022  -34.5  4.0625
0.165669925091649  -34.5  -8.9375
0.141126232485479  -34.5  9.75
0.14419419406125  -34.5  14.1875
0.153398078788564  -34.5  11.75
0.153398078788564  -34.5  13
3.31033054025721  -34.5  5.25
0.184077694546277  -34  0
0.181009732970506  -34.5  1.1875
0.177941771394734  -34.5  0
0.165669925091649  -34.5  9.75
0.156466040364335  -34.5  14.1875
0.165669925091649  -34.5  9.75
0.147262155637022  -34.5  20.75
3.33180627128761  -34.5  -6.5
0.162601963515878  -34.5  9.75
3.32873830971184  -34.5  -2
3.28578684765104  -34.5  14.1875
0.184077694546277  -34.5  -4.0625
0.153398078788564  -34.5  11.75
0.141126232485479  -34.5  14.1875
3.3226023865603  -34.5  -5.25
3.31033054025721  -34.5  -2
0.171805848243192  -34.5  -4.0625
3.30419461710567  -34.5  -2
0.138058270909708  -34.5  7.6875
0.131922347758165  -34.5  11.75
0.128854386182394  -34.5  11.75
0.122718463030851  -34.5  16.25
0.165669925091649  -34.5  -4.0625
0.150330117212793  -34.5  -1.1875
0.156466040364335  -35  -2
0.134990309333936  -34.5  11.75
0.153398078788564  -34.5  1.1875
0.131922347758165  -34.5  10.9375
0.138058270909708  -34.5  8.5
0.159534001940107  -34.5  -4.0625
0.125786424606623  -34.5  16.25
0.128854386182394  -34.5  14.1875
0.141126232485479  -34.5  10.9375
0.165669925091649  -34.5  -4.0625
0.162601963515878  -34.5  1.1875
0.184077694546277  -34.5  -17.0625
0.138058270909708  -34.5  14.1875
0.138058270909708  -34.5  13
0.138058270909708  -34.5  15
0.150330117212793  -34.5  10.9375
0.147262155637022  -34.5  17.4375
0.134990309333936  -34.5  16.25
0.150330117212793  -34.5  10.9375
0.138058270909708  -34.5  13
3.31033054025721  -34.5  1.1875
0.177941771394734  -34.5  0
0.159534001940107  -34.5  2
0.141126232485479  -34.5  9.75
0.131922347758165  -34.5  15
0.171805848243192  -34.5  -13
0.165669925091649  -34.5  0
0.134990309333936  -34.5  9.75
0.141126232485479  -34.5  8.5
0.125786424606623  -34.5  14.1875
0.153398078788564  -34.5  0
0.153398078788564  -34.5  2
0.125786424606623  -34.5  11.75
0.134990309333936  -34.5  14.1875
0.128854386182394  -34.5  9.75
0.159534001940107  -34.5  -4.0625
0.125786424606623  -34.5  15
0.122718463030851  -34.5  13
0.138058270909708  -34.5  9.75
0.131922347758165  -34.5  13
3.30726257868144  -34.5  -3.25
0.147262155637022  -34.5  0
0.138058270909708  -34.5  9.75
0.11965050145508  -34.5  16.25
0.125786424606623  -34.5  13
0.128854386182394  -34.5  14.1875
0.138058270909708  -34.5  9.75
0.134990309333936  -34.5  9.75
0.125786424606623  -34.5  16.25
0.128854386182394  -34.5  13
0.159534001940107  -34.5  -9.75
3.28885480922681  -34.5  1.1875
0.165669925091649  -34.5  -4.875
0.131922347758165  -34.5  10.9375
0.156466040364335  -34.5  1.1875
3.28271888607527  -34.5  7.6875
3.29192277080259  -34.5  2
0.159534001940107  -34.5  -9.75
0.131922347758165  -34.5  11.75
3.31033054025721  -34.5  -2
0.14419419406125  -34.5  11.75
0.128854386182394  -34.5  15
0.159534001940107  -34.5  -4.0625
