4.35650543759522  -43.5  21.9375
4.36877728389831  -43.5  21.9375
1.25172832291468  -44  5.25
4.38104913020139  -43.5  4.0625
1.2394564766116  -44  10.9375
1.25786424606623  -44  2
1.26706813079354  -44  -4.4375
1.23638851503583  -44  10.9375
1.25786424606623  -44  0
1.260932207642  -44  -2
1.25479628449045  -44  2
1.260932207642  -44  -3.25
4.40559282280756  -43.5  -8.9375
1.260932207642  -44  -1.1875
1.25172832291468  -44  -1.1875
1.24252443818737  -44  9.75
4.38718505335293  -43.5  0
1.26400016921777  -44  -5.25
1.26400016921777  -44  -1.1875
1.26400016921777  -44  1.1875
1.26400016921777  -44  2
4.38411709177716  -44  13
1.23638851503583  -44  10.9375
1.26400016921777  -44  0
4.39332097650448  -44  8.5
4.37491320704985  -43.5  17.0625
1.26400016921777  -44  -3.25
1.26400016921777  -44  1.1875
1.260932207642  -44  -1.1875
1.25172832291468  -44  6.5
1.27013609236931  -44  -5.25
1.25479628449045  -44  3.25
1.27320405394508  -44  -4.4375
1.260932207642  -44  0
1.24559239976314  -44  10.9375
4.36264136074676  -44  17.0625
4.37184524547408  -44  15
1.27013609236931  -44  -5.25
4.38718505335293  -44  4.4375
1.24866036133891  -44  2
4.36877728389831  -43.5  21.9375
4.38411709177716  -44  8.5
1.24559239976314  -44  2
1.25786424606623  -44  0
4.38411709177716  -44  10.9375
1.2394564766116  -44  10.9375
1.24866036133891  -44  2
4.36877728389831  -43.5  13
1.25786424606623  -44  1.1875
1.22718463030851  -44  8.5
1.24866036133891  -44  3.25
1.24866036133891  -44  2
1.2394564766116  -44  5.25
4.37491320704985  -44  7.6875
4.38411709177716  -44  9.75
4.38104913020139  -44  9.75
1.24559239976314  -44  1.1875
1.25479628449045  -44  -3.25
1.24559239976314  -44  1.1875
1.2394564766116  -44  5.25
4.35036951444368  -44  26
1.25172832291468  -44  1.1875
1.25479628449045  -44  -2
1.24866036133891  -44  -3.25
4.38104913020139  -43.5  0
4.37798116862562  -44  13
4.37491320704985  -43.5  17.0625
1.25479628449045  -44  -1.1875
4.35650543759522  -43.5  13
1.23025259188428  -44  10.9375
4.36877728389831  -43.5  13
1.25479628449045  -44  -2
1.25172832291468  -44  1.1875
1.24252443818737  -44  2
1.25172832291468  -44  3.25
1.25172832291468  -44  -2
4.37491320704985  -43.5  13
1.25479628449045  -44  0
1.25479628449045  -44  1.1875
1.24252443818737  -44  0
1.24252443818737  -44  0
4.37491320704985  -44  11.75
1.25172832291468  -44  -3.25
1.24866036133891  -44  3.25
4.37798116862562  -44  14.1875
1.25479628449045  -44  -4.4375
1.25172832291468  -44  2
1.24559239976314  -44  2
1.24252443818737  -44  2
4.36570932232253  -44  14.1875
1.22718463030851  -44  14.1875
1.24559239976314  -44  -1.1875
1.24559239976314  -44  2
1.24252443818737  -44  6.5
1.24866036133891  -44  3.25
1.24866036133891  -44  1.1875
1.25172832291468  -44  -1.1875
1.25479628449045  -44  -1.1875
4.38104913020139  -43.5  -4.0625
1.2394564766116  -44  3.25
1.2394564766116  -44  8.5
1.22718463030851  -44  7.6875
1.23025259188428  -44  7.6875
4.38104913020139  -44  7.6875
4.36264136074676  -44  13
1.25479628449045  -44  -4.4375
1.2394564766116  -44  2
1.24252443818737  -44  7.6875
4.37491320704985  -43.5  13
4.38104913020139  -43.5  0
1.22718463030851  -44  11.75
1.24252443818737  -44  4.4375
1.24252443818737  -44  5.25
1.24559239976314  -44  2
1.25479628449045  -44  -4.4375
1.23638851503583  -44  2
4.36877728389831  -44  13
4.36264136074676  -44  8.9375
1.25172832291468  -44  -4.4375
1.2394564766116  -44  2
4.36877728389831  -44  4.0625
4.39332097650448  -43.5  0
1.25479628449045  -44  -3.25
1.25172832291468  -44  -1.1875
1.24559239976314  -44  6.5
1.24866036133891  -44  0
1.25479628449045  -44  -1.1875
4.37491320704985  -44  10.9375
4.37798116862562  -44  8.5
1.2394564766116  -44  7.6875
1.24252443818737  -44  2
1.25172832291468  -44  -3.25
