5.7156124156619  -49.5  15
5.73095222354076  -49.5  10.9375
5.72174833881344  -49  15
2.60163141625405  -49  13
2.62003918570868  -49  -4.0625
5.74015610826807  -49  11.75
5.74015610826807  -49  10.9375
5.72788426196498  -49  11.75
5.72788426196498  -49  15
5.72788426196498  -49  16.25
5.72788426196498  -49  9.75
5.72481630038921  -49  14.1875
5.72788426196498  -49  15
2.62617510886022  -48.5  0
5.73402018511653  -49.5  10.9375
5.71868037723767  -49.5  18.25
5.72788426196498  -49  16.25
5.7370881466923  -49  6.5
2.62617510886022  -49  4.0625
5.7370881466923  -49.5  9.75
5.74015610826807  -49  15
5.73095222354076  -49.5  14.1875
5.74629203141961  -49  4.4375
5.75549591614693  -49  2
2.60163141625405  -49  21.9375
5.73095222354076  -49.5  13
5.72481630038921  -49.5  19.5
5.74322406984384  -49.5  5.25
2.60163141625405  -49  30.0625
5.74322406984384  -49  6.5
5.73095222354076  -49.5  16.25
5.74629203141961  -49  8.5
5.73095222354076  -49.5  15
5.70640853093458  -49.5  28.0625
5.72481630038921  -49.5  17.4375
5.7370881466923  -49.5  14.1875
5.7370881466923  -49.5  13
2.60163141625405  -49  30.0625
5.7370881466923  -49.5  15
2.61390326255713  -49  17.0625
2.63231103201176  -49  0
5.73402018511653  -49.5  13
5.73402018511653  -49.5  15
2.62617510886022  -49  0
5.75242795457115  -49.5  11.75
5.73095222354076  -49.5  17.4375
5.75242795457115  -49.5  8.5
5.72481630038921  -49  15
5.75242795457115  -49  1.1875
5.74015610826807  -49.5  15
5.75549591614693  -49  8.5
5.73402018511653  -49.5  11.75
5.74322406984384  -49.5  9.75
5.7370881466923  -49  14.1875
5.74629203141961  -49.5  10.9375
5.74015610826807  -49.5  14.1875
5.74322406984384  -49.5  13
5.74322406984384  -49.5  9.75
5.74015610826807  -49  11.75
5.74935999299538  -49  9.75
5.74322406984384  -49.5  14.1875
5.74322406984384  -49.5  14.1875
5.75242795457115  -49  8.5
5.74322406984384  -49.5  11.75
5.75549591614693  -49.5  5.25
5.75549591614693  -49  6.5
2.61390326255713  -49  26
5.74015610826807  -49  16.25
5.74629203141961  -49.5  15
5.76776776245001  -49  0
5.75549591614693  -49.5  9.75
2.5954954931025  -49  34.9375
5.74935999299538  -49  8.5
2.6384469551633  -49  8.9375
5.74629203141961  -49.5  14.1875
5.75242795457115  -49.5  6.5
5.7585638777227  -49  6.5
5.74629203141961  -49.5  10.9375
5.75549591614693  -49  6.5
5.75242795457115  -49  8.5
5.74015610826807  -49.5  13
5.74935999299538  -49  11.75
5.74322406984384  -49.5  16.25
5.7370881466923  -49.5  17.4375
5.74015610826807  -49.5  19.5
2.60776733940559  -49  8.9375
5.74015610826807  -49.5  14.1875
5.74015610826807  -49.5  11.75
5.75549591614693  -49  5.25
2.63231103201176  -49  8.9375
5.74322406984384  -49.5  18.25
5.75549591614693  -49  11.75
5.75549591614693  -49.5  7.6875
5.75549591614693  -49  9.75
2.60776733940559  -49  26
5.74935999299538  -49.5  10.9375
5.74935999299538  -49.5  9.75
2.63231103201176  -48.5  13
5.74322406984384  -49.5  15
5.74935999299538  -49.5  11.75
5.74015610826807  -49.5  16.25
5.75242795457115  -49  9.75
5.74935999299538  -49.5  10.9375
5.7370881466923  -49.5  14.1875
5.74015610826807  -49  21.5625
5.74322406984384  -49.5  17.4375
5.72788426196498  -49.5  22.75
2.60776733940559  -49  48
5.7370881466923  -49.5  18.25
2.5954954931025  -48.5  34.9375
5.74629203141961  -49.5  9.75
5.75549591614693  -49  5.25
5.74629203141961  -49.5  7.6875
5.75242795457115  -49  9.75
5.74935999299538  -49  6.5
5.73402018511653  -49.5  15
5.74629203141961  -49.5  8.5
5.75549591614693  -49  4.4375
2.62003918570868  -49  8.9375
2.61390326255713  -49  30.0625
5.74015610826807  -49.5  18.25
2.62617510886022  -49  17.0625
5.74322406984384  -49.5  17.4375
5.74935999299538  -49.5  13
5.75242795457115  -49.5  5.25
5.76163183929847  -49.5  7.6875
5.74015610826807  -49.5  15
5.76469980087424  -49  5.25
5.74935999299538  -49.5  9.75
5.74322406984384  -49.5  14.1875
2.60776733940559  -49  26
5.76163183929847  -49.5  5.25
