0.518485506305347  -40.5  -1.1875
3.65087427516783  -40.5  21.9375
0.530757352608432  -40.5  0
0.512349583153804  -40.5  3.25
0.530757352608432  -40.5  -2
0.518485506305347  -40.5  -1.1875
0.500077736850719  -40.5  7.6875
0.515417544729575  -40.5  2
0.509281621578033  -40.5  2
3.64473835201628  -40.5  17.0625
0.524621429456889  -40.5  -2
3.64473835201628  -40.5  26
0.524621429456889  -40.5  -2
3.64473835201628  -40.5  26
0.530757352608432  -40.5  -4.4375
0.50314569842649  -40.5  7.6875
3.6324665057132  -40.5  30.0625
0.521553467881118  -40.5  3.25
0.530757352608432  -40.5  0
0.512349583153804  -40.5  2
0.500077736850719  -40.5  8.5
3.64473835201628  -40.5  26
0.518485506305347  -40.5  0
0.524621429456889  -40.5  -1.1875
0.524621429456889  -40.5  1.1875
0.521553467881118  -40.5  2
0.527689391032661  -40.5  -1.1875
0.524621429456889  -40.5  -1.1875
0.515417544729575  -40.5  0
0.527689391032661  -40.5  -3.25
0.515417544729575  -40.5  2
3.65701019831937  -40.5  8.9375
0.518485506305347  -40.5  0
0.518485506305347  -40.5  3.25
0.518485506305347  -40.5  -1.1875
0.521553467881118  -40.5  -1.1875
0.515417544729575  -40.5  -1.1875
0.527689391032661  -40.5  -1.1875
3.63860242886474  -40.5  21.9375
3.63860242886474  -40.5  26
3.63860242886474  -40.5  17.0625
0.512349583153804  -40.5  3.25
0.515417544729575  -40.5  1.1875
3.63860242886474  -40.5  30.0625
3.6324665057132  -40.5  26
0.515417544729575  -40.5  -1.1875
0.512349583153804  -40.5  0
0.518485506305347  -40.5  5.25
0.515417544729575  -40.5  2
0.518485506305347  -40.5  -4.4375
0.484737928971863  -40.5  15
3.66928204462245  -40.5  -2
0.518485506305347  -40.5  -2
0.518485506305347  -40.5  1.1875
0.530757352608432  -40.5  -1.1875
0.524621429456889  -40.5  -2
3.63860242886474  -40.5  34.9375
0.527689391032661  -40.5  0
0.527689391032661  -40.5  -1.1875
0.509281621578033  -40.5  1.1875
0.518485506305347  -40.5  2
0.518485506305347  -40.5  0
3.65087427516783  -40.5  17.0625
0.521553467881118  -40.5  0
0.533825314184203  -40.5  -1.1875
0.515417544729575  -40.5  0
0.524621429456889  -40.5  -2
0.521553467881118  -40.5  -2
3.62633058256166  -40.5  30.0625
0.521553467881118  -40.5  -1.1875
0.521553467881118  -40.5  -1.1875
0.512349583153804  -40.5  0
3.63860242886474  -40.5  21.9375
0.512349583153804  -40.5  1.1875
0.521553467881118  -40.5  -1.1875
0.509281621578033  -40.5  2
0.509281621578033  -40.5  2
0.509281621578033  -40.5  1.1875
0.509281621578033  -40.5  0
0.512349583153804  -40.5  0
0.521553467881118  -40.5  -3.25
0.527689391032661  -40.5  -2
0.524621429456889  -40.5  -3.25
0.515417544729575  -40.5  -1.1875
3.63860242886474  -40.5  21.9375
0.515417544729575  -40.5  3.25
0.524621429456889  -40.5  -1.1875
0.518485506305347  -40.5  1.1875
0.509281621578033  -40.5  3.25
0.524621429456889  -40.5  1.1875
0.518485506305347  -40.5  -2
0.512349583153804  -40.5  1.1875
3.64473835201628  -40.5  21.9375
0.512349583153804  -40.5  0
3.6324665057132  -40.5  17.0625
0.518485506305347  -40.5  2
0.524621429456889  -40.5  -3.25
0.515417544729575  -40.5  -1.1875
0.512349583153804  -40.5  3.25
0.515417544729575  -40.5  4.4375
0.515417544729575  -40.5  1.1875
3.63860242886474  -40.5  13
0.521553467881118  -40.5  -1.1875
0.509281621578033  -40.5  2
0.515417544729575  -40.5  1.1875
3.63860242886474  -40.5  21.9375
0.487805890547634  -40.5  11.75
0.521553467881118  -40.5  0
3.62633058256166  -40.5  30.0625
3.62633058256166  -40.5  26
0.515417544729575  -40.5  0
0.47860200582032  -40.5  16.25
3.63860242886474  -40.5  13
0.515417544729575  -40.5  -1.1875
0.506213660002262  -40.5  2
0.521553467881118  -40.5  -2
0.518485506305347  -40.5  3.25
0.512349583153804  -40.5  -1.1875
0.521553467881118  -40.5  -3.25
0.506213660002262  -40.5  0
3.6324665057132  -40.5  21.9375
0.518485506305347  -40.5  1.1875
3.62633058256166  -40.5  26
0.524621429456889  -40.5  -3.25
0.518485506305347  -40.5  -1.1875
0.524621429456889  -40.5  -3.25
0.487805890547634  -40.5  13
0.490873852123405  -40.5  13
0.518485506305347  -40.5  -4.4375
0.515417544729575  -40.5  -1.1875
0.524621429456889  -40.5  1.1875
0.530757352608432  -40.5  -4.4375
