0.0490873852123405  -46  13
0.0736310778185108  -46  1.1875
0.0552233083638831  -46  15
0.0920388472731385  -46.5  -13
0.0644271930911969  -46  11.75
0.0582912699396544  -46.5  10.9375
0.0490873852123405  -46  16.25
0.0644271930911969  -46.5  7.6875
0.0552233083638831  -46  13
0.0613592315154256  -46  13
0.0582912699396544  -46  14.1875
0.0613592315154256  -46  6.5
0.0552233083638831  -46  11.75
0.0644271930911969  -46  9.75
0.0552233083638831  -46  13
0.0920388472731385  -46  -13
0.0552233083638831  -46  15
0.0552233083638831  -46  11.75
0.0552233083638831  -46  13
0.0552233083638831  -46  11.75
0.0582912699396544  -46  13
0.0582912699396544  -46  16.25
0.0644271930911969  -46  9.75
0.0460194236365692  -46  19.5
0.0521553467881118  -46  13
0.0613592315154256  -46  9.75
0.0582912699396544  -46  11.75
0.0582912699396544  -46  15
0.0552233083638831  -46  11.75
0.0490873852123405  -46  11.75
0.0674951546669682  -46  8.5
0.0552233083638831  -46  9.75
0.0460194236365692  -46  14.1875
0.0920388472731385  -46.5  -21.9375
0.0552233083638831  -46  8.5
0.0521553467881118  -46  10.9375
0.0521553467881118  -46  9.75
0.0490873852123405  -46  10.9375
0.0490873852123405  -46  16.25
0.0460194236365692  -46  16.25
0.042951462060798  -46  15
0.0490873852123405  -46  11.75
0.0460194236365692  -46  16.25
0.0552233083638831  -46.5  0
0.0736310778185108  -46  4.0625
0.0920388472731385  -46  -21.9375
0.0460194236365692  -46  17.4375
0.0797670009700533  -46.5  -8.9375
0.0521553467881118  -46  1.1875
0.0398835004850267  -46  15
0.0552233083638831  -46.5  -8.9375
0.0490873852123405  -46.5  -8.9375
0.0490873852123405  -46.5  0
0.0184077694546277  -46  14.1875
0.021475731030399  -46  14.1875
0.021475731030399  -46  10.9375
0.0736310778185108  -46  -26
0.0337475773334841  -46  3.25
0.0490873852123405  -46.5  -13
0.0153398078788564  -46  16.25
0.042951462060798  -46  -1.1875
0.0552233083638831  -46  -13
0.0276116541819415  -46  10.9375
0.0306796157577128  -46  13
0.0245436926061703  -46  11.75
0.0245436926061703  -46  11.75
0.0153398078788564  -46  14.1875
0.0245436926061703  -46  10.9375
0.0276116541819415  -46  11.75
0.0276116541819415  -46  9.75
0.0276116541819415  -46  11.75
0.0337475773334841  -46  13
0.0398835004850267  -46  11.75
0.0490873852123405  -46  10.9375
0.0644271930911969  -46  1.1875
0.0582912699396544  -46  7.6875
0.0644271930911969  -46  9.75
0.0613592315154256  -46  15
0.0552233083638831  -46  15
0.0552233083638831  -46  11.75
0.0521553467881118  -46  11.75
0.0521553467881118  -46  16.25
0.0521553467881118  -46  13
0.0552233083638831  -46.5  11.75
0.0674951546669682  -46  8.5
0.0552233083638831  -46.5  8.9375
0.0797670009700533  -46  -8.9375
0.0674951546669682  -46.5  4.0625
0.0552233083638831  -46  6.5
0.0674951546669682  -46.5  -8.9375
0.0337475773334841  -46  10.9375
0.0368155389092554  -46  8.5
0.0276116541819415  -46  11.75
0.0276116541819415  -46.5  9.75
0.0184077694546277  -46  9.75
0.0153398078788564  -46  13
0.042951462060798  -46.5  -8.9375
0.00613592315154256  -46.5  13
0.00306796157577128  -46  14.1875
0  -46  15
0.0368155389092554  -46.5  -13
6.27398142245227  -46.5  21.5625
0.0490873852123405  -46.5  -21.9375
0.00613592315154256  -46  7.6875
0.0368155389092554  -46.5  -17.0625
0.0245436926061703  -46.5  -4.0625
0  -46  14.1875
0.0306796157577128  -46.5  -8.9375
0.021475731030399  -46  11.75
0.0184077694546277  -46  11.75
0.0368155389092554  -46  10.9375
0.0490873852123405  -46  1.1875
0.0460194236365692  -46  10.9375
0.0552233083638831  -46.5  6.5
0.0368155389092554  -46.5  14.1875
0.0337475773334841  -46.5  14.1875
0.0552233083638831  -46.5  4.0625
0.0398835004850267  -46.5  14.1875
0.0398835004850267  -46.5  17.4375
0.0674951546669682  -46.5  0
0.0859029241215959  -46  -8.9375
0.042951462060798  -46.5  16.25
0.042951462060798  -46.5  16.25
0.0368155389092554  -46.5  19.5
0.0582912699396544  -46.5  5.25
0.0521553467881118  -46  11.75
0.0460194236365692  -46  15
0.0490873852123405  -46.5  9.75
0.0674951546669682  -46.5  -4.0625
0.0398835004850267  -46  11.75
0.0337475773334841  -46.5  7.6875
0.0306796157577128  -46  14.1875
