0.098174770424681  -40  17.4375
3.29499073237836  -40  0
0.153398078788564  -40  -1.1875
0.177941771394734  -39.5  -26
0.134990309333936  -40  16.25
0.128854386182394  -40  13
0.165669925091649  -39.5  -13
0.134990309333936  -40  15
0.165669925091649  -40  -13
0.171805848243192  -39.5  -13
0.14419419406125  -40  15
0.171805848243192  -39.5  -17.0625
0.14419419406125  -40  10.9375
0.138058270909708  -40  14.1875
0.153398078788564  -39.5  0
0.14419419406125  -40  10.9375
0.128854386182394  -40  15
0.14419419406125  -40  9.75
3.30726257868144  -40  0
0.14419419406125  -40  9.75
0.128854386182394  -40  15
0.153398078788564  -39.5  -21.9375
0.147262155637022  -39.5  -8.9375
0.116582539879309  -39.5  14.1875
0.141126232485479  -39.5  -8.9375
3.26124315504487  -40  7.6875
0.107378655151995  -39.5  14.1875
0.116582539879309  -39.5  14.1875
3.26124315504487  -40  7.6875
0.147262155637022  -39.5  -13
0.101242732000452  -40  14.1875
0.104310693576224  -40  15
0.101242732000452  -39.5  16.25
3.26431111662064  -40  6.5
0.153398078788564  -39.5  -13
0.153398078788564  -39.5  -21.9375
0.104310693576224  -40  18.25
3.26431111662064  -40  3.25
0.101242732000452  -40  16.25
0.110446616727766  -40  11.75
0.110446616727766  -40  14.1875
0.11965050145508  -40  8.5
3.26431111662064  -40  6.5
0.116582539879309  -40  11.75
0.122718463030851  -40  9.75
0.110446616727766  -40  14.1875
3.25510723189333  -40  15
0.104310693576224  -40  20.75
0.107378655151995  -40  19.5
0.110446616727766  -40  15
0.116582539879309  -40  14.1875
0.128854386182394  -40  13
0.138058270909708  -40  3.25
0.138058270909708  -40  3.25
0.125786424606623  -40  10.9375
3.2796509244995  -40  0
0.159534001940107  -39.5  -13
0.165669925091649  -39.5  -21.9375
0.165669925091649  -40  -17.0625
0.11965050145508  -40  11.75
0.122718463030851  -40  15
0.125786424606623  -40  13
0.11965050145508  -40  14.1875
0.131922347758165  -40  9.75
0.14419419406125  -40  3.25
0.159534001940107  -39.5  -13
0.153398078788564  -40  -8.9375
0.122718463030851  -40  14.1875
0.153398078788564  -39.5  -8.9375
0.122718463030851  -40  8.5
0.122718463030851  -40  16.25
0.113514578303537  -40  14.1875
0.107378655151995  -40  15
0.110446616727766  -40  15
0.153398078788564  -40  -17.0625
0.113514578303537  -40  15
0.116582539879309  -40  9.75
0.113514578303537  -40  10.9375
0.122718463030851  -40  10.9375
0.098174770424681  -39.5  18.25
0.134990309333936  -40  -8.9375
0.101242732000452  -39.5  19.5
0.107378655151995  -39.5  14.1875
0.098174770424681  -40  21.5625
3.26431111662064  -40  3.25
0.101242732000452  -40  16.25
0.110446616727766  -39.5  15
0.104310693576224  -39.5  15
0.125786424606623  -39.5  9.75
3.28885480922681  -40  -7.6875
0.134990309333936  -39.5  0
0.134990309333936  -40  -4.0625
0.125786424606623  -39.5  8.5
0.128854386182394  -39.5  4.0625
3.29192277080259  -39.5  -3.25
0.113514578303537  -39.5  13
0.098174770424681  -39.5  17.4375
0.11965050145508  -40  7.6875
0.116582539879309  -39.5  14.1875
0.134990309333936  -39.5  -8.9375
3.26124315504487  -39.5  5.25
3.26431111662064  -40  4.4375
0.104310693576224  -40  16.25
3.27658296292373  -39.5  -1.1875
0.110446616727766  -39.5  14.1875
0.141126232485479  -40  -13
0.113514578303537  -40  16.25
0.101242732000452  -40  15
0.101242732000452  -39.5  13
0.107378655151995  -39.5  11.75
3.26431111662064  -40  3.25
0.104310693576224  -40  14.1875
0.104310693576224  -40  11.75
0.104310693576224  -40  16.25
0.116582539879309  -39.5  11.75
0.116582539879309  -39.5  10.9375
0.098174770424681  -39.5  17.4375
0.131922347758165  -39.5  3.25
0.134990309333936  -39.5  -8.9375
0.101242732000452  -39.5  18.25
0.104310693576224  -39.5  17.4375
0.134990309333936  -39.5  -8.9375
0.141126232485479  -39.5  -4.0625
0.107378655151995  -39.5  13
0.153398078788564  -39.5  -13
0.113514578303537  -39.5  16.25
0.098174770424681  -39.5  18.25
0.134990309333936  -39.5  -8.9375
0.113514578303537  -39.5  13
0.134990309333936  -39.5  -13
0.101242732000452  -39.5  18.25
0.147262155637022  -40  -17.0625
