0.944932165337555  -42  0
4.09266074207889  -42.5  3.25
4.1018646268062  -42.5  3.25
4.10493258838198  -42.5  3.25
0.95720401164064  -42  -13
0.929592357458699  -42.5  17.4375
0.95720401164064  -42  -4.0625
4.09572870365466  -42.5  4.4375
0.963339934792183  -42  4.0625
4.09879666523043  -42.5  3.25
0.929592357458699  -42.5  19.5
0.969475857943725  -42  4.0625
4.09879666523043  -42.5  4.4375
0.95720401164064  -42  -8.9375
0.951068088489098  -42  0
0.944932165337555  -42  17.0625
4.09879666523043  -42.5  5.25
0.935728280610241  -42.5  15
4.09572870365466  -42.5  4.4375
4.10493258838198  -42.5  1.1875
4.1018646268062  -42.5  4.4375
0.948000126913326  -42.5  8.5
4.09879666523043  -42.5  2
0.944932165337555  -42.5  10.9375
0.948000126913326  -42.5  11.75
0.972543819519497  -42.5  0
0.948000126913326  -42.5  9.75
4.09572870365466  -42.5  6.5
4.08652481892735  -42.5  4.4375
4.08652481892735  -42.5  4.4375
4.08038889577581  -42.5  5.25
4.08652481892735  -42.5  3.25
4.08652481892735  -42.5  0
4.08959278050312  -42.5  2
4.07732093420003  -42.5  3.25
4.08959278050312  -42.5  -1.1875
0.938796242186012  -42  0
0.929592357458699  -42.5  9.75
0.944932165337555  -42  -13
0.920388472731385  -42.5  14.1875
4.08959278050312  -42.5  -1.1875
4.08345685735158  -42.5  2
0.926524395882927  -42  0
4.08038889577581  -42.5  1.1875
0.944932165337555  -42  -4.0625
0.917320511155613  -42.5  17.4375
0.938796242186012  -42  0
4.08038889577581  -42.5  3.25
4.08345685735158  -42.5  3.25
0.914252549579842  -42.5  17.4375
0.929592357458699  -42.5  9.75
4.09572870365466  -42.5  -3.25
0.9081166264283  -42.5  18.25
4.08345685735158  -42.5  2
4.07732093420003  -42.5  4.4375
4.08345685735158  -42  2
0.920388472731385  -42.5  8.5
0.920388472731385  -42  15
4.07732093420003  -42.5  4.4375
4.08652481892735  -42.5  0
0.920388472731385  -42.5  9.75
4.08959278050312  -42.5  1.1875
0.914252549579842  -42.5  15
4.08038889577581  -42.5  -1.1875
0.920388472731385  -42.5  15
0.9081166264283  -42.5  18.25
0.911184588004071  -42  15
0.914252549579842  -42.5  16.25
0.93266031903447  -42  4.0625
0.93266031903447  -42  0
0.920388472731385  -42.5  14.1875
4.08038889577581  -42.5  2
4.09266074207889  -42.5  0
4.09266074207889  -42.5  1.1875
4.07732093420003  -42.5  2
0.93266031903447  -42  13
4.08345685735158  -42.5  0
0.93266031903447  -42  4.0625
0.938796242186012  -42  0
0.938796242186012  -42  0
0.9081166264283  -42.5  13
0.926524395882927  -42  0
0.938796242186012  -42  -8.9375
0.920388472731385  -42.5  14.1875
4.06811704947272  -42.5  8.5
4.07732093420003  -42.5  4.4375
0.914252549579842  -42.5  15
0.9081166264283  -42.5  16.25
4.08038889577581  -42.5  5.25
0.926524395882927  -42  13
4.07732093420003  -42.5  7.6875
0.911184588004071  -42.5  22.75
4.08345685735158  -42.5  -1.1875
0.917320511155613  -42.5  13
4.07732093420003  -42.5  5.25
4.07425297262426  -42.5  4.4375
0.920388472731385  -42.5  11.75
4.07732093420003  -42.5  3.25
4.08345685735158  -42.5  2
0.920388472731385  -42.5  11.75
0.914252549579842  -42.5  8.9375
4.08345685735158  -42.5  2
0.944932165337555  -42  4.0625
4.08038889577581  -42.5  6.5
4.08038889577581  -42.5  5.25
4.08038889577581  -42.5  -2
0.93266031903447  -42  0
0.923456434307156  -42.5  10.9375
4.08345685735158  -42.5  2
4.07118501104849  -42.5  3.25
0.9081166264283  -42.5  16.25
0.926524395882927  -42  8.9375
4.07732093420003  -42.5  1.1875
4.08652481892735  -42.5  -1.1875
0.923456434307156  -42.5  14.1875
0.938796242186012  -42.5  2
4.08038889577581  -42.5  3.25
0.911184588004071  -42.5  16.25
0.911184588004071  -42.5  13
4.08652481892735  -42.5  3.25
0.926524395882927  -42  8.9375
0.929592357458699  -42.5  7.6875
0.975611781095268  -42  -21.9375
4.08038889577581  -42.5  6.5
0.917320511155613  -42.5  11.75
4.05277724159386  -42.5  15
0.920388472731385  -42.5  11.75
0.926524395882927  -42.5  9.75
0.938796242186012  -42  4.0625
0.911184588004071  -42.5  18.25
4.08345685735158  -42.5  4.4375
0.93266031903447  -42  4.0625
