0.920388472731385  -42  15
0.963339934792183  -42  6.5
0.951068088489098  -42  13
4.11413647310929  -42  3.25
0.963339934792183  -42  7.6875
0.941864203761784  -42  18.25
0.944932165337555  -42  15
4.10800054995775  -42  5.25
0.975611781095268  -42  1.1875
0.954136050064869  -42  14.1875
4.11720443468506  -42  -2
4.09879666523043  -42  5.25
0.954136050064869  -42  10.9375
0.941864203761784  -42  16.25
0.960271973216411  -42  15
4.11413647310929  -42  3.25
0.960271973216411  -42  10.9375
0.941864203761784  -42  14.1875
4.11106851153352  -42  4.4375
4.11720443468506  -42  3.25
0.929592357458699  -42  14.1875
4.1018646268062  -42  0
0.963339934792183  -42  -8.9375
0.954136050064869  -42  5.25
0.944932165337555  -42  -4.0625
0.969475857943725  -42  -13
0.93266031903447  -42  11.75
0.929592357458699  -42  17.4375
0.944932165337555  -42  0
0.951068088489098  -42  -8.9375
0.944932165337555  -42  -4.0625
0.938796242186012  -42  11.75
0.944932165337555  -42  -13
0.929592357458699  -42  13
0.929592357458699  -42  16.25
4.08959278050312  -42  5.25
0.920388472731385  -42  13
0.923456434307156  -42  14.1875
4.08652481892735  -42  3.25
4.08652481892735  -42  7.6875
0.944932165337555  -42  0
0.954136050064869  -42  6.5
4.10493258838198  -42  6.5
0.969475857943725  -42  -13
4.1233403578366  -42  2
0.969475857943725  -42  13
0.95720401164064  -42  14.1875
0.969475857943725  -42  0
4.1233403578366  -42  -1.1875
0.93266031903447  -42  19.5
0.969475857943725  -42  -8.9375
0.954136050064869  -42  7.6875
0.963339934792183  -42  -17.0625
4.12027239626083  -42.5  1.1875
0.969475857943725  -42  -17.0625
0.951068088489098  -42.5  11.75
0.95720401164064  -42  4.0625
0.938796242186012  -42.5  17.4375
0.951068088489098  -42  8.9375
0.95720401164064  -42  -8.9375
0.95720401164064  -42  -8.9375
0.951068088489098  -42  13
0.95720401164064  -42  -8.9375
0.95720401164064  -42  -4.0625
0.95720401164064  -42  -8.9375
4.11413647310929  -42  4.4375
4.12027239626083  -42.5  0
0.975611781095268  -42  -4.0625
0.975611781095268  -42  -8.9375
0.951068088489098  -42  -4.0625
0.948000126913326  -42.5  17.4375
0.95720401164064  -42  -8.9375
0.944932165337555  -42.5  15
0.948000126913326  -42.5  15
0.938796242186012  -42  13
0.95720401164064  -42.5  10.9375
4.11413647310929  -42.5  4.4375
0.938796242186012  -42.5  17.4375
0.972543819519497  -42.5  4.4375
0.963339934792183  -42  -8.9375
0.963339934792183  -42  -4.0625
0.969475857943725  -42  0
0.975611781095268  -42  -13
0.960271973216411  -42.5  10.9375
4.11106851153352  -42.5  2
0.969475857943725  -42  -4.0625
0.95720401164064  -42  -4.0625
0.963339934792183  -42  -4.0625
4.11413647310929  -42.5  4.4375
4.1233403578366  -42.5  0
0.93266031903447  -42.5  22.75
0.969475857943725  -42  -4.0625
4.12027239626083  -42.5  3.25
0.972543819519497  -42.5  -1.1875
0.951068088489098  -42.5  14.1875
0.975611781095268  -42  -8.9375
4.11720443468506  -42.5  4.4375
0.963339934792183  -42  0
0.98174770424681  -42  -17.0625
0.948000126913326  -42.5  15
0.95720401164064  -42  13
4.11413647310929  -42.5  3.25
4.11720443468506  -42.5  1.1875
4.10800054995775  -42.5  6.5
0.969475857943725  -42  0
0.95720401164064  -42.5  8.5
0.963339934792183  -42  -13
0.938796242186012  -42.5  16.25
4.10800054995775  -42.5  5.25
0.944932165337555  -42.5  16.25
4.12027239626083  -42.5  2
0.963339934792183  -42  4.0625
4.11106851153352  -42.5  6.5
0.987883627398353  -42  -13
0.98174770424681  -42  -13
0.975611781095268  -42  -8.9375
0.969475857943725  -42  -4.0625
0.95720401164064  -42  0
0.951068088489098  -42  13
0.994019550549895  -42  -34.9375
0.941864203761784  -42.5  18.25
0.975611781095268  -42  0
0.975611781095268  -42  -17.0625
0.960271973216411  -42.5  14.1875
4.11413647310929  -42.5  3.25
0.969475857943725  -42  -8.9375
0.95720401164064  -42  13
4.11413647310929  -42.5  3.25
4.11413647310929  -42.5  5.25
0.975611781095268  -42  0
0.95720401164064  -42  0
4.12027239626083  -42.5  2
