1.25172832291468  -44.5  0
1.25786424606623  -44.5  -17.0625
1.24252443818737  -44.5  14.1875
1.28854386182394  -44.5  -13
1.2394564766116  -44.5  17.4375
1.26400016921777  -44.5  -4.0625
4.40559282280756  -44.5  6.5
4.40252486123179  -44.5  8.5
1.28854386182394  -44.5  -39
1.26400016921777  -44.5  0
1.27627201552085  -44.5  -17.0625
4.4117287459591  -44.5  4.4375
1.25786424606623  -44.5  0
1.26400016921777  -44.5  7.6875
4.4117287459591  -45  2
1.30081570812702  -44.5  -30.0625
1.260932207642  -44.5  11.75
1.25172832291468  -44.5  -4.0625
4.41786466911065  -44.5  5.25
1.26400016921777  -44.5  -4.0625
1.24252443818737  -44.5  20.75
1.25786424606623  -44.5  -8.9375
1.27013609236931  -44.5  -13
4.40866078438333  -45  4.4375
1.23332055346006  -44.5  15
1.24559239976314  -44.5  -4.0625
4.37184524547408  -45  14.1875
4.40559282280756  -45  0
1.26400016921777  -44.5  -21.9375
1.25786424606623  -44.5  -4.0625
4.3902530149287  -45  6.5
1.23638851503583  -45  14.1875
1.2394564766116  -45  15
4.3902530149287  -45  8.5
1.24559239976314  -44.5  -4.0625
4.40559282280756  -44.5  2
4.39638893808025  -45  2
1.23638851503583  -44.5  15
1.24559239976314  -44.5  0
4.40559282280756  -44.5  3.25
4.38411709177716  -45  6.5
1.24559239976314  -44.5  -8.9375
1.24866036133891  -44.5  10.9375
1.24252443818737  -44.5  9.75
1.24559239976314  -44.5  -13
1.25786424606623  -44.5  -13
4.38411709177716  -45  6.5
4.40559282280756  -44.5  2
1.27627201552085  -44.5  -21.9375
1.23332055346006  -44.5  -8.9375
4.39945689965602  -45  3.25
4.3902530149287  -45  1.1875
1.25172832291468  -44.5  -8.9375
4.38104913020139  -44.5  8.5
1.21491278400543  -44.5  8.9375
1.25786424606623  -44.5  -13
4.39332097650448  -44.5  4.4375
1.23332055346006  -44.5  4.0625
4.39332097650448  -44.5  7.6875
1.23332055346006  -44.5  8.9375
4.3902530149287  -44.5  4.4375
4.3902530149287  -44.5  3.25
1.22718463030851  -44.5  13
4.40559282280756  -44.5  1.1875
1.25172832291468  -44.5  -13
1.23332055346006  -44.5  15
1.25172832291468  -44.5  -4.0625
1.2394564766116  -44.5  4.0625
1.24252443818737  -44.5  8.5
1.24559239976314  -44.5  -8.9375
4.39332097650448  -44.5  4.4375
4.3902530149287  -44.5  -1.1875
4.39638893808025  -44.5  2
1.25786424606623  -44.5  -13
1.22718463030851  -44.5  14.1875
1.23332055346006  -44.5  -4.0625
4.37184524547408  -45  6.5
4.37184524547408  -45  4.4375
1.24559239976314  -44.5  -8.9375
1.23638851503583  -44.5  9.75
4.37184524547408  -45  3.25
1.2394564766116  -44.5  8.9375
4.38411709177716  -44.5  7.6875
4.38718505335293  -44.5  6.5
1.2394564766116  -44.5  -4.0625
4.38411709177716  -44.5  6.5
1.22718463030851  -44.5  13
4.3902530149287  -44.5  6.5
1.24559239976314  -44.5  -4.0625
4.38718505335293  -45  2
4.35957339917099  -45  19.5
1.2394564766116  -44.5  8.9375
1.22718463030851  -44.5  16.25
4.39332097650448  -45  2
4.38411709177716  -45  5.25
1.24559239976314  -44.5  4.0625
1.2394564766116  -44.5  10.9375
1.23638851503583  -44.5  13
1.25786424606623  -44.5  -26
1.23638851503583  -44.5  10.9375
4.38718505335293  -45  5.25
1.25786424606623  -44.5  -21.9375
4.38718505335293  -45  5.25
4.39945689965602  -44.5  3.25
4.38104913020139  -45  4.4375
1.26400016921777  -44.5  -13
1.24866036133891  -44.5  2
4.38411709177716  -45  2
1.25786424606623  -44.5  -8.9375
1.27013609236931  -44.5  -34.9375
4.38718505335293  -45  7.6875
4.3902530149287  -44.5  3.25
1.22718463030851  -44.5  4.0625
1.2394564766116  -44.5  16.25
4.36264136074676  -45  19.5
1.24559239976314  -44.5  -4.0625
1.24559239976314  -44.5  9.75
1.25172832291468  -44.5  -4.0625
4.40252486123179  -44.5  3.25
1.23638851503583  -44.5  15
1.25172832291468  -44.5  0
1.23638851503583  -44.5  16.25
1.2394564766116  -44.5  15
1.25172832291468  -44.5  11.75
1.25786424606623  -44.5  -8.9375
4.39332097650448  -45  2
4.40252486123179  -45  7.6875
1.23025259188428  -45  19.5
4.39945689965602  -45  3.25
1.25172832291468  -44.5  0
1.24559239976314  -44.5  9.75
1.27627201552085  -44.5  -21.9375
