6.18807849833068  -39  14.1875
6.2064862677853  -39  7.6875
6.22182607566416  -39  2
6.23409792196725  -39  0
6.23102996039147  -39  1.1875
6.2279619988157  -39  0
6.21569015251262  -39  7.6875
3.06182565261974  -39  13
6.2279619988157  -39  4.4375
3.08023342207437  -39  8.9375
6.20955422936108  -39  4.4375
6.20955422936108  -39  2
6.21875811408839  -39  5.25
6.18807849833068  -39  17.4375
6.21569015251262  -39  4.4375
3.04341788316511  -39  8.9375
3.06182565261974  -39  -4.0625
6.19114645990645  -39  3.25
6.20341830620953  -38.5  3.25
6.19728238305799  -39  5.25
6.19114645990645  -39  6.5
6.20955422936108  -38.5  -1.1875
3.04955380631665  -39  4.0625
6.19114645990645  -39  8.5
3.06182565261974  -39  4.0625
6.21262219093685  -39  1.1875
3.0556897294682  -39  4.0625
6.20341830620953  -39  1.1875
6.19114645990645  -39  5.25
6.19728238305799  -39  4.4375
6.19114645990645  -39  7.6875
6.20341830620953  -39  0
3.04955380631665  -39  13
6.19421442148222  -39  8.5
6.20035034463376  -39  4.4375
6.20035034463376  -39  8.5
3.0556897294682  -39  4.0625
6.2064862677853  -39  4.4375
6.19728238305799  -39  7.6875
6.19114645990645  -39  6.5
6.19728238305799  -39  5.25
6.17273869045182  -39  15
6.18807849833068  -39  4.4375
3.04955380631665  -39  8.9375
6.19114645990645  -39  8.5
3.06182565261974  -39  0
3.04955380631665  -39  8.9375
6.19728238305799  -39  7.6875
6.20955422936108  -39  3.25
6.2064862677853  -38.5  3.25
6.18501053675491  -39  7.6875
3.04341788316511  -39  13
3.04955380631665  -39  8.9375
6.20955422936108  -39  4.4375
6.19114645990645  -39  0
6.19728238305799  -39  6.5
6.19421442148222  -39  6.5
6.20035034463376  -38.5  4.4375
6.19421442148222  -39  1.1875
6.19728238305799  -39  7.6875
6.20341830620953  -38.5  8.5
6.21262219093685  -38.5  4.4375
3.06182565261974  -39  4.0625
6.20955422936108  -39  5.25
6.20341830620953  -38.5  1.1875
6.19728238305799  -39  5.25
6.19421442148222  -39  4.4375
6.19728238305799  -38.5  -1.1875
6.21262219093685  -39  1.1875
6.21262219093685  -39  2
6.20035034463376  -39  6.5
6.16046684414874  -39  20.75
3.03728196001357  -39  21.9375
6.20341830620953  -38.5  3.25
6.19114645990645  -39  1.1875
3.04955380631665  -39  13
6.20955422936108  -39  1.1875
6.17273869045182  -39  18.25
3.0556897294682  -39  8.9375
6.21569015251262  -39  1.1875
6.19421442148222  -39  9.75
6.2064862677853  -39  4.4375
6.19114645990645  -39  4.4375
6.20341830620953  -39  5.25
6.21569015251262  -39  1.1875
6.20341830620953  -39  5.25
6.21262219093685  -39  4.4375
6.20035034463376  -39  3.25
6.20955422936108  -39  4.4375
6.20955422936108  -39  4.4375
6.20955422936108  -38.5  2
6.21262219093685  -39  5.25
6.18807849833068  -39  8.5
6.19114645990645  -39  8.5
6.21569015251262  -39  3.25
6.2064862677853  -39  3.25
3.06182565261974  -39  4.0625
3.04955380631665  -39  13
6.16046684414874  -39  24
3.0556897294682  -39  8.9375
6.21569015251262  -39  3.25
3.06182565261974  -39  4.0625
6.2064862677853  -39  6.5
6.21569015251262  -39  3.25
6.17887461360336  -38.5  15
6.21875811408839  -39  2
6.20955422936108  -39  5.25
6.2064862677853  -39  3.25
6.19728238305799  -39  8.5
6.20341830620953  -39  6.5
6.19728238305799  -39  6.5
6.22182607566416  -39  0
6.22489403723993  -38.5  0
3.04341788316511  -39  26
6.20955422936108  -39  5.25
6.21569015251262  -39  2
6.2064862677853  -39  1.1875
3.04955380631665  -39  17.0625
6.20955422936108  -39  4.4375
3.06796157577128  -38.5  0
6.21262219093685  -39  5.25
3.0556897294682  -39  13
6.19421442148222  -39  8.5
6.17887461360336  -39  15
6.21262219093685  -39  4.4375
6.2064862677853  -39  4.4375
6.21875811408839  -39  0
6.19728238305799  -39  6.5
6.22182607566416  -39  -5.25
6.20035034463376  -39  4.4375
6.22182607566416  -38.5  1.1875
6.20341830620953  -39  8.5
