3.89324323965376  -40  3.25
3.89631120122953  -40  -1.1875
3.89631120122953  -40  1.1875
0.757786509215507  -40  -3.25
0.736310778185108  -40  15
0.736310778185108  -40  22.75
0.739378739760879  -40  16.25
3.89017527807799  -40  4.4375
0.739378739760879  -40  11.75
0.745514662912422  -40  8.5
3.90244712438107  -40  0
3.90551508595684  -40  3.25
3.89631120122953  -40  2
0.727106893457794  -40  15
0.739378739760879  -40  20.75
0.733242816609336  -40  21.5625
0.745514662912422  -40  9.75
3.91165100910839  -40  2
3.88403935492644  -40  6.5
3.8993791628053  -40  2
3.90244712438107  -40  -1.1875
3.90551508595684  -40  2
0.745514662912422  -40  9.75
0.739378739760879  -40  19.5
0.760854470791278  -40  -4.0625
0.74244670133665  -40  13
0.727106893457794  -40  18.25
3.88710731650221  -40  1.1875
0.720970970306251  -40  13
0.727106893457794  -40  11.75
0.730174855033565  -40  4.0625
0.727106893457794  -40  14.1875
3.88403935492644  -40  4.4375
3.88710731650221  -40  4.4375
0.730174855033565  -40  0
0.727106893457794  -40  10.9375
0.74244670133665  -40  4.0625
3.88710731650221  -40  2
0.702563200851624  -40  19.5
0.727106893457794  -40  9.75
0.748582624488193  -40  0
3.89631120122953  -40  1.1875
3.89324323965376  -40  -1.1875
3.89324323965376  -40  -2
0.736310778185108  -40  0
0.71790300873048  -40  19.5
3.89631120122953  -40  1.1875
0.791534086548991  -40  -21.9375
0.736310778185108  -40  14.1875
3.89324323965376  -40  4.4375
3.89017527807799  -40  4.4375
0.760854470791278  -40  -4.0625
3.90244712438107  -40  -1.1875
0.739378739760879  -40  14.1875
0.74244670133665  -40  9.75
3.90551508595684  -40  0
3.89631120122953  -40  1.1875
0.74244670133665  -40  4.4375
0.748582624488193  -40  4.0625
3.89324323965376  -40  3.25
3.89631120122953  -40  -1.1875
0.748582624488193  -40  8.9375
0.751650586063964  -40  0
3.89631120122953  -40  -1.1875
0.727106893457794  -40  14.1875
0.736310778185108  -40  8.9375
3.88710731650221  -40  5.25
0.754718547639735  -40  -8.9375
0.730174855033565  -40  10.9375
3.8993791628053  -40  1.1875
0.74244670133665  -40  0
0.733242816609336  -40  8.5
0.751650586063964  -40  1.1875
0.757786509215507  -40  -2
3.89631120122953  -40  -2
3.89631120122953  -40  -1.1875
0.733242816609336  -40  13
3.88710731650221  -40  3.25
0.730174855033565  -40  11.75
0.724038931882023  -40  10.9375
0.736310778185108  -40  8.9375
0.727106893457794  -40  13
0.720970970306251  -40  11.75
3.89017527807799  -40  4.4375
3.88710731650221  -40  3.25
0.724038931882023  -40  8.9375
0.748582624488193  -40  3.25
0.736310778185108  -40  9.75
3.90244712438107  -40  -1.1875
0.733242816609336  -40  16.25
3.8564277007445  -40  15
0.757786509215507  -40  -1.1875
0.733242816609336  -40  20.75
0.71790300873048  -40  15
0.751650586063964  -40  -3.25
0.754718547639735  -40  0
3.89631120122953  -40  3.25
3.8993791628053  -40  1.1875
0.733242816609336  -40  9.75
3.89324323965376  -40  1.1875
0.733242816609336  -40  18.25
3.89324323965376  -40  1.1875
3.8993791628053  -40  2
0.720970970306251  -40  17.4375
3.89324323965376  -40  1.1875
0.757786509215507  -40  -1.1875
3.89631120122953  -40  1.1875
3.90244712438107  -40  -2
0.739378739760879  -40  13
0.733242816609336  -40  13
0.754718547639735  -40  8.9375
0.74244670133665  -40  11.75
0.745514662912422  -40  16.25
3.90244712438107  -40  3.25
3.90858304753261  -40  0
0.733242816609336  -40  14.1875
0.751650586063964  -40  0
0.733242816609336  -40  11.75
0.727106893457794  -40  14.1875
0.739378739760879  -40  10.9375
3.8993791628053  -40  0
0.748582624488193  -40.5  -4.0625
3.89631120122953  -40  2
0.730174855033565  -40  9.75
3.90244712438107  -40  -1.1875
0.736310778185108  -40  4.0625
0.730174855033565  -40  14.1875
3.89324323965376  -40  2
3.89017527807799  -40  3.25
0.74244670133665  -40  4.0625
0.727106893457794  -40  10.9375
0.74244670133665  -40  -4.0625
