4.13868016571546  -46  1.1875
0.994019550549895  -45.5  -4.0625
0.975611781095268  -45.5  21.5625
4.15401997359432  -45.5  5.25
1.04310693576224  -45.5  -21.9375
4.13868016571546  -45.5  8.5
4.15095201201854  -45.5  5.25
4.13868016571546  -45.5  6.5
4.13561220413969  -45.5  6.5
0.963339934792183  -45.5  18.25
4.12640831941237  -45.5  7.6875
4.144816088867  -45.5  4.4375
4.14174812729123  -46  7.6875
1.03697101261069  -45.5  -26
1.02469916630761  -45.5  -4.0625
1.00015547370144  -45.5  16.25
0.994019550549895  -45.5  16.25
0.975611781095268  -45.5  13
0.98174770424681  -45.5  4.0625
4.1233403578366  -45.5  2
4.09572870365466  -45.5  14.1875
0.960271973216411  -45.5  11.75
0.969475857943725  -45.5  0
4.12027239626083  -46  2
4.10493258838198  -46  6.5
4.10800054995775  -46  3.25
4.10493258838198  -46  6.5
4.11720443468506  -46  0
0.944932165337555  -46  11.75
4.09266074207889  -46  6.5
0.944932165337555  -46  10.9375
4.10800054995775  -46  2
4.11106851153352  -46  2
0.975611781095268  -45.5  -26
0.941864203761784  -46  11.75
4.09879666523043  -46  9.75
0.960271973216411  -46  4.4375
4.07732093420003  -46  19.5
4.11413647310929  -46  6.5
0.960271973216411  -46  7.6875
4.08345685735158  -46  16.25
1.00629139685298  -45.5  -30.0625
4.09266074207889  -46  17.4375
4.12027239626083  -46  5.25
0.966407896367954  -46  10.9375
0.960271973216411  -46  15
0.954136050064869  -46  16.25
0.98174770424681  -46  -21.9375
4.11106851153352  -46  4.4375
4.1233403578366  -46  3.25
0.969475857943725  -46  13
0.969475857943725  -46  14.1875
4.13561220413969  -46  1.1875
0.98174770424681  -45.5  4.0625
4.12947628098815  -46  5.25
0.994019550549895  -45.5  -8.9375
1.01856324315607  -45.5  -26
4.10493258838198  -46  11.75
4.11106851153352  -46  6.5
4.10493258838198  -46  7.6875
1.01856324315607  -45.5  -39
0.98174770424681  -45.5  -13
4.1018646268062  -46  6.5
0.954136050064869  -46  13
4.09879666523043  -46  5.25
4.1018646268062  -46  5.25
4.1018646268062  -45.5  5.25
4.09572870365466  -45.5  10.9375
4.10493258838198  -45.5  7.6875
4.1233403578366  -45.5  5.25
0.978679742671039  -45.5  9.75
0.972543819519497  -45.5  18.25
0.978679742671039  -45.5  13
4.14174812729123  -46  -4.4375
0.954136050064869  -46  13
4.12947628098815  -46  8.5
4.1233403578366  -46  3.25
4.11720443468506  -46  8.5
0.960271973216411  -46  16.25
0.960271973216411  -46  10.9375
0.95720401164064  -46  11.75
4.11106851153352  -46  4.4375
4.11413647310929  -46  5.25
4.11106851153352  -46  2
0.975611781095268  -45.5  -4.0625
0.954136050064869  -46  10.9375
4.08038889577581  -46  15
0.963339934792183  -45.5  -4.0625
0.938796242186012  -46  10.9375
0.951068088489098  -46  -8.9375
4.08345685735158  -46  4.4375
4.07732093420003  -46  4.4375
0.9081166264283  -46  18.25
4.08038889577581  -46  -3.25
0.917320511155613  -46  11.75
4.07732093420003  -46  4.4375
0.95720401164064  -46  -4.0625
0.951068088489098  -45.5  4.0625
0.963339934792183  -45.5  -4.0625
0.944932165337555  -46  -4.0625
4.08959278050312  -46  3.25
4.08345685735158  -46  9.75
0.935728280610241  -46  18.25
0.938796242186012  -46  9.75
4.08959278050312  -46  1.1875
0.929592357458699  -46  14.1875
0.938796242186012  -46  0
4.09572870365466  -46  8.5
0.941864203761784  -46  5.25
4.08345685735158  -46  4.4375
4.07732093420003  -46  7.6875
4.09266074207889  -46  0
0.920388472731385  -45.5  15
0.944932165337555  -45.5  4.0625
0.975611781095268  -45.5  -17.0625
4.08345685735158  -45.5  6.5
0.938796242186012  -45.5  5.25
0.929592357458699  -45.5  18.25
0.941864203761784  -45.5  17.4375
0.898912741700986  -46  15
4.04970928001809  -45.5  6.5
0.9081166264283  -45.5  17.4375
4.07425297262426  -45.5  14.1875
0.98174770424681  -45.5  -13
4.10800054995775  -45.5  6.5
0.944932165337555  -45.5  11.75
4.10493258838198  -45.5  6.5
1.00629139685298  -45.5  -17.0625
4.1018646268062  -46  5.25
4.08959278050312  -46  5.25
0.951068088489098  -46  1.1875
0.98174770424681  -46  -13
