5.43029198911517  -43  2
2.28869933552538  -43  0
5.43949587384248  -43  7.6875
2.29483525867692  -43  -8.9375
2.29176729710115  -42.5  10.9375
5.42108810438786  -43  11.75
5.45483568172134  -43  1.1875
2.28869933552538  -43  4.0625
2.31324302813155  -43  -8.9375
5.45176772014557  -42.5  1.1875
5.46097160487288  -42.5  1.1875
5.44256383541826  -43  4.4375
5.44563179699403  -43  5.25
5.46710752802443  -43  -5.25
5.43029198911517  -43  9.75
5.43949587384248  -43  8.5
5.46097160487288  -43  1.1875
2.29483525867692  -43  0
5.43949587384248  -43  8.5
5.45483568172134  -43  9.75
5.43642791226671  -43  6.5
5.46097160487288  -42.5  -3.25
5.44563179699403  -43  8.5
5.45176772014557  -43  6.5
2.27335952764652  -43  20.75
5.45790364329711  -43  6.5
5.4701754896002  -43  5.25
5.46097160487288  -43  8.5
5.45483568172134  -43  9.75
5.45790364329711  -43  7.6875
5.46710752802443  -43  4.4375
2.33165079758617  -43  -17.0625
5.47324345117597  -43  1.1875
5.46097160487288  -43  5.25
5.45483568172134  -43  9.75
5.47324345117597  -43  0
5.46710752802443  -43  4.4375
5.46097160487288  -43  4.4375
2.3285828360104  -43  -1.1875
5.45176772014557  -43  9.75
5.43029198911517  -43  15
5.47324345117597  -43  3.25
5.4486997585698  -43  11.75
5.4701754896002  -43  0
5.46403956644865  -43  6.5
5.46710752802443  -43  5.25
5.47937937432751  -43  -1.1875
5.43642791226671  -43  17.4375
5.44563179699403  -43  10.9375
2.31937895128309  -43.5  -8.9375
5.4486997585698  -43  7.6875
5.45483568172134  -43  11.75
5.45176772014557  -43  8.5
2.31937895128309  -43  -13
2.33778672073772  -43  -21.9375
2.33165079758617  -43  -13
2.28256341237383  -43  17.4375
5.45176772014557  -43  11.75
5.4486997585698  -43  11.75
5.47324345117597  -43  -2
5.47937937432751  -43  -7.6875
5.4486997585698  -43  10.9375
5.47631141275174  -43  -1.1875
2.32551487443463  -43  -8.9375
5.44256383541826  -43  11.75
2.31937895128309  -43  -4.0625
5.43949587384248  -43  11.75
5.4701754896002  -43  -3.25
5.46097160487288  -43  3.25
5.46097160487288  -43  5.25
5.44563179699403  -43  9.75
5.44256383541826  -43  9.75
5.45483568172134  -43  6.5
2.31324302813155  -43  -13
5.46710752802443  -43  -3.25
5.44563179699403  -43  10.9375
2.33778672073772  -43  -17.0625
5.45790364329711  -43  5.25
2.30710710498  -43  -4.0625
5.43949587384248  -43  11.75
2.31324302813155  -43  -17.0625
5.45790364329711  -43  5.25
5.4486997585698  -43  9.75
5.43642791226671  -43  10.9375
2.31937895128309  -43  -13
5.46097160487288  -43  3.25
5.46710752802443  -43  1.1875
5.45176772014557  -43  11.75
5.43949587384248  -43  9.75
5.45483568172134  -43  5.25
2.30403914340423  -43  6.5
5.44563179699403  -43  5.25
2.32551487443463  -43  -17.0625
5.46710752802443  -43  0
2.32551487443463  -43  -17.0625
5.44256383541826  -43  10.9375
5.46403956644865  -43  6.5
2.33471875916195  -43  -3.25
5.43642791226671  -43  13
2.33165079758617  -43  -17.0625
5.45790364329711  -43  7.6875
5.43949587384248  -43  13
5.44256383541826  -43  10.9375
5.4272240275394  -43  10.9375
5.45176772014557  -43  10.9375
5.45483568172134  -43  4.4375
5.45176772014557  -43  6.5
5.47324345117597  -43  -1.1875
5.46097160487288  -43  1.1875
5.46097160487288  -43  3.25
5.48244733590328  -43  -5.25
5.44256383541826  -43  9.75
5.47324345117597  -43  -2
5.44256383541826  -43  13
2.32551487443463  -43  -17.0625
5.46403956644865  -43  6.5
5.4486997585698  -43  8.5
5.45790364329711  -43  5.25
2.33778672073772  -43  -17.0625
5.45790364329711  -43  1.1875
2.30097118182846  -43  8.9375
5.45176772014557  -43  5.25
2.32551487443463  -43  -2
5.4701754896002  -43  1.1875
2.31324302813155  -43  -13
5.45176772014557  -43  9.75
5.44563179699403  -43  7.6875
2.31324302813155  -43.5  -13
5.4701754896002  -43  0
5.4486997585698  -43  7.6875
5.43949587384248  -43  10.9375
5.42415606596363  -43  18.25
