0.273048580243644  -38  9.75
0.294524311274043  -38  0
3.43611696486384  -37.5  -4.0625
0.285320426546729  -38  10.9375
0.297592272849814  -38  5.25
0.3098641191529  -38  -1.1875
0.297592272849814  -38  5.25
3.43611696486384  -37.5  0
3.42998104171229  -37.5  8.9375
0.276116541819415  -38  6.5
3.43611696486384  -37.5  -4.0625
0.285320426546729  -38  0
3.42384511856075  -37.5  4.0625
0.282252464970958  -38  2
3.42998104171229  -37.5  4.0625
0.288388388122501  -38  1.1875
3.44225288801538  -37.5  -4.0625
0.288388388122501  -38  3.25
3.42998104171229  -37.5  0
3.40850531068189  -38  13
3.42998104171229  -37.5  -4.0625
0.291456349698272  -38  0
3.42384511856075  -37.5  13
0.288388388122501  -38  0
3.43611696486384  -37.5  0
0.294524311274043  -38  -1.1875
3.42384511856075  -37.5  4.0625
0.288388388122501  -38  1.1875
3.44225288801538  -37.5  0
0.276116541819415  -38  8.5
3.42384511856075  -37.5  8.9375
0.291456349698272  -38  0
3.42998104171229  -37.5  8.9375
0.282252464970958  -38  3.25
3.42384511856075  -37.5  8.9375
0.282252464970958  -38  3.25
0.282252464970958  -38  2
3.42384511856075  -37.5  4.0625
0.288388388122501  -38  -1.1875
3.42384511856075  -37.5  4.0625
0.282252464970958  -38  8.5
0.276116541819415  -38  8.5
0.291456349698272  -38  -1.1875
3.43611696486384  -37.5  4.0625
3.42384511856075  -37.5  4.0625
3.43611696486384  -37.5  8.9375
0.285320426546729  -38  3.25
0.288388388122501  -38  1.1875
3.42998104171229  -37.5  -8.9375
0.288388388122501  -38  0
3.43611696486384  -37.5  8.9375
0.285320426546729  -38  2
0.282252464970958  -38  4.4375
0.288388388122501  -38  2
3.42998104171229  -37.5  4.0625
0.294524311274043  -38  -1.1875
3.42384511856075  -37.5  8.9375
3.44225288801538  -37.5  4.0625
0.303728196001357  -38  -3.25
0.312932080728671  -38  -5.25
0.273048580243644  -38  10.9375
3.42384511856075  -37.5  13
0.288388388122501  -38  1.1875
0.294524311274043  -38  -2
3.43611696486384  -37.5  -4.0625
0.297592272849814  -38  -1.1875
0.288388388122501  -38  1.1875
3.42384511856075  -37.5  8.9375
0.282252464970958  -38  4.4375
3.42998104171229  -37.5  0
3.42998104171229  -37.5  8.9375
0.285320426546729  -38  1.1875
3.42998104171229  -37.5  4.0625
3.44225288801538  -37.5  -4.0625
0.297592272849814  -38  -3.25
0.279184503395187  -38  8.5
3.42998104171229  -37.5  4.0625
0.288388388122501  -38  3.25
0.291456349698272  -38  -1.1875
3.42998104171229  -37.5  0
0.285320426546729  -38  0
3.42384511856075  -37.5  0
0.294524311274043  -38  -2
3.42998104171229  -37.5  13
0.288388388122501  -38  1.1875
3.41770919540921  -37.5  4.0625
0.306796157577128  -38  -1.1875
3.43611696486384  -37.5  0
0.291456349698272  -38  -1.1875
3.42998104171229  -37.5  4.0625
3.43611696486384  -37.5  0
0.285320426546729  -38  3.25
3.42998104171229  -37.5  4.0625
3.43611696486384  -37.5  4.0625
0.306796157577128  -38  -4.4375
3.42384511856075  -37.5  17.0625
0.294524311274043  -38  -2
3.44225288801538  -37.5  0
0.291456349698272  -38  0
3.44225288801538  -37.5  -4.0625
0.288388388122501  -38  2
3.42998104171229  -37.5  4.0625
0.300660234425586  -38  -3.25
3.42384511856075  -37.5  13
0.288388388122501  -38  1.1875
3.43611696486384  -37.5  0
0.276116541819415  -38  4.4375
0.285320426546729  -38  1.1875
0.291456349698272  -38  0
3.42384511856075  -37.5  4.0625
0.285320426546729  -38  1.1875
3.42998104171229  -37.5  0
0.288388388122501  -38  2
0.294524311274043  -38  -1.1875
3.43611696486384  -37.5  0
0.291456349698272  -38  2
0.291456349698272  -38  0
0.282252464970958  -38  3.25
3.42998104171229  -37.5  4.0625
0.282252464970958  -38  2
0.285320426546729  -38  3.25
0.294524311274043  -38  -1.1875
0.288388388122501  -38  -1.1875
0.285320426546729  -38  2
0.291456349698272  -38  1.1875
0.285320426546729  -38  3.25
0.303728196001357  -38  -2
0.279184503395187  -38  7.6875
3.42998104171229  -37.5  0
3.42998104171229  -37.5  13
0.282252464970958  -38  2
3.42998104171229  -37.5  -4.0625
