4.95782590644639  -41.5  11.75
4.99464144535565  -41.5  0
4.98236959905256  -41.5  8.9375
1.84998083019008  -42  -5.25
1.82850509915968  -41.5  6.5
4.9885055222041  -41.5  8.9375
1.85611675334163  -42  -4.4375
4.99464144535565  -41.5  0
5.01304921481027  -41.5  -4.0625
1.82850509915968  -41.5  3.25
5.0314569842649  -41.5  -21.9375
1.82850509915968  -41.5  4.4375
5.01304921481027  -41.5  -13
4.96702979117371  -41.5  15
1.82543713758391  -41.5  8.5
4.96702979117371  -41.5  14.1875
5.01918513796182  -41.5  -17.0625
1.84691286861431  -41.5  0
5.00691329165873  -41.5  -4.0625
4.96396182959793  -41.5  15
5.00077736850719  -41.5  4.0625
1.84384490703854  -41.5  -1.1875
4.96702979117371  -41.5  15
1.83464102231123  -41.5  2
4.97930163747679  -41.5  5.25
1.81930121443237  -41.5  1.1875
1.80702936812929  -41.5  11.75
4.99464144535565  -41.5  -8.9375
4.99464144535565  -41.5  -13
4.98236959905256  -41.5  0
4.98236959905256  -41.5  -4.0625
4.9885055222041  -41.5  -4.0625
4.98236959905256  -41.5  -4.0625
4.97623367590102  -41.5  4.0625
4.99464144535565  -41.5  -4.0625
4.97623367590102  -41.5  0
5.00077736850719  -41.5  -13
5.00077736850719  -41.5  -13
1.83157306073546  -41.5  -5.25
4.98236959905256  -41.5  -8.9375
1.82850509915968  -41.5  -2
4.95168998329485  -41.5  9.75
4.99464144535565  -41.5  -8.9375
4.95168998329485  -41.5  10.9375
1.82543713758391  -41.5  1.1875
1.81009732970506  -41.5  4.4375
4.98236959905256  -41.5  4.0625
1.82850509915968  -41.5  0
4.98236959905256  -41.5  0
1.81316529128083  -41.5  4.4375
4.99464144535565  -41.5  -8.9375
1.83464102231123  -41.5  -4.4375
1.82850509915968  -41.5  -1.1875
1.83157306073546  -41.5  -3.25
4.97623367590102  -41.5  0
4.99464144535565  -41.5  -13
4.97623367590102  -41.5  4.0625
4.9885055222041  -41.5  -4.0625
4.97623367590102  -41.5  -4.0625
1.82543713758391  -41.5  2
4.97623367590102  -41.5  0
5.00077736850719  -41.5  -13
4.95782590644639  -41.5  13
1.80396140655351  -41.5  5.25
4.98236959905256  -41.5  0
1.8162332528566  -41.5  4.4375
4.97009775274948  -41.5  4.0625
4.94862202171908  -41.5  13
5.00077736850719  -41.5  -21.9375
4.9885055222041  -41.5  -8.9375
4.99464144535565  -41.5  -17.0625
4.98236959905256  -41.5  0
4.97623367590102  -41.5  4.0625
4.97009775274948  -41.5  4.0625
4.98236959905256  -41.5  -4.0625
4.98236959905256  -41.5  -4.0625
4.97009775274948  -41.5  13
4.99464144535565  -41.5  -13
4.97623367590102  -41.5  0
4.9885055222041  -41.5  0
4.96396182959793  -41.5  4.0625
1.83464102231123  -41.5  -3.25
1.8162332528566  -41.5  3.25
4.97623367590102  -41.5  4.0625
4.94248609856754  -41.5  14.1875
4.97623367590102  -41.5  4.0625
4.95168998329485  -41.5  13
4.94248609856754  -41.5  18.25
4.99464144535565  -41.5  -8.9375
1.80396140655351  -41.5  7.6875
4.98236959905256  -41.5  0
1.83157306073546  -41.5  -3.25
4.97009775274948  -41.5  13
1.82850509915968  -41.5  -2
4.9885055222041  -41.5  0
4.97623367590102  -41.5  -4.0625
4.99464144535565  -41.5  -8.9375
1.83157306073546  -41.5  -2
5.00077736850719  -41.5  -17.0625
1.83464102231123  -41.5  -2
1.82543713758391  -41.5  2
4.99464144535565  -41.5  -13
1.82850509915968  -41.5  -1.1875
4.98236959905256  -41.5  0
1.81316529128083  -41.5  3.25
4.99464144535565  -41.5  -13
4.94248609856754  -41.5  13
5.00691329165873  -41.5  -13
1.837708983887  -41.5  -5.25
4.99464144535565  -41.5  -13
4.98236959905256  -41.5  4.0625
4.9885055222041  -41.5  0
4.95782590644639  -41.5  17.0625
4.97623367590102  -41.5  8.9375
4.97009775274948  -41.5  0
1.82850509915968  -41.5  -1.1875
4.98236959905256  -41.5  0
1.80702936812929  -41.5  6.5
4.98236959905256  -41.5  0
1.8162332528566  -41.5  4.4375
1.81009732970506  -41.5  4.4375
1.79168956025043  -41.5  13
4.98236959905256  -41.5  -4.0625
1.83157306073546  -41.5  -5.25
5.00077736850719  -41.5  -13
4.9885055222041  -41.5  -8.9375
1.81009732970506  -41.5  2
4.97623367590102  -41.5  13
4.97009775274948  -41.5  -3.25
4.98236959905256  -41.5  0
4.94862202171908  -41.5  13
5.00077736850719  -41.5  -17.0625
