5.42108810438786  -45  13
5.42108810438786  -45  15
2.29176729710115  -45.5  2
2.30097118182846  -45.5  0
5.42108810438786  -45.5  22.75
5.43949587384248  -45.5  19.5
5.44256383541826  -45.5  11.75
5.4486997585698  -45.5  -4.0625
5.40268033493323  -45.5  24.8125
2.29790322025269  -45.5  3.25
5.41802014281208  -45.5  18.25
2.30403914340423  -45.5  -1.1875
5.4272240275394  -45.5  17.4375
5.44256383541826  -45.5  16.25
5.45176772014557  -45.5  20.75
5.4486997585698  -45.5  19.5
2.33165079758617  -45.5  -3.25
5.4486997585698  -45.5  16.25
5.45176772014557  -45.5  17.4375
2.34085468231349  -45.5  -8.5
2.3285828360104  -45.5  3.25
5.4916512206306  -45.5  -17.0625
5.4486997585698  -45.5  -4.0625
5.40881625808477  -45.5  24
2.32244691285886  -45.5  -1.1875
2.30710710498  -45.5  17.4375
5.45176772014557  -45.5  18.25
5.47324345117597  -46  0
5.45176772014557  -45.5  18.25
5.45790364329711  -45.5  15
5.48551529747905  -46  -8.9375
2.34392264388926  -45.5  -1.1875
2.35312652861657  -45.5  -3.25
2.36539837491966  -45.5  -4.4375
5.52846675953985  -45.5  -8.9375
5.49778714378214  -45.5  17.4375
5.48858325905482  -45.5  19.5
5.49778714378214  -45.5  16.25
2.37460225964697  -45.5  1.1875
5.51005899008522  -45.5  9.75
5.50699102850945  -45.5  15
2.38687410595006  -45.5  -6.5
5.47937937432751  -45.5  22.75
5.49778714378214  -45.5  4.0625
5.46710752802443  -45.5  17.4375
5.46403956644865  -45.5  18.25
5.45176772014557  -45.5  17.4375
5.48551529747905  -46  -13
2.33471875916195  -45.5  -2
2.33165079758617  -45.5  -1.1875
5.46097160487288  -45.5  8.9375
2.33165079758617  -45.5  -2
2.33165079758617  -45.5  -4.4375
2.31631098970732  -45.5  1.1875
5.44256383541826  -45.5  0
5.4272240275394  -45.5  13
5.40881625808477  -45.5  21.5625
5.41802014281208  -45.5  16.25
5.405748296509  -45.5  20.75
5.44256383541826  -45.5  -8.9375
5.4486997585698  -45.5  -4.0625
2.30710710498  -45.5  -6.5
5.40881625808477  -45.5  21.5625
5.40268033493323  -45.5  20.75
5.42108810438786  -45.5  16.25
5.43029198911517  -45.5  10.9375
5.45483568172134  -45.5  -13
5.41802014281208  -45.5  16.25
5.40881625808477  -45.5  18.25
2.30710710498  -45.5  -2
2.29176729710115  -45.5  6.5
2.30097118182846  -45.5  2
5.41802014281208  -45.5  17.4375
5.42108810438786  -45.5  15
2.28869933552538  -45.5  14.1875
5.43642791226671  -45.5  -4.0625
5.46710752802443  -45.5  -26
2.29176729710115  -45.5  3.25
5.41802014281208  -45.5  19.5
2.29790322025269  -45.5  -2
5.42108810438786  -45.5  11.75
5.41188421966054  -45.5  17.4375
2.30097118182846  -45.5  -1.1875
5.42415606596363  -45.5  13
2.30097118182846  -45.5  -1.1875
5.41802014281208  -45.5  13
5.4486997585698  -45.5  -8.9375
5.41495218123631  -45.5  16.25
5.46097160487288  -45.5  -13
2.31324302813155  -45.5  -9.75
5.405748296509  -45.5  20.75
2.29790322025269  -45.5  2
2.30097118182846  -45.5  -2
5.44256383541826  -45.5  -4.0625
2.30403914340423  -45.5  -3.25
2.30097118182846  -45.5  -4.4375
2.29483525867692  -45.5  0
5.41495218123631  -45.5  16.25
5.39654441178169  -45.5  24
5.44256383541826  -45.5  -4.0625
5.44256383541826  -45.5  -4.0625
5.41495218123631  -45.5  17.4375
5.43642791226671  -45.5  3.25
2.30097118182846  -45.5  -1.1875
5.41495218123631  -45.5  10.9375
5.41802014281208  -45.5  16.25
5.47324345117597  -45.5  -26
2.30097118182846  -45.5  -3.25
5.41495218123631  -45.5  17.4375
2.31017506655578  -45.5  -6.5
5.41495218123631  -45.5  16.25
2.30403914340423  -45.5  -2
5.4486997585698  -45.5  -8.9375
2.31017506655578  -45.5  -4.4375
5.42415606596363  -45.5  14.1875
2.31324302813155  -45.5  -3.25
2.28869933552538  -45.5  10.9375
5.41495218123631  -45.5  18.25
5.45483568172134  -45.5  -13
2.31017506655578  -45.5  -2
2.29176729710115  -45.5  4.4375
5.45483568172134  -45.5  -4.0625
5.43335995069094  -45.5  9.75
5.41188421966054  -45.5  20.75
5.41495218123631  -45.5  16.25
5.42415606596363  -45.5  14.1875
5.44256383541826  -45.5  0
5.43642791226671  -45.5  4.0625
5.41802014281208  -45.5  15
2.28869933552538  -45.5  9.75
5.39961237335746  -45.5  22.75
5.45483568172134  -45.5  -4.0625
