2.37460225964697  -47  7.6875
2.41141779855623  -47  -2
5.54687452899448  -47  0
5.55607841372179  -47  0
2.3930100291016  -47  10.9375
5.55914637529756  -47  -4.4375
5.52539879796408  -47  18.25
5.53153472111562  -47  16.25
5.52846675953985  -47  15
2.39914595225314  -47  7.6875
5.52846675953985  -47  15
2.40528187540469  -47  2
2.40221391382891  -47  0
5.52846675953985  -47.5  4.0625
5.54073860584294  -47  2
5.55301045214602  -47.5  -8.9375
5.52233083638831  -47  11.75
5.52846675953985  -47  17.0625
5.51619491323677  -47  26
5.54073860584294  -47  0
5.51312695166099  -47  18.25
5.52846675953985  -47  21.9375
2.39914595225314  -47  2
5.52846675953985  -47  17.0625
5.52846675953985  -47.5  13
2.40528187540469  -47  0
5.51926287481254  -47  15
5.51619491323677  -47  17.4375
5.51926287481254  -47  17.4375
2.38380614437429  -47  9.75
5.51619491323677  -47  17.4375
5.51005899008522  -47  20.75
5.51005899008522  -47  16.25
5.51926287481254  -47  14.1875
2.40528187540469  -47  4.4375
5.51619491323677  -47  17.4375
2.38687410595006  -47.5  15
5.51926287481254  -47  18.25
5.54994249057025  -47.5  0
2.40528187540469  -47  0
5.54073860584294  -47  8.9375
2.41141779855623  -47  6.5
5.52846675953985  -47.5  8.9375
5.53153472111562  -47  5.25
2.41141779855623  -47  -4.4375
5.50699102850945  -47  20.75
2.39607799067737  -47  5.25
5.55301045214602  -47.5  -8.9375
2.39607799067737  -47  3.25
2.3715342980712  -47  14.1875
5.50699102850945  -47  19.5
5.51619491323677  -47  14.1875
2.3930100291016  -47  0
5.50392306693368  -47  18.25
2.39607799067737  -47  0
2.3930100291016  -47  2
5.51312695166099  -47  18.25
5.54380656741871  -47  2
5.54073860584294  -47  -3.25
5.51312695166099  -47  16.25
5.50699102850945  -47  17.4375
5.51312695166099  -47  14.1875
5.50699102850945  -47  19.5
5.54073860584294  -47  4.0625
2.38994206752583  -47  0
5.52846675953985  -47.5  4.0625
5.51619491323677  -47  17.4375
5.53460268269139  -47.5  0
5.49471918220637  -47  20.75
2.3930100291016  -47  -4.4375
5.53153472111562  -47  2
2.3930100291016  -47  -2
2.40221391382891  -47  -8.5
5.50392306693368  -47  18.25
5.50392306693368  -47  18.25
5.50085510535791  -47  19.5
5.54073860584294  -47.5  -4.0625
5.50392306693368  -47  16.25
5.53460268269139  -47.5  4.0625
5.52233083638831  -47  11.75
5.52233083638831  -47.5  13
5.53153472111562  -47  3.25
2.3930100291016  -47  -2
5.51619491323677  -47  16.25
2.37767022122274  -47  9.75
5.51619491323677  -47  13
2.38994206752583  -47  0
5.54687452899448  -47.5  -4.0625
2.3930100291016  -47  -1.1875
5.51619491323677  -47  18.25
2.40834983698046  -47  -2
5.52846675953985  -47  8.9375
2.38380614437429  -47  11.75
5.53460268269139  -47  8.9375
5.52233083638831  -47  13
5.51005899008522  -47  18.25
5.52846675953985  -47  21.9375
5.52846675953985  -47  13
2.39914595225314  -47  7.6875
2.40834983698046  -47  2
5.57755414475219  -47.5  -17.0625
5.52846675953985  -47  15
5.57141822160065  -47  -13
5.53153472111562  -47  15
2.40834983698046  -47  1.1875
5.50699102850945  -47  24.8125
5.51926287481254  -47  17.4375
2.38994206752583  -47  8.5
5.53460268269139  -47  8.9375
5.52233083638831  -47  14.1875
5.51005899008522  -47  20.75
5.51619491323677  -47  18.25
5.52846675953985  -47  17.0625
2.39914595225314  -47  5.25
5.56528229844911  -47  -4.0625
5.51619491323677  -47  19.5
5.53153472111562  -47  10.9375
5.52539879796408  -47  14.1875
2.41755372170777  -47  -5.25
2.414485760132  -47  -4.4375
2.40221391382891  -47  3.25
2.38380614437429  -47  16.25
5.52539879796408  -47  16.25
2.38073818279852  -47  10.9375
5.51926287481254  -47  16.25
5.55301045214602  -47  0
5.57141822160065  -47  -8.9375
5.51926287481254  -47  18.25
2.40528187540469  -47  -1.1875
5.54073860584294  -47.5  8.9375
2.41141779855623  -47  -6.5
5.52233083638831  -47  14.1875
