5.63584541469185  -38.5  11.75
5.65425318414647  -38.5  4.4375
5.64198133784339  -38.5  11.75
2.50959256898091  -38.5  -4.0625
2.50345664582937  -38.5  0
5.64504929941916  -38.5  7.6875
2.50345664582937  -38.5  0
5.61130172208568  -38.5  18.25
5.63891337626762  -38.5  4.4375
5.64198133784339  -38.5  0
2.50959256898091  -38.5  -4.0625
5.63891337626762  -38.5  8.5
5.6511852225707  -38.5  5.25
5.66038910729802  -38.5  3.25
2.50345664582937  -38.5  -4.0625
5.64811726099493  -38.5  5.25
5.64198133784339  -38.5  8.5
5.65425318414647  -38.5  3.25
5.64504929941916  -38.5  7.6875
5.64504929941916  -38.5  8.5
2.50345664582937  -38.5  1.1875
2.49732072267782  -38.5  0
5.65425318414647  -38.5  3.25
2.49732072267782  -38.5  0
2.49732072267782  -38.5  0
2.49732072267782  -38.5  0
5.65425318414647  -38.5  5.25
2.51572849213245  -38.5  -8.9375
5.66038910729802  -38.5  -1.1875
2.49118479952628  -38.5  0
5.64198133784339  -38.5  6.5
2.48504887637474  -38.5  4.0625
5.63891337626762  -38.5  3.25
5.63584541469185  -38.5  8.5
5.63891337626762  -38.5  8.5
5.63891337626762  -38.5  8.5
5.66038910729802  -38.5  5.25
2.52186441528399  -38.5  -13
5.65425318414647  -38.5  7.6875
5.65425318414647  -38.5  8.5
5.66959299202533  -38.5  6.5
5.6726609536011  -38.5  1.1875
5.65732114572224  -38.5  4.4375
5.65425318414647  -38.5  7.6875
2.49425276110205  -38.5  14.1875
5.65732114572224  -38.5  6.5
5.64811726099493  -38.5  2
5.64811726099493  -38.5  6.5
5.64198133784339  -38.5  6.5
5.64504929941916  -38.5  3.25
5.64811726099493  -38.5  4.4375
5.66038910729802  -38.5  1.1875
5.63891337626762  -39  9.75
5.64504929941916  -39  6.5
5.6511852225707  -38.5  10.9375
5.66652503044956  -38.5  4.4375
2.52800033843554  -38.5  -13
2.50345664582937  -38.5  0
5.66038910729802  -38.5  6.5
5.6511852225707  -38.5  6.5
5.66959299202533  -38.5  0
2.50959256898091  -38.5  -4.0625
5.6511852225707  -38.5  7.6875
5.64811726099493  -38.5  8.5
5.66038910729802  -38.5  5.25
5.66038910729802  -38.5  1.1875
5.66038910729802  -38.5  4.4375
2.50959256898091  -38.5  -4.0625
5.65425318414647  -38.5  5.25
5.65425318414647  -38.5  4.4375
5.63891337626762  -38.5  9.75
5.64198133784339  -38.5  9.75
5.65425318414647  -38.5  9.75
5.65732114572224  -38.5  6.5
2.51572849213245  -38.5  -8.9375
2.52186441528399  -38.5  -8.9375
5.64198133784339  -38.5  4.4375
5.63584541469185  -38.5  10.9375
5.66345706887379  -38.5  -5.25
5.64198133784339  -38.5  6.5
5.63584541469185  -38.5  5.25
5.62664152996453  -38.5  6.5
5.6297094915403  -38.5  6.5
5.63584541469185  -38.5  9.75
5.63891337626762  -38.5  10.9375
5.6511852225707  -38.5  2
2.49732072267782  -38.5  0
2.50345664582937  -38.5  -4.0625
5.65732114572224  -38.5  5.25
5.65732114572224  -38.5  4.4375
5.64504929941916  -38.5  7.6875
5.66345706887379  -38.5  -2
5.66345706887379  -38.5  -1.1875
5.64811726099493  -38.5  0
5.63584541469185  -38.5  8.5
5.63584541469185  -38.5  6.5
5.65425318414647  -38.5  4.4375
5.64811726099493  -38.5  5.25
5.66038910729802  -38.5  2
5.65732114572224  -38.5  4.4375
5.63584541469185  -38.5  7.6875
5.65732114572224  -38.5  4.4375
5.65732114572224  -38.5  3.25
5.64504929941916  -38.5  7.6875
5.63584541469185  -38.5  6.5
5.64198133784339  -38.5  4.4375
5.66038910729802  -38.5  2
2.50959256898091  -38.5  0
5.64198133784339  -38.5  6.5
5.66038910729802  -38.5  1.1875
5.66038910729802  -38.5  1.1875
5.64198133784339  -38.5  7.6875
5.64811726099493  -38.5  7.6875
2.50959256898091  -38.5  -4.0625
2.49118479952628  -38.5  8.9375
5.65425318414647  -38.5  3.25
5.63891337626762  -38.5  2
5.63584541469185  -38.5  8.5
5.64198133784339  -38.5  4.4375
5.65732114572224  -38.5  0
5.6511852225707  -38.5  6.5
2.49732072267782  -38.5  -4.0625
5.63891337626762  -38.5  6.5
5.6297094915403  -38.5  9.75
5.64811726099493  -38.5  2
2.51572849213245  -38.5  -17.0625
5.63584541469185  -38.5  4.4375
5.64811726099493  -38.5  5.25
5.6511852225707  -38.5  5.25
5.63891337626762  -38.5  7.6875
2.48811683795051  -38.5  7.6875
5.64811726099493  -38.5  6.5
