6.08376780475445  -41  8.5
6.11751538208794  -41  4.4375
2.9697868053466  -40.5  13
2.96365088219506  -41  30.0625
6.14819499784565  -41  2
2.96365088219506  -41  17.0625
2.95751495904352  -41  30.0625
6.16046684414874  -41  -3.25
2.96365088219506  -41  30.0625
2.99433049795277  -41  13
6.14512703626988  -41  3.25
2.9697868053466  -41  21.9375
6.14205907469411  -41  9.75
6.16353480572451  -41  3.25
6.14819499784565  -41  7.6875
2.97592272849814  -41  26
6.14512703626988  -41  5.25
2.99433049795277  -41  4.0625
6.14512703626988  -41  7.6875
2.97592272849814  -41  21.9375
2.9697868053466  -41  30.0625
2.99433049795277  -41  4.0625
3.00046642110431  -41  0
2.99433049795277  -41  13
2.9697868053466  -41  30.0625
2.98819457480123  -41  17.0625
6.16046684414874  -41  2
6.16353480572451  -41  0
2.97592272849814  -41  26
6.12058334366371  -41  3.25
2.95751495904352  -41  13
2.95137903589197  -41  13
6.12978722839102  -41  1.1875
6.10831149736062  -41  1.1875
2.93910718958889  -41  26
6.12671926681525  -41  -1.1875
2.94524311274043  -41  26
6.12058334366371  -41  6.5
2.94524311274043  -41  21.9375
6.12058334366371  -41  6.5
6.12058334366371  -41  3.25
2.93910718958889  -41  21.9375
2.93910718958889  -41  26
6.13592315154256  -41  2
2.93910718958889  -41  21.9375
6.11444742051217  -41  8.5
2.94524311274043  -41  17.0625
6.12978722839102  -41  3.25
2.95137903589197  -41  21.9375
6.13285518996679  -41  4.4375
6.12365130523948  -41  4.4375
2.93910718958889  -41  30.0625
6.11444742051217  -41  4.4375
2.95137903589197  -41  17.0625
6.12365130523948  -41  5.25
2.94524311274043  -41  13
6.11444742051217  -41  8.5
2.95751495904352  -41  17.0625
6.14205907469411  -41  2
6.13285518996679  -41  4.4375
2.95751495904352  -41  17.0625
2.95137903589197  -41  13
6.12058334366371  -41  8.5
6.13285518996679  -41  3.25
2.93297126643735  -41  30.0625
2.95137903589197  -41  17.0625
6.12058334366371  -41  5.25
6.11444742051217  -41  9.75
2.93910718958889  -41  26
2.95137903589197  -41  21.9375
6.12671926681525  -41  5.25
2.95751495904352  -41  13
6.12365130523948  -41  6.5
6.13592315154256  -41  6.5
2.96365088219506  -41  21.9375
6.15126295942142  -41  3.25
2.95137903589197  -41  30.0625
6.15126295942142  -41  0
2.95751495904352  -41  30.0625
2.96365088219506  -41  34.9375
2.95751495904352  -41  30.0625
6.15126295942142  -41  4.4375
2.97592272849814  -41  26
6.14205907469411  -41  2
6.14205907469411  -41  5.25
6.15739888257296  -41  4.4375
6.16046684414874  -41  8.5
6.16046684414874  -41  7.6875
3.00660234425586  -41  21.9375
3.00046642110431  -41  21.9375
6.17273869045182  -41  6.5
2.98819457480123  -41  39
6.17273869045182  -41.5  7.6875
6.16660276730028  -41.5  7.6875
2.98819457480123  -41  26
6.17273869045182  -41.5  1.1875
6.12058334366371  -41.5  16.25
6.13285518996679  -41  10.9375
2.95137903589197  -41  30.0625
6.14819499784565  -41  3.25
6.15433092099719  -41  5.25
6.14819499784565  -41  3.25
6.12978722839102  -41  8.5
6.13285518996679  -41  7.6875
6.12671926681525  -41  7.6875
6.11751538208794  -41  5.25
2.95751495904352  -41  21.9375
2.9697868053466  -41  13
2.95751495904352  -41  21.9375
6.14512703626988  -41  5.25
6.15739888257296  -41  1.1875
2.97592272849814  -41  26
6.16967072887605  -41  1.1875
6.17273869045182  -41  1.1875
6.12365130523948  -41  16.25
6.15433092099719  -41  7.6875
6.16660276730028  -41  3.25
2.98205865164969  -41  26
6.16353480572451  -41  4.4375
6.16046684414874  -41  6.5
6.17580665202759  -41  5.25
6.16353480572451  -41  5.25
6.14819499784565  -41  5.25
6.16967072887605  -41  3.25
6.15739888257296  -41  4.4375
6.17580665202759  -41  0
2.99433049795277  -41  13
2.99433049795277  -41  21.9375
6.16353480572451  -41  6.5
6.12671926681525  -41  11.75
6.17273869045182  -41  0
3.00046642110431  -41  13
