0.711767085578938  -38.5  2
0.730174855033565  -38.5  -1.1875
3.86563158547182  -39  13
0.74244670133665  -38.5  1.1875
0.745514662912422  -38.5  -3.25
0.748582624488193  -38.5  -2
3.85949566232027  -38.5  26
0.736310778185108  -38.5  0
0.736310778185108  -38.5  4.4375
0.74244670133665  -38.5  -1.1875
0.730174855033565  -38.5  2
0.724038931882023  -38.5  4.4375
0.74244670133665  -38.5  0
0.745514662912422  -38.5  -1.1875
0.74244670133665  -38.5  3.25
3.87176750862336  -39  21.9375
0.714835047154709  -38.5  10.9375
3.85949566232027  -38.5  30.0625
0.74244670133665  -38.5  0
3.85335973916873  -39  13
0.724038931882023  -38.5  -1.1875
3.86563158547182  -38.5  0
3.85335973916873  -39  13
3.85949566232027  -39  8.9375
0.733242816609336  -38.5  -1.1875
3.85335973916873  -39  13
0.727106893457794  -38.5  2
3.84108789286565  -39  26
0.730174855033565  -38.5  1.1875
0.727106893457794  -38.5  2
3.87176750862336  -38.5  4.0625
0.708699124003166  -38.5  5.25
3.85335973916873  -38.5  17.0625
3.86563158547182  -38.5  8.9375
0.727106893457794  -38.5  -4.4375
0.724038931882023  -38.5  1.1875
0.733242816609336  -38.5  0
0.733242816609336  -38.5  -2
3.86563158547182  -38.5  8.9375
0.71790300873048  -38.5  1.1875
0.727106893457794  -38.5  0
0.727106893457794  -38.5  1.1875
3.84722381601719  -38.5  21.9375
0.720970970306251  -38.5  1.1875
0.727106893457794  -38.5  -1.1875
0.720970970306251  -38.5  2
0.720970970306251  -38.5  0
3.85335973916873  -39  8.9375
3.87176750862336  -38.5  -1.1875
3.8349519697141  -38.5  26
0.705631162427395  -38.5  6.5
0.720970970306251  -38.5  1.1875
3.85335973916873  -39  17.0625
0.720970970306251  -38.5  1.1875
0.71790300873048  -38.5  0
0.714835047154709  -38.5  3.25
3.8779034317749  -38.5  -4.0625
0.724038931882023  -38.5  -1.1875
0.71790300873048  -38.5  0
3.8349519697141  -38.5  21.9375
0.730174855033565  -38.5  2
0.720970970306251  -38.5  -1.1875
0.720970970306251  -38.5  1.1875
3.84108789286565  -39  21.9375
0.720970970306251  -38.5  -3.25
3.85335973916873  -38.5  17.0625
0.708699124003166  -38.5  5.25
0.724038931882023  -38.5  -4.4375
0.727106893457794  -38.5  -3.25
0.720970970306251  -38.5  0
0.724038931882023  -38.5  -3.25
3.84108789286565  -39  26
0.727106893457794  -38.5  0
3.86563158547182  -39  8.9375
0.724038931882023  -38.5  5.25
0.733242816609336  -38.5  -2
0.727106893457794  -38.5  0
0.724038931882023  -38.5  3.25
0.71790300873048  -38.5  4.4375
0.727106893457794  -38.5  2
0.733242816609336  -38.5  -1.1875
0.724038931882023  -38.5  -1.1875
0.727106893457794  -38.5  -2
3.84108789286565  -38.5  21.9375
0.724038931882023  -38.5  4.4375
0.720970970306251  -38.5  2
0.724038931882023  -38.5  1.1875
3.85335973916873  -38.5  13
0.720970970306251  -38.5  3.25
3.87176750862336  -38.5  4.0625
0.724038931882023  -38.5  2
0.720970970306251  -38.5  3.25
0.727106893457794  -38.5  0
3.85335973916873  -38.5  13
0.711767085578938  -38.5  5.25
3.85335973916873  -39  17.0625
0.69335931612431  -38.5  11.75
3.85335973916873  -38.5  8.9375
0.724038931882023  -38.5  -1.1875
0.724038931882023  -38.5  0
0.727106893457794  -38.5  1.1875
3.85949566232027  -38.5  0
0.69335931612431  -38.5  11.75
0.730174855033565  -38.5  0
3.85949566232027  -38.5  13
0.727106893457794  -38.5  1.1875
3.87176750862336  -38.5  4.0625
0.720970970306251  -38.5  1.1875
0.720970970306251  -38.5  2
3.85949566232027  -38.5  13
3.85335973916873  -39  17.0625
0.730174855033565  -38.5  0
3.87176750862336  -39  4.0625
0.736310778185108  -38.5  2
3.84722381601719  -39  26
0.727106893457794  -38.5  1.1875
0.727106893457794  -38.5  1.1875
3.85949566232027  -39  8.9375
0.730174855033565  -38.5  -3.25
0.733242816609336  -38.5  -2
3.86563158547182  -39  13
0.733242816609336  -38.5  0
3.8349519697141  -39  34.9375
3.85335973916873  -39  17.0625
0.730174855033565  -38.5  -2
0.733242816609336  -38.5  1.1875
0.727106893457794  -38.5  0
3.84722381601719  -39  21.9375
0.733242816609336  -38.5  0
3.85335973916873  -39  13
0.720970970306251  -38.5  2
3.85949566232027  -39  8.9375
