0.343611696486384  -38  9.75
0.368155389092554  -38  6.5
3.52815581213697  -38  -3.25
0.386563158547182  -38  1.1875
0.368155389092554  -38  9.75
0.374291312244096  -37.5  0
0.35895150436524  -38  14.1875
0.377359273819868  -38  6.5
0.371223350668325  -38  11.75
0.386563158547182  -38  0
0.365087427516783  -38  3.25
0.362019465941011  -38  3.25
0.352815581213697  -38  11.75
0.362019465941011  -37.5  0
0.35895150436524  -38  9.75
0.362019465941011  -38  8.9375
0.362019465941011  -38  5.25
0.362019465941011  -38  4.0625
0.362019465941011  -38  4.0625
0.365087427516783  -38  4.4375
3.51895192740966  -38  -5.25
0.374291312244096  -37.5  0
0.374291312244096  -37.5  0
0.371223350668325  -38  0
0.374291312244096  -38  -4.0625
0.352815581213697  -38  10.9375
0.355883542789469  -38  9.75
3.51281600425812  -38  -1.1875
0.362019465941011  -38  3.25
0.35895150436524  -38  10.9375
0.368155389092554  -38  8.9375
0.355883542789469  -38  13
3.49747619637926  -38  3.25
0.35895150436524  -38  9.75
0.362019465941011  -38  6.5
0.362019465941011  -37.5  17.0625
0.362019465941011  -38  4.0625
3.51895192740966  -38  -4.4375
0.374291312244096  -37.5  0
0.355883542789469  -38  8.9375
0.368155389092554  -38  4.0625
0.362019465941011  -38  9.75
0.368155389092554  -37.5  4.0625
0.362019465941011  -37.5  4.0625
0.352815581213697  -38  13
0.362019465941011  -38  0
0.362019465941011  -38  2
0.362019465941011  -38  8.9375
0.374291312244096  -37.5  -4.0625
3.51588396583389  -38  -2
0.368155389092554  -38  0
0.362019465941011  -37.5  0
0.35895150436524  -38  7.6875
0.362019465941011  -37.5  4.0625
0.352815581213697  -38  10.9375
0.374291312244096  -37.5  -8.9375
0.362019465941011  -38  0
0.362019465941011  -38  3.25
0.374291312244096  -38  -4.0625
0.35895150436524  -38  7.6875
0.374291312244096  -37.5  -4.0625
0.352815581213697  -38  13
0.362019465941011  -38  0
0.374291312244096  -38  -8.9375
0.392699081698724  -37.5  -8.9375
3.5250878505612  -38  -4.4375
0.368155389092554  -38  8.5
0.355883542789469  -38  13
0.346679658062155  -38  15
0.362019465941011  -38  4.0625
3.51895192740966  -38  -1.1875
0.368155389092554  -37.5  0
0.365087427516783  -38  7.6875
0.380427235395639  -38  5.25
0.380427235395639  -38  8.5
0.374291312244096  -38  7.6875
0.374291312244096  -38  7.6875
0.380427235395639  -37.5  13
0.386563158547182  -37.5  4.0625
0.374291312244096  -38  8.5
0.380427235395639  -37.5  0
0.380427235395639  -37.5  4.0625
0.368155389092554  -37.5  4.0625
0.377359273819868  -38  1.1875
0.380427235395639  -37.5  -4.0625
3.52201988898543  -38  -3.25
0.386563158547182  -38  -4.0625
0.374291312244096  -37.5  4.0625
0.371223350668325  -38  9.75
0.362019465941011  -38  8.9375
0.352815581213697  -38  9.75
0.374291312244096  -37.5  -4.0625
0.355883542789469  -38  11.75
0.371223350668325  -38  8.5
0.380427235395639  -37.5  4.0625
0.380427235395639  -37.5  4.0625
0.380427235395639  -38  -8.9375
3.52201988898543  -38  -3.25
0.374291312244096  -38  0
0.368155389092554  -38  3.25
0.374291312244096  -38  -4.0625
3.52815581213697  -38  -3.25
0.365087427516783  -38  1.1875
0.380427235395639  -37.5  0
0.362019465941011  -38  6.5
0.380427235395639  -37.5  -4.0625
0.368155389092554  -38  0
3.50054415795503  -38  4.4375
0.362019465941011  -38  8.9375
0.368155389092554  -37.5  4.0625
0.386563158547182  -37.5  -4.0625
0.362019465941011  -38  7.6875
0.362019465941011  -38  0
0.355883542789469  -38  9.75
0.368155389092554  -37.5  0
0.380427235395639  -37.5  -8.9375
0.349747619637926  -38  0
0.349747619637926  -38  10.9375
0.374291312244096  -37.5  4.0625
0.365087427516783  -38  4.4375
0.368155389092554  -38  0
0.355883542789469  -38  7.6875
0.362019465941011  -38  0
0.35895150436524  -38  6.5
0.35895150436524  -38  2
0.355883542789469  -38  3.25
0.349747619637926  -38  8.5
0.355883542789469  -37.5  8.9375
3.5036121195308  -38  -2
0.362019465941011  -37.5  0
0.337475773334841  -38  11.75
0.343611696486384  -38  6.5
