0.0766990393942821  -39  0
0.110446616727766  -39  -3.25
0.0951068088489097  -39  -1.1875
0.107378655151995  -39  -2
0.113514578303537  -39  -2
0.116582539879309  -39  -4.4375
3.2581751934691  -39  -8.9375
0.101242732000452  -39  0
0.098174770424681  -39  6.5
0.107378655151995  -39  -1.1875
0.122718463030851  -39  -3.25
0.104310693576224  -39  1.1875
0.0859029241215959  -39  -1.1875
0.0859029241215959  -39  1.1875
0.0920388472731385  -39  0
0.0828349625458246  -39  1.1875
0.0920388472731385  -39  -1.1875
0.0951068088489097  -39  -2
0.0828349625458246  -39  1.1875
0.098174770424681  -39  -1.1875
0.0797670009700533  -39  2
0.0797670009700533  -39  4.4375
0.0920388472731385  -39  -2
3.24590334716602  -39  -8.9375
0.101242732000452  -39  -3.25
3.24590334716602  -39  -17.0625
0.0889708856973672  -39  -1.1875
0.0920388472731385  -39  0
0.0889708856973672  -39  1.1875
0.0889708856973672  -39  2
0.0797670009700533  -39  0
3.23976742401447  -39  -8.9375
0.0582912699396544  -39  13
0.0889708856973672  -39  0
0.0859029241215959  -39  1.1875
0.0920388472731385  -39  -1.1875
0.101242732000452  -39  -5.25
0.0889708856973672  -39  -1.1875
0.0920388472731385  -39  -1.1875
3.22749557771139  -39  -8.9375
0.0828349625458246  -39  2
0.0552233083638831  -39  14.1875
0.0889708856973672  -39  -1.1875
0.0828349625458246  -39  0
0.101242732000452  -39  -5.25
3.23363150086293  -39  -4.0625
3.24590334716602  -39  -4.0625
0.0920388472731385  -39  -1.1875
0.0828349625458246  -39  2
0.0889708856973672  -39  0
3.23976742401447  -39  -13
0.0859029241215959  -39  -1.1875
0.0920388472731385  -39  -3.25
0.0859029241215959  -39  2
0.0889708856973672  -39  1.1875
0.0889708856973672  -39  1.1875
0.0828349625458246  -39  3.25
0.0859029241215959  -39  -1.1875
0.0889708856973672  -39  2
0.0859029241215959  -39  2
0.0859029241215959  -39  2
0.107378655151995  -39  -5.25
0.0828349625458246  -39  1.1875
3.23976742401447  -39  -8.9375
0.098174770424681  -39  -2
0.0951068088489097  -39  -2
3.24590334716602  -39  -13
3.23976742401447  -39  -17.0625
0.0889708856973672  -39  -1.1875
3.23363150086293  -39  0
0.0889708856973672  -39  3.25
0.0920388472731385  -39  0
0.0889708856973672  -39  0
3.25203927031756  -39  -21.9375
0.0951068088489097  -39  1.1875
0.0859029241215959  -39  0
0.0920388472731385  -39  2
0.0920388472731385  -39  0
0.0889708856973672  -39  0
0.0920388472731385  -39  0
0.0951068088489097  -39  0
3.23976742401447  -39  0
0.0920388472731385  -39  -1.1875
0.0859029241215959  -39  0
3.25203927031756  -39  -17.0625
3.25203927031756  -39  -21.9375
0.0828349625458246  -39  0
0.0951068088489097  -39  -1.1875
0.0859029241215959  -39  1.1875
0.0951068088489097  -39  -2
3.24590334716602  -39  -13
3.22749557771139  -39  0
0.0644271930911969  -39  9.75
0.0951068088489097  -39  2
3.25203927031756  -39  -17.0625
0.0920388472731385  -39  2
3.24590334716602  -39  -17.0625
0.098174770424681  -39  0
3.22749557771139  -39  -4.0625
3.23363150086293  -39  -4.0625
0.0613592315154256  -39  14.1875
3.23976742401447  -39  -8.9375
0.098174770424681  -39  -2
3.23363150086293  -39  -13
0.101242732000452  -39  -3.25
0.0828349625458246  -39  2
3.24590334716602  -39  -26
0.0859029241215959  -39  0
0.0951068088489097  -39  2
0.0889708856973672  -39  1.1875
0.0951068088489097  -39  0
0.0951068088489097  -39  -1.1875
3.23976742401447  -39  -13
0.104310693576224  -39  -3.25
0.0889708856973672  -39  3.25
0.098174770424681  -39  -3.25
0.101242732000452  -39  -3.25
0.101242732000452  -39  -5.25
0.0797670009700533  -39  2
3.25203927031756  -39  -13
0.0859029241215959  -39  -1.1875
0.0797670009700533  -39  2
0.098174770424681  -39  -2
0.0582912699396544  -39  16.25
0.0766990393942821  -39  2
0.0859029241215959  -39  2
0.0828349625458246  -39  -1.1875
0.0828349625458246  -39  0
0.0766990393942821  -39  0
3.23976742401447  -39  -17.0625
0.0951068088489097  -39  0
0.0828349625458246  -39  0
