6.26784549930073  -44.5  17.4375
6.28011734560381  -44.5  15
0.0245436926061703  -45  -8.9375
0  -44.5  15
6.27704938402804  -44.5  15
0.0368155389092554  -44.5  -13
0.00613592315154256  -44.5  6.5
0.00613592315154256  -44.5  17.4375
0  -44.5  17.4375
0.0306796157577128  -45  0
0.00613592315154256  -44.5  15
0.042951462060798  -45  -13
0.00306796157577128  -44.5  15
6.26477753772496  -44.5  15
0.0184077694546277  -44.5  -8.9375
6.2709134608765  -44.5  13
6.26477753772496  -44.5  14.1875
6.26477753772496  -44.5  14.1875
6.27704938402804  -44.5  14.1875
6.26784549930073  -44.5  17.4375
6.2709134608765  -44.5  15
6.26170957614919  -44.5  20.75
0.00306796157577128  -44.5  5.25
6.2709134608765  -44.5  16.25
0.0184077694546277  -44.5  -2
6.26170957614919  -44.5  19.5
6.26170957614919  -44.5  18.25
6.26170957614919  -44.5  15
0.0184077694546277  -44.5  -8.9375
0.0245436926061703  -44.5  -21.9375
0  -44.5  10.9375
6.27704938402804  -44.5  16.25
6.27704938402804  -44.5  17.4375
6.2709134608765  -44.5  13
6.28011734560381  -44.5  18.25
0.00306796157577128  -44.5  11.75
6.27704938402804  -44.5  11.75
0.0276116541819415  -44.5  -2
0.00613592315154256  -44.5  8.5
0.00306796157577128  -44.5  9.75
6.27704938402804  -44.5  13
0  -44.5  14.1875
6.2709134608765  -44.5  19.5
6.27398142245227  -44.5  20.75
0.042951462060798  -45  -13
6.27704938402804  -44.5  16.25
0.0613592315154256  -44.5  -21.9375
0.00306796157577128  -44.5  16.25
6.2709134608765  -44.5  17.4375
6.27704938402804  -44.5  17.4375
6.27398142245227  -44.5  16.25
6.27398142245227  -44.5  18.25
0.0306796157577128  -44.5  -4.0625
0  -44.5  14.1875
0.0368155389092554  -45  -17.0625
0.0490873852123405  -44.5  -26
0.0245436926061703  -44.5  1.1875
0.0306796157577128  -44.5  -2
6.27704938402804  -44.5  14.1875
6.27704938402804  -44.5  15
6.28011734560381  -44.5  14.1875
0  -44.5  14.1875
0.021475731030399  -44.5  3.25
6.27704938402804  -44.5  16.25
0  -44.5  16.25
6.28011734560381  -44.5  14.1875
0.0306796157577128  -44.5  -4.0625
6.27704938402804  -44.5  15
0  -44.5  16.25
0.00306796157577128  -44.5  14.1875
6.28011734560381  -44.5  15
0  -44.5  15
6.2709134608765  -44.5  17.4375
6.28011734560381  -44.5  15
0  -44.5  14.1875
6.28011734560381  -44.5  9.75
0  -44.5  11.75
0.00613592315154256  -44.5  11.75
6.28011734560381  -44.5  15
6.26170957614919  -44.5  20.75
0  -44.5  10.9375
3.16306838462019  -44.5  -3.25
0.00306796157577128  -44.5  13
0  -44.5  13
6.27398142245227  -44.5  15
6.27398142245227  -44.5  16.25
0.00306796157577128  -44.5  13
6.27704938402804  -44.5  18.25
6.27704938402804  -44.5  13
0.0368155389092554  -44.5  -8.9375
0.00306796157577128  -44.5  13
6.27704938402804  -44.5  17.4375
6.28011734560381  -44.5  15
0.00920388472731385  -44.5  7.6875
3.15386449989288  -44.5  2
6.28011734560381  -44.5  15
6.27398142245227  -44.5  17.4375
0.00306796157577128  -44.5  13
6.28011734560381  -44.5  16.25
0.0245436926061703  -44.5  -1.1875
0.00306796157577128  -44.5  14.1875
0.0306796157577128  -44.5  -2
6.2709134608765  -44.5  17.4375
6.27398142245227  -44.5  17.4375
0.021475731030399  -44.5  1.1875
0.00613592315154256  -44.5  10.9375
6.28011734560381  -44.5  11.75
0  -44.5  13
0.00306796157577128  -44.5  13
6.28011734560381  -44.5  17.4375
6.28011734560381  -44.5  17.4375
6.27398142245227  -44.5  17.4375
0  -44.5  15
6.27704938402804  -44.5  11.75
6.2709134608765  -44.5  17.4375
0  -44.5  13
6.28011734560381  -44.5  10.9375
6.27398142245227  -44.5  13
0  -44.5  11.75
0.042951462060798  -44.5  -13
6.26784549930073  -44.5  17.4375
6.27704938402804  -44.5  16.25
6.28011734560381  -44.5  15
6.28011734560381  -44.5  15
0.0153398078788564  -44.5  3.25
0.0490873852123405  -44.5  -13
6.28011734560381  -44.5  10.9375
0.00306796157577128  -44.5  14.1875
6.28011734560381  -44.5  16.25
0  -44.5  11.75
0.00613592315154256  -44.5  11.75
0.00306796157577128  -44.5  16.25
