1.76100994449272  -46  -8.9375
1.75487402134117  -46  14.1875
4.90567055965828  -46  5.25
4.89646667493097  -46  10.9375
4.90567055965828  -46.5  14.1875
4.91180648280982  -46  11.75
4.93328221384022  -46  1.1875
4.92714629068868  -46  11.75
1.79168956025043  -46  0
1.79782548340197  -46  8.9375
4.95782590644639  -46  2
4.93635017541599  -46  8.5
4.93328221384022  -46  8.5
1.79782548340197  -46  4.0625
4.92714629068868  -46.5  10.9375
4.93021425226445  -46.5  9.75
4.90567055965828  -46.5  17.4375
4.93941813699176  -46.5  3.25
4.92407832911291  -46.5  10.9375
1.7732817907958  -46  4.0625
4.93021425226445  -46.5  2
4.91487444438559  -46  2
1.77941771394734  -46  -13
4.89953463650674  -46.5  4.4375
4.89953463650674  -46.5  4.4375
4.89033075177942  -46.5  10.9375
1.74873809818963  -46.5  9.75
4.89033075177942  -46.5  8.5
4.8933987133552  -46.5  8.5
4.87805890547634  -46.5  13
4.91180648280982  -46.5  0
4.86271909759748  -46.5  17.4375
4.90567055965828  -46.5  3.25
4.89953463650674  -46.5  3.25
1.74873809818963  -46.5  4.0625
1.76714586764426  -46  -8.9375
4.89033075177942  -46.5  11.75
1.74873809818963  -46.5  -8.9375
4.87499094390057  -46.5  13
4.87805890547634  -46.5  13
1.73646625188655  -46.5  8.9375
4.85658317444594  -46.5  22.75
1.73646625188655  -46.5  8.9375
4.84737928971863  -46.5  19.5
1.72419440558346  -46.5  15
4.88726279020365  -46.5  0
4.89033075177942  -46.5  6.5
4.89953463650674  -46  1.1875
4.89646667493097  -46.5  10.9375
1.76100994449272  -46  0
4.89953463650674  -46.5  3.25
4.89033075177942  -46.5  6.5
4.88726279020365  -46.5  3.25
4.88112686705211  -46  8.5
4.8719229823248  -46  7.6875
1.730330328735  -46  0
1.71192255928038  -46  15
4.86578705917325  -46  9.75
4.8719229823248  -46  11.75
1.730330328735  -46  4.0625
1.730330328735  -46  8.9375
4.88112686705211  -46  6.5
4.8933987133552  -46  7.6875
4.88726279020365  -46  8.5
4.89646667493097  -46  2
4.88726279020365  -46  4.4375
4.89033075177942  -46  5.25
4.89033075177942  -46  7.6875
4.88726279020365  -46.5  6.5
1.74873809818963  -46  -8.9375
4.88726279020365  -46.5  8.5
1.73646625188655  -46  4.0625
1.71805848243192  -46.5  19.5
4.89953463650674  -46.5  10.9375
4.92407832911291  -46.5  4.4375
4.93328221384022  -46.5  5.25
4.94555406014331  -46.5  2
4.96089386802216  -46.5  6.5
4.94555406014331  -46.5  11.75
4.96702979117371  -46.5  0
4.97316571432525  -46.5  -2
4.94555406014331  -46.5  8.5
4.96396182959793  -46.5  -1.1875
1.8162332528566  -46  0
4.96396182959793  -46.5  4.4375
4.93941813699176  -46.5  14.1875
4.94862202171908  -46.5  7.6875
4.95475794487062  -46.5  3.25
4.92101036753714  -46.5  7.6875
4.92407832911291  -46.5  8.5
4.93635017541599  -46.5  2
4.93635017541599  -46.5  3.25
4.92714629068868  -46.5  3.25
1.77634975237157  -46  13
4.90873852123405  -46.5  20.75
4.91487444438559  -46.5  15
4.94862202171908  -46.5  4.4375
4.96396182959793  -46.5  2
4.95475794487062  -46.5  6.5
1.7947575218262  -46.5  16.25
4.94248609856754  -46.5  5.25
1.76714586764426  -46  13
1.79782548340197  -46  -8.9375
4.92407832911291  -46.5  10.9375
4.93328221384022  -46.5  4.4375
4.93635017541599  -46.5  2
4.91794240596137  -46.5  10.9375
4.92407832911291  -46.5  0
4.92101036753714  -46.5  8.5
4.91180648280982  -46.5  9.75
4.93021425226445  -46.5  7.6875
4.92714629068868  -46.5  7.6875
4.91487444438559  -46.5  9.75
4.93021425226445  -46.5  2
4.91180648280982  -46.5  8.5
4.93328221384022  -46.5  4.4375
1.79782548340197  -46  -8.9375
1.7732817907958  -46.5  16.25
4.94555406014331  -46.5  3.25
1.78248567552312  -46.5  14.1875
1.78555363709889  -46  13
4.94248609856754  -46.5  5.25
4.8933987133552  -46.5  20.75
4.93328221384022  -46.5  5.25
1.77941771394734  -46  -8.9375
1.77941771394734  -46.5  8.9375
4.93021425226445  -46.5  5.25
4.91794240596137  -46.5  7.6875
4.91487444438559  -46.5  10.9375
4.90260259808251  -46.5  14.1875
4.8933987133552  -46.5  18.25
1.76714586764426  -46  4.0625
