4.60194236365692  -41.5  5.25
1.44807786376405  -41.5  15
1.45114582533982  -41.5  11.75
4.61421420996001  -41.5  4.4375
1.44500990218827  -41.5  13
1.4419419406125  -41.5  13
1.46034971006713  -41.5  4.0625
1.42353417115788  -41.5  17.4375
1.43273805588519  -41.5  11.75
4.58967051735384  -41.5  3.25
1.43273805588519  -41.5  15
4.60807828680847  -41.5  0
4.59580644050538  -41.5  5.25
4.62341809468732  -41.5  -1.1875
4.6050103252327  -41.5  8.5
4.61114624838424  -41.5  2
1.44807786376405  -42  21.9375
1.44500990218827  -41.5  16.25
4.61421420996001  -41.5  0
1.44500990218827  -41.5  13
1.43580601746096  -41.5  13
1.44807786376405  -42  -4.0625
4.60194236365692  -41.5  0
4.59580644050538  -41.5  9.75
1.46648563321867  -41.5  0
1.44807786376405  -41.5  0
1.43887397903673  -41.5  16.25
1.4419419406125  -41.5  4.0625
4.60807828680847  -41.5  2
1.47875747952176  -41.5  -13
4.61421420996001  -41.5  -1.1875
4.6050103252327  -41.5  -1.1875
1.46034971006713  -41.5  -8.9375
1.45421378691559  -42  4.0625
4.61728217153578  -41.5  -2
1.45421378691559  -41.5  3.25
1.45421378691559  -41.5  -8.9375
4.6050103252327  -41.5  3.25
1.46034971006713  -41.5  -8.9375
4.61114624838424  -41.5  1.1875
4.59273847892961  -41.5  6.5
1.46648563321867  -42  -8.9375
1.46034971006713  -41.5  -8.9375
4.58967051735384  -41.5  7.6875
4.6050103252327  -41.5  5.25
4.58967051735384  -41.5  8.5
4.60194236365692  -41.5  4.4375
1.46648563321867  -42  -4.0625
4.59887440208115  -41.5  0
1.44807786376405  -41.5  4.0625
4.60194236365692  -41.5  4.4375
1.4419419406125  -41.5  13
1.4419419406125  -41.5  11.75
4.59580644050538  -41.5  3.25
4.59580644050538  -41.5  5.25
4.6050103252327  -41.5  1.1875
4.59580644050538  -41.5  1.1875
4.59887440208115  -41.5  0
4.59273847892961  -41.5  7.6875
4.59887440208115  -41.5  4.4375
4.59887440208115  -41.5  6.5
1.43580601746096  -41.5  16.25
1.46648563321867  -41.5  -4.0625
4.59580644050538  -41.5  7.6875
1.45421378691559  -41.5  0
1.44500990218827  -41.5  11.75
1.4419419406125  -41.5  15
4.59580644050538  -41.5  6.5
1.43887397903673  -41.5  15
4.60807828680847  -41.5  1.1875
4.59887440208115  -41.5  7.6875
4.6050103252327  -41.5  4.4375
4.60807828680847  -41.5  0
1.46648563321867  -41.5  -4.0625
4.61421420996001  -41.5  1.1875
4.60194236365692  -41.5  4.4375
4.6050103252327  -41.5  2
1.45421378691559  -42  0
1.44807786376405  -41.5  11.75
4.59887440208115  -41.5  6.5
4.59580644050538  -41.5  7.6875
1.46034971006713  -41.5  -4.0625
4.61728217153578  -41.5  -3.25
1.45421378691559  -41.5  6.5
4.61421420996001  -41.5  0
4.61421420996001  -41.5  -2
1.43887397903673  -41.5  15
1.4419419406125  -41.5  0
4.60194236365692  -41.5  5.25
4.59273847892961  -41.5  4.4375
1.46648563321867  -41.5  1.1875
4.59580644050538  -41.5  3.25
4.57739867105075  -41.5  11.75
4.60194236365692  -41.5  0
4.58660255577807  -41.5  5.25
4.61114624838424  -41.5  -2
4.6050103252327  -41.5  2
1.43580601746096  -41.5  13
4.59580644050538  -41.5  3.25
4.59887440208115  -41.5  3.25
1.43273805588519  -41.5  16.25
4.60807828680847  -41.5  -1.1875
1.43273805588519  -41.5  16.25
1.43273805588519  -41.5  16.25
4.59887440208115  -41.5  6.5
4.59580644050538  -41.5  4.4375
4.61114624838424  -41.5  -1.1875
1.43580601746096  -41.5  17.4375
4.59887440208115  -41.5  4.4375
1.45421378691559  -42  -8.9375
4.60194236365692  -41.5  3.25
1.43273805588519  -41.5  17.4375
4.59273847892961  -41.5  6.5
1.43580601746096  -42  13
4.59580644050538  -41.5  5.25
4.6050103252327  -41.5  2
4.59273847892961  -41.5  2
4.59273847892961  -41.5  5.25
4.61114624838424  -41.5  -3.25
4.6050103252327  -41.5  1.1875
4.60194236365692  -41.5  1.1875
4.59580644050538  -41.5  5.25
1.43580601746096  -41.5  15
1.42967009430942  -41.5  8.9375
4.59580644050538  -41.5  4.4375
1.46034971006713  -42  0
4.61421420996001  -41.5  -1.1875
1.43580601746096  -41.5  14.1875
4.60807828680847  -41.5  1.1875
4.61114624838424  -41.5  -5.25
4.59273847892961  -41.5  6.5
4.61728217153578  -41.5  -3.25
