4.00062189480575  -45  5.25
4.01902966426038  -45  -1.1875
0.886640895397901  -45  3.25
4.01596170268461  -45  9.75
0.889708856973672  -45  -8.9375
0.868233125943273  -45  9.75
0.86209720279173  -45  13
0.865165164367502  -45  16.25
0.914252549579842  -45  -17.0625
4.02516558741192  -45  4.4375
0.901980703276757  -45  -13
0.868233125943273  -45  14.1875
0.889708856973672  -45  -8.9375
4.03743743371501  -45  1.1875
4.02823354898769  -45  1.1875
4.03130151056347  -45  5.25
4.03130151056347  -45  3.25
4.03436947213924  -45  4.4375
4.03743743371501  -45  2
4.03130151056347  -45  2
0.865165164367502  -45  16.25
4.02209762583615  -45  -2
0.901980703276757  -45  -21.9375
3.98221412535112  -45  20.75
3.99141801007844  -45  15
0.877437010670587  -45  -4.0625
4.01596170268461  -45  5.25
0.871301087519044  -45  -4.0625
0.865165164367502  -45  8.9375
0.874369049094815  -45  2
4.03436947213924  -45  -5.25
4.02823354898769  -45  1.1875
0.86209720279173  -45  16.25
4.02516558741192  -45  0
0.874369049094815  -45  0
4.01289374110884  -45  5.25
0.855961279640188  -45  18.25
0.877437010670587  -45  -4.0625
0.865165164367502  -45  15
0.859029241215959  -45  15
0.86209720279173  -45  15
4.01902966426038  -45  0
4.01902966426038  -45  5.25
3.99755393322998  -45  15
0.868233125943273  -45  10.9375
4.02516558741192  -45  6.5
0.895844780125214  -45  -8.9375
4.01596170268461  -45  3.25
0.855961279640188  -45  15
0.889708856973672  -45  -13
4.02209762583615  -45  4.4375
4.01289374110884  -45  6.5
0.877437010670587  -45  0
0.859029241215959  -45  14.1875
4.0067578179573  -45  7.6875
0.895844780125214  -45  -17.0625
0.86209720279173  -45  14.1875
4.01596170268461  -45  9.75
0.868233125943273  -45  7.6875
0.843689433337103  -45  18.25
0.852893318064416  -45  15
0.852893318064416  -45  16.25
4.01902966426038  -45  3.25
0.901980703276757  -45  -26
4.01596170268461  -45  2
4.01289374110884  -45  8.5
4.02823354898769  -45  0
0.865165164367502  -45  0
4.01902966426038  -45  6.5
4.02823354898769  -45  4.4375
0.871301087519044  -45  1.1875
0.852893318064416  -45  4.0625
4.01902966426038  -45  -1.1875
0.846757394912874  -45  15
4.01289374110884  -45  1.1875
0.914252549579842  -45  -30.0625
4.01596170268461  -45  1.1875
3.98835004850267  -45  17.4375
4.02516558741192  -45  1.1875
0.871301087519044  -45  4.0625
0.849825356488645  -45  19.5
4.02516558741192  -45  4.4375
0.865165164367502  -45  13
0.86209720279173  -45  13
0.920388472731385  -45  -30.0625
4.02209762583615  -45  2
0.846757394912874  -45  16.25
0.868233125943273  -45  13
0.877437010670587  -45  0
0.852893318064416  -45  17.4375
0.859029241215959  -45  15
0.859029241215959  -45  13
0.883572933822129  -45  -4.0625
4.01902966426038  -45  2
4.01289374110884  -45  6.5
0.852893318064416  -45  17.4375
0.889708856973672  -45  -8.9375
0.86209720279173  -45  11.75
0.855961279640188  -45  17.4375
0.865165164367502  -45  10.9375
0.865165164367502  -45  17.0625
0.865165164367502  -45  16.25
0.895844780125214  -45  -13
4.03130151056347  -45  3.25
0.849825356488645  -45  18.25
4.02209762583615  -45  4.4375
4.02209762583615  -45  4.4375
4.02516558741192  -45  4.4375
0.86209720279173  -45  10.9375
0.865165164367502  -45  14.1875
4.02209762583615  -45  9.75
0.859029241215959  -45  16.25
0.895844780125214  -45  -8.9375
4.03130151056347  -45  2
0.868233125943273  -45  8.5
0.883572933822129  -45  0
0.883572933822129  -45  6.5
4.03436947213924  -45  1.1875
4.03743743371501  -45  3.25
0.874369049094815  -45  4.4375
0.852893318064416  -45  19.5
0.883572933822129  -45  -4.0625
0.865165164367502  -45  16.25
4.02209762583615  -45  4.4375
4.02516558741192  -45  5.25
4.01902966426038  -45  6.5
4.01596170268461  -45  5.25
0.855961279640188  -45  15
4.01902966426038  -45  4.4375
0.9081166264283  -45  -26
0.855961279640188  -45  15
4.01902966426038  -45  6.5
