0.202485464000905  -38  10.9375
3.37782569492418  -38  -3.25
0.257708772364788  -37.5  -13
0.220893233455532  -38  9.75
0.220893233455532  -38  1.1875
0.233165079758617  -37.5  -8.9375
0.21475731030399  -38  8.5
0.199417502425133  -38  11.75
0.227029156607075  -37.5  -4.0625
3.35021404074224  -38  6.5
0.193281579273591  -38  15
0.199417502425133  -38  14.1875
0.233165079758617  -37.5  -4.0625
0.196349540849362  -38  17.4375
3.35021404074224  -38  3.25
0.220893233455532  -38  6.5
0.208621387152447  -38  7.6875
0.211689348728218  -38  9.75
0.211689348728218  -38  7.6875
0.227029156607075  -37.5  0
3.35021404074224  -38  7.6875
0.257708772364788  -37.5  -26
0.205553425576676  -38  8.5
0.227029156607075  -37.5  -4.0625
3.35328200231801  -38  7.6875
3.33487423286338  -38  14.1875
3.3440781175907  -38  11.75
0.21475731030399  -38  11.75
3.33794219443916  -38  13
3.35941792546955  -38  5.25
0.21475731030399  -38  9.75
0.23930100291016  -37.5  -4.0625
0.251572849213245  -37.5  -13
0.220893233455532  -38  2
0.23930100291016  -37.5  -8.9375
0.190213617697819  -38  13
0.196349540849362  -38  13
0.220893233455532  -37.5  0
0.193281579273591  -38  14.1875
0.199417502425133  -38  3.25
0.208621387152447  -37.5  0
3.33794219443916  -38  5.25
0.190213617697819  -38  11.75
0.190213617697819  -38  10.9375
0.21475731030399  -38  -8.9375
0.199417502425133  -38  7.6875
0.233165079758617  -37.5  -13
0.190213617697819  -38  14.1875
3.34714607916647  -38  4.4375
0.227029156607075  -37.5  -4.0625
0.199417502425133  -38  11.75
0.202485464000905  -38  13
0.205553425576676  -38  10.9375
0.211689348728218  -38  10.9375
0.202485464000905  -38  11.75
0.211689348728218  -38  9.75
0.21475731030399  -38  6.5
3.3440781175907  -38  13
0.227029156607075  -38  -1.1875
0.21475731030399  -38  10.9375
3.3655538486211  -38  1.1875
0.23930100291016  -37.5  -8.9375
3.38089365649995  -38  -3.25
0.233165079758617  -37.5  0
0.220893233455532  -38  10.9375
0.223961195031304  -38  10.9375
0.245436926061703  -37.5  -8.9375
0.220893233455532  -38  10.9375
0.251572849213245  -37.5  -13
0.217825271879761  -38  10.9375
0.245436926061703  -37.5  -8.9375
0.220893233455532  -38  10.9375
0.208621387152447  -38  13
0.251572849213245  -37.5  -13
0.202485464000905  -38  15
0.236233041334389  -38  -4.4375
0.205553425576676  -38  10.9375
0.227029156607075  -37.5  -4.0625
0.184077694546277  -38  13
0.202485464000905  -38  2
0.21475731030399  -38  -8.9375
0.202485464000905  -37.5  0
0.233165079758617  -37.5  -26
0.181009732970506  -38  13
0.184077694546277  -38  11.75
0.187145656122048  -38  8.5
0.208621387152447  -37.5  -13
3.32873830971184  -38  5.25
0.190213617697819  -38  11.75
0.196349540849362  -38  9.75
0.227029156607075  -37.5  -8.9375
0.196349540849362  -38  15
0.211689348728218  -38  10.9375
0.245436926061703  -37.5  -21.9375
0.220893233455532  -38  10.9375
0.245436926061703  -37.5  -8.9375
0.227029156607075  -38  7.6875
0.223961195031304  -38  3.25
0.251572849213245  -37.5  -8.9375
3.37782569492418  -38  -2
0.223961195031304  -38  1.1875
0.227029156607075  -38  0
0.233165079758617  -37.5  4.0625
0.223961195031304  -38  8.5
0.21475731030399  -38  10.9375
0.21475731030399  -38  9.75
0.233165079758617  -37.5  0
0.23930100291016  -38  -1.1875
0.245436926061703  -37.5  0
0.236233041334389  -38  4.4375
0.230097118182846  -38  9.75
0.233165079758617  -38  9.75
0.223961195031304  -38  13
0.257708772364788  -37.5  -8.9375
0.223961195031304  -38  10.9375
0.202485464000905  -38  14.1875
0.23930100291016  -37.5  -8.9375
0.199417502425133  -38  10.9375
0.196349540849362  -38  10.9375
0.184077694546277  -38  14.1875
0.202485464000905  -38  6.5
0.196349540849362  -38  9.75
0.193281579273591  -38  9.75
0.21475731030399  -37.5  0
0.202485464000905  -37.5  0
0.184077694546277  -38  10.9375
0.193281579273591  -38  8.5
0.190213617697819  -38  13
0.184077694546277  -38  16.25
0.193281579273591  -38  15
0.208621387152447  -38  9.75
0.227029156607075  -38  2
