3.63860242886474  -45.5  26
0.527689391032661  -46  -2
0.530757352608432  -46  1.1875
3.63860242886474  -45.5  26
3.64473835201628  -45.5  26
0.527689391032661  -46  4.4375
3.68768981407708  -45.5  0
0.533825314184203  -46  -2
0.524621429456889  -46  -1.1875
3.65701019831937  -45.5  13
0.512349583153804  -46  6.5
0.521553467881118  -46  6.5
0.500077736850719  -46  14.1875
0.533825314184203  -46  -2
0.521553467881118  -46  4.4375
0.524621429456889  -46  3.25
0.527689391032661  -46  2
0.521553467881118  -46  5.25
0.530757352608432  -46  0
3.64473835201628  -46  15
0.530757352608432  -46  -1.1875
0.521553467881118  -46  5.25
0.539961237335746  -46  -1.1875
0.539961237335746  -46  -3.25
0.512349583153804  -46  10.9375
3.6539422367436  -46  6.5
0.524621429456889  -46  6.5
0.527689391032661  -46  3.25
3.63860242886474  -46  21.9375
0.524621429456889  -46  2
0.521553467881118  -46  0
0.518485506305347  -46  1.1875
0.518485506305347  -46  2
0.509281621578033  -46  6.5
0.524621429456889  -46  -1.1875
0.524621429456889  -46  1.1875
0.518485506305347  -46  3.25
0.524621429456889  -46  0
0.500077736850719  -46  13
0.515417544729575  -46  7.6875
0.527689391032661  -46  0
3.65701019831937  -45.5  8.9375
0.524621429456889  -46  -2
3.64473835201628  -45.5  17.0625
0.521553467881118  -46  2
0.515417544729575  -46  7.6875
0.518485506305347  -46  5.25
3.63860242886474  -45.5  21.9375
0.518485506305347  -46  3.25
3.63860242886474  -46  30.0625
3.64780631359205  -46  5.25
3.66928204462245  -45.5  0
0.524621429456889  -46  0
0.497009775274948  -46  10.9375
0.506213660002262  -46  6.5
0.512349583153804  -46  6.5
0.50314569842649  -46  10.9375
0.524621429456889  -46  -1.1875
0.518485506305347  -46  4.4375
0.521553467881118  -46  3.25
0.515417544729575  -46  0
3.62633058256166  -46  34.9375
0.515417544729575  -46  3.25
3.64473835201628  -46  17.0625
3.66928204462245  -45.5  0
0.518485506305347  -46  4.4375
0.518485506305347  -46  2
0.521553467881118  -46  0
3.65701019831937  -45.5  8.9375
0.524621429456889  -46  0
3.65087427516783  -45.5  21.9375
0.506213660002262  -46  10.9375
0.506213660002262  -46  7.6875
0.512349583153804  -46  -1.1875
0.518485506305347  -46  -1.1875
0.512349583153804  -46  4.4375
0.515417544729575  -46  1.1875
0.506213660002262  -46  7.6875
0.515417544729575  -46  3.25
0.506213660002262  -46  6.5
0.524621429456889  -46  -4.4375
0.530757352608432  -46  0
3.63860242886474  -46  17.0625
0.509281621578033  -46  6.5
3.63860242886474  -45.5  26
0.524621429456889  -46  -1.1875
3.6324665057132  -45.5  30.0625
0.50314569842649  -46  6.5
3.65087427516783  -46  13
3.6324665057132  -46  39
0.484737928971863  -46  18.25
0.509281621578033  -46  5.25
0.515417544729575  -46  6.5
0.518485506305347  -46  0
0.518485506305347  -46  2
0.524621429456889  -46  -2
0.512349583153804  -46  0
0.509281621578033  -46  5.25
0.509281621578033  -46  1.1875
0.50314569842649  -46  7.6875
0.506213660002262  -46  5.25
0.497009775274948  -46  16.25
0.521553467881118  -46  -2
3.66314612147091  -45.5  8.9375
0.515417544729575  -46  -1.1875
3.66928204462245  -45.5  0
0.509281621578033  -46  0
0.518485506305347  -46  2
3.65701019831937  -45.5  8.9375
0.497009775274948  -46  15
0.512349583153804  -46  5.25
0.512349583153804  -46  6.5
0.515417544729575  -46  1.1875
0.506213660002262  -46  5.25
0.518485506305347  -46  2
0.521553467881118  -46  -3.25
0.515417544729575  -46  1.1875
0.506213660002262  -46  9.75
0.512349583153804  -46  1.1875
3.65087427516783  -45.5  17.0625
3.64167039044051  -46  9.75
0.509281621578033  -46  5.25
0.524621429456889  -46  -3.25
0.509281621578033  -46  6.5
0.512349583153804  -46  5.25
3.63860242886474  -45.5  21.9375
0.506213660002262  -46  5.25
0.512349583153804  -46  4.4375
3.64473835201628  -45.5  17.0625
0.515417544729575  -46  -2
0.512349583153804  -46  6.5
0.512349583153804  -46  1.1875
