5.33211721869049  -44  21.9375
2.1905245651007  -44  5.25
5.32598129553895  -44  16.25
5.32291333396318  -44  18.25
2.20893233455532  -44  5.25
2.1905245651007  -44  11.75
2.21813621928264  -44  -1.1875
5.33825314184203  -44  18.25
2.18745660352492  -44  9.75
5.33211721869049  -44  21.9375
2.19359252667647  -44  4.4375
2.20586437297955  -44  -3.25
2.18438864194915  -44  9.75
2.17518475722184  -44  13
2.20279641140378  -44  -1.1875
5.32291333396318  -44  10.9375
2.1905245651007  -44  3.25
5.35666091129666  -44  -4.0625
2.1905245651007  -44  10.9375
2.20586437297955  -44  -1.1875
2.20586437297955  -44  0
5.35052498814512  -44  0
5.33825314184203  -44  8.9375
5.32291333396318  -44  11.75
2.20586437297955  -44  2
5.3198453723874  -44  17.0625
2.20586437297955  -44  -1.1875
5.33211721869049  -44  13
5.32904925711472  -44  14.1875
5.32904925711472  -44  13
2.21813621928264  -44  -6.5
5.3198453723874  -44  18.25
5.32291333396318  -44  14.1875
5.35666091129666  -44  -8.9375
5.32598129553895  -44  17.4375
2.19972844982801  -44  -2
5.32904925711472  -44  13
2.1905245651007  -44  5.25
5.31677741081163  -44  22.75
5.32598129553895  -44  14.1875
5.33825314184203  -44  13
2.19972844982801  -44  6.5
5.32598129553895  -44  11.75
5.32598129553895  -44  11.75
5.33211721869049  -44  11.75
2.18745660352492  -44  2
2.20893233455532  -44  -2
5.32291333396318  -44  15
2.1905245651007  -44  5.25
2.20586437297955  -44  -2
5.31370944923586  -44  17.4375
5.31064148766009  -44  21.5625
2.17825271879761  -44  8.5
5.31677741081163  -44  15
2.21200029613109  -44  -6.5
5.3198453723874  -44  14.1875
5.3198453723874  -44  15
2.17825271879761  -44  10.9375
2.18438864194915  -44  4.4375
5.31370944923586  -44  19.5
5.33211721869049  -44  14.1875
2.17211679564607  -44  9.75
2.19359252667647  -44  4.4375
5.33211721869049  -44  14.1875
5.33825314184203  -44  8.9375
2.18438864194915  -44  8.5
2.17825271879761  -44  9.75
5.32291333396318  -44  14.1875
2.20893233455532  -44  -2
2.20279641140378  -44  -2
5.31677741081163  -44  17.4375
2.19359252667647  -44  0
5.32904925711472  -44  9.75
2.17211679564607  -44  9.75
2.18745660352492  -44  4.4375
5.32904925711472  -44  11.75
5.3198453723874  -44  13
2.17211679564607  -44  10.9375
5.3198453723874  -44  15
5.31677741081163  -44  15
2.20586437297955  -44  -4.4375
5.3198453723874  -44  15
5.32598129553895  -44  13
5.31677741081163  -44  16.25
2.18438864194915  -44  4.4375
5.31370944923586  -44  26
5.32291333396318  -44  15
2.17211679564607  -44  6.5
5.32291333396318  -44  17.4375
5.3198453723874  -44  15
5.31677741081163  -44  18.25
5.35666091129666  -44  0
2.18438864194915  -44  7.6875
2.20893233455532  -44  -6.5
5.3198453723874  -44  18.25
2.18438864194915  -44  6.5
5.32291333396318  -44  18.25
5.3198453723874  -44  15
2.18132068037338  -44  7.6875
2.18438864194915  -44  6.5
2.17825271879761  -44  7.6875
2.20586437297955  -44  3.25
5.3198453723874  -44  18.25
5.3198453723874  -44  14.1875
5.33825314184203  -44  7.6875
5.33211721869049  -44  13
5.32598129553895  -44  14.1875
2.15984494934298  -44  24.8125
5.33211721869049  -44  14.1875
2.20586437297955  -44  -2
5.33211721869049  -44  17.0625
5.33211721869049  -44  15
2.17518475722184  -44  8.5
5.32598129553895  -44  15
2.21200029613109  -44  -7.6875
5.33211721869049  -44  14.1875
5.3198453723874  -44  14.1875
2.19359252667647  -44  4.4375
5.33825314184203  -44  13
2.20586437297955  -44  -4.4375
5.32904925711472  -44  15
5.32598129553895  -44  21.9375
5.34438906499357  -44  0
5.32904925711472  -44  11.75
2.17825271879761  -44  7.6875
2.20279641140378  -44  -2
5.31064148766009  -44  20.75
5.32598129553895  -44  21.9375
5.32291333396318  -44  15
2.20893233455532  -44  -5.25
2.18132068037338  -44  3.25
5.33825314184203  -44  8.9375
