3.03114603686203  -40  17.0625
3.07409749892282  -40  4.0625
6.20955422936108  -40  5.25
6.21569015251262  -40  3.25
3.07409749892282  -40  13
3.098641191529  -40  0
6.2279619988157  -40  3.25
6.21875811408839  -40  1.1875
3.08023342207437  -40  13
6.2279619988157  -40  5.25
3.0556897294682  -40  8.9375
3.06182565261974  -40  4.0625
6.21262219093685  -40  1.1875
6.19421442148222  -40  5.25
3.04955380631665  -40  17.0625
3.06796157577128  -40  8.9375
3.04955380631665  -40  17.0625
6.21875811408839  -40  -2
3.06796157577128  -40  8.9375
6.19728238305799  -40  2
6.2064862677853  -40  2
6.19421442148222  -40  7.6875
6.20955422936108  -40  0
3.06796157577128  -40  8.9375
3.06796157577128  -40  13
6.19728238305799  -40  3.25
6.19728238305799  -40  3.25
3.06796157577128  -40  8.9375
6.20955422936108  -40  4.4375
6.22182607566416  -40  -2
6.2064862677853  -40  2
3.04341788316511  -40  26
6.19728238305799  -40  7.6875
6.2064862677853  -40  4.4375
6.20955422936108  -40  1.1875
6.20955422936108  -40  2
6.18501053675491  -40  14.1875
3.06182565261974  -40  8.9375
6.19728238305799  -40  5.25
6.20341830620953  -40  8.5
6.20955422936108  -40  0
3.03728196001357  -40  30.0625
3.06182565261974  -40  17.0625
3.0556897294682  -40  17.0625
6.20341830620953  -40  4.4375
6.22182607566416  -40  -4.4375
3.03728196001357  -40  26
3.04955380631665  -40  13
6.2064862677853  -40  3.25
6.19728238305799  -40  -1.1875
3.04955380631665  -40  8.9375
6.18194257517913  -40  11.75
6.19421442148222  -40  1.1875
3.04341788316511  -40  8.9375
6.20035034463376  -40  0
6.19114645990645  -40  -1.1875
3.04955380631665  -40  13
3.06182565261974  -40  4.0625
6.20035034463376  -40  1.1875
6.18807849833068  -40  2
6.19421442148222  -40  -1.1875
6.18807849833068  -40  2
6.18501053675491  -40  6.5
3.06182565261974  -40  0
6.19728238305799  -40  0
6.19421442148222  -40  6.5
6.19114645990645  -40  9.75
6.20955422936108  -40  -1.1875
3.06182565261974  -40  0
6.18807849833068  -40  7.6875
6.20341830620953  -40  -2
6.20341830620953  -40  8.5
3.0556897294682  -40  13
3.04955380631665  -40  8.9375
6.20341830620953  -40  1.1875
6.19421442148222  -40  8.5
6.21262219093685  -40  -3.25
6.19728238305799  -40  3.25
3.06796157577128  -40  8.9375
6.20341830620953  -40  3.25
3.02501011371048  -40  30.0625
6.19728238305799  -40  5.25
6.19728238305799  -40  2
3.06182565261974  -40  -4.0625
6.19728238305799  -40  0
6.20035034463376  -40  1.1875
6.20955422936108  -40  4.4375
6.19114645990645  -40  7.6875
3.06182565261974  -40  8.9375
3.06182565261974  -40  13
6.21262219093685  -40  -1.1875
6.20035034463376  -40  0
3.04341788316511  -40  21.9375
6.19114645990645  -40  6.5
6.20035034463376  -40  0
6.18194257517913  -40  13
3.06182565261974  -40  8.9375
6.2064862677853  -40  1.1875
6.20341830620953  -40  1.1875
6.18194257517913  -40  16.25
6.21569015251262  -40  -2
6.18807849833068  -40  6.5
3.06796157577128  -40  4.0625
6.20035034463376  -40  1.1875
6.19728238305799  -40  3.25
6.19421442148222  -40  4.4375
3.07409749892282  -40  0
3.04955380631665  -40  13
6.20035034463376  -40  5.25
6.20035034463376  -40  5.25
6.19728238305799  -40  7.6875
6.2064862677853  -40  3.25
6.20035034463376  -40  6.5
6.20035034463376  -40  5.25
3.04341788316511  -40  8.9375
6.19114645990645  -40  2
6.18501053675491  -40  2
3.04341788316511  -40  4.0625
3.01887419055894  -40  13
6.17887461360336  -40  1.1875
3.01887419055894  -40  30.0625
6.16967072887605  -40  4.4375
3.04955380631665  -40  8.9375
6.18807849833068  -40  3.25
3.02501011371048  -40  26
6.19114645990645  -40  4.4375
3.03728196001357  -40  13
6.19114645990645  -40  0
3.04341788316511  -40  13
6.19421442148222  -40  2
6.20341830620953  -40  0
6.20035034463376  -40  2
