1.69965071297729  -41  -21.9375
1.65669925091649  -41  13
4.81363171238514  -41  4.4375
4.81363171238514  -41  5.25
4.81976763553668  -41  5.25
1.66283517406803  -41  13
4.82590355868823  -41  -1.1875
4.83510744341554  -41  -3.25
1.65363128934072  -41  15
1.65669925091649  -41  17.4375
4.82590355868823  -41  6.5
4.81363171238514  -41  3.25
1.69351478982575  -41  -21.9375
4.79215598135474  -41  6.5
4.79829190450629  -41  4.4375
4.80442782765783  -41  5.25
4.80135986608206  -41  4.4375
1.66897109721958  -41  -8.9375
4.79829190450629  -41  7.6875
4.81363171238514  -41  4.4375
4.81976763553668  -41  2
4.78908801977897  -41  14.1875
1.68124294352266  -41  -13
4.81669967396091  -41  2
1.67510702037112  -41  0
4.80442782765783  -41  6.5
4.80135986608206  -41  9.75
4.80135986608206  -41  9.75
4.80442782765783  -41  4.4375
4.79829190450629  -41  8.5
4.79522394293051  -41  7.6875
4.81056375080937  -41  -1.1875
4.79829190450629  -41  4.4375
4.79215598135474  -41  9.75
4.79522394293051  -41  2
1.66897109721958  -41  -4.0625
1.66897109721958  -41  -13
4.78908801977897  -41  5.25
4.79522394293051  -41  7.6875
4.79522394293051  -41  4.4375
4.8074957892336  -41  2
4.79522394293051  -41  7.6875
4.81363171238514  -41  -4.4375
4.80442782765783  -41  4.4375
1.64135944303764  -41  11.75
4.78908801977897  -41  10.9375
1.66283517406803  -41  -13
4.79522394293051  -41  7.6875
4.80135986608206  -41  6.5
4.78908801977897  -41  5.25
1.64749536618918  -41  8.5
1.64135944303764  -41  14.1875
4.7860200582032  -41  9.75
4.79522394293051  -41  4.4375
4.77068025032434  -41  15
4.79829190450629  -41  -2
4.78908801977897  -41  4.4375
4.79829190450629  -41  6.5
4.8074957892336  -41  -1.1875
4.79829190450629  -41  3.25
1.66283517406803  -41  0
4.79829190450629  -41  2
1.64135944303764  -41  14.1875
4.79215598135474  -41  7.6875
4.79522394293051  -41  4.4375
4.79215598135474  -41  4.4375
4.79215598135474  -41  6.5
4.79829190450629  -41  7.6875
1.65056332776495  -41  5.25
4.80135986608206  -41  6.5
1.64442740461341  -41  10.9375
4.79522394293051  -41  3.25
4.7860200582032  -41  8.5
4.8074957892336  -41  4.4375
1.64135944303764  -41  16.25
4.79522394293051  -41  5.25
1.63829148146186  -41  14.1875
4.81363171238514  -41  2
4.80135986608206  -41  9.75
4.80135986608206  -41  4.4375
1.65976721249226  -41  13
4.80135986608206  -41  13
4.80442782765783  -41  5.25
4.80442782765783  -41  5.25
1.66283517406803  -41  10.9375
1.69351478982575  -41  -13
1.69965071297729  -41  -21.9375
4.81976763553668  -41  4.4375
4.83510744341554  -41  -1.1875
4.81669967396091  -41  8.5
4.82283559711246  -41  5.25
1.66590313564381  -41  15
4.81976763553668  -41  5.25
1.66897109721958  -41  13
4.81976763553668  -41  3.25
4.81056375080937  -41  7.6875
4.81363171238514  -41  1.1875
4.80442782765783  -41  6.5
4.8074957892336  -41  2
1.68124294352266  -41  -4.0625
4.80442782765783  -41  6.5
1.65363128934072  -41  10.9375
4.79829190450629  -41  6.5
4.8074957892336  -41  2
4.81669967396091  -41  2
4.81669967396091  -41  0
1.65056332776495  -41  14.1875
4.81976763553668  -41  1.1875
1.65363128934072  -41  11.75
4.81669967396091  -41  4.4375
1.67510702037112  -41  -4.0625
4.8074957892336  -41  4.4375
4.8074957892336  -41  2
1.65669925091649  -41  10.9375
1.64442740461341  -41  16.25
4.80442782765783  -41  3.25
1.64442740461341  -41  16.25
4.81363171238514  -41  3.25
4.79829190450629  -41  7.6875
4.79829190450629  -41  8.5
1.64749536618918  -41  13
4.79215598135474  -41  10.9375
4.79829190450629  -41  4.4375
1.65056332776495  -41  9.75
4.81056375080937  -41  3.25
4.79829190450629  -41  3.25
1.66283517406803  -41  5.25
4.81363171238514  -41  1.1875
4.79215598135474  -41  10.9375
4.78908801977897  -41  8.5
4.79522394293051  -41  6.5
1.64135944303764  -41  15
