5.73402018511653  -44.5  20.75
2.64151491673907  -44.5  -5.25
5.77390368560155  -44.5  -8.9375
2.64765083989062  -44.5  -3.25
5.76469980087424  -44.5  17.4375
5.7585638777227  -44.5  17.4375
2.65378676304216  -44.5  4.4375
5.79844737820772  -44.5  -4.4375
2.65071880146639  -44.5  -1.1875
5.74015610826807  -44.5  24
5.7800396087531  -44  -17.0625
2.64458287831485  -44.5  -3.25
5.77390368560155  -44  -21.9375
5.74322406984384  -44.5  16.25
5.76163183929847  -44  -13
5.72481630038921  -44.5  17.4375
5.75549591614693  -44.5  -13
2.6169712241329  -44.5  -4.4375
2.6169712241329  -44.5  -1.1875
2.64151491673907  -44.5  -5.25
5.76469980087424  -44.5  20.75
5.84753476342006  -44  -26
5.78310757032887  -44.5  18.25
2.66605860934524  -44.5  1.1875
5.77697164717732  -44.5  16.25
5.79537941663195  -44.5  11.75
5.78617553190464  -44.5  15
5.77083572402578  -44.5  10.9375
5.74322406984384  -44.5  18.25
5.72481630038921  -44.5  17.4375
2.62003918570868  -44.5  3.25
2.64151491673907  -44.5  -6.5
5.77697164717732  -44.5  13
5.76163183929847  -44.5  19.5
5.75242795457115  -44.5  17.4375
5.74322406984384  -44.5  17.4375
5.7585638777227  -44.5  15
5.74015610826807  -44.5  19.5
5.73402018511653  -44.5  19.5
5.80458330135927  -44  -30.0625
5.75242795457115  -44.5  15
5.76163183929847  -44.5  11.75
2.64765083989062  -44.5  1.1875
5.76469980087424  -44.5  18.25
2.64765083989062  -44.5  -4.4375
5.82299107081389  -44  -48
5.73402018511653  -44.5  16.25
5.74015610826807  -44.5  14.1875
5.7800396087531  -44  -21.9375
5.73402018511653  -44.5  16.25
5.78617553190464  -44  -17.0625
2.62617510886022  -44.5  -1.1875
5.77390368560155  -44.5  -2
5.78617553190464  -44.5  -4.4375
2.64765083989062  -44.5  -2
5.81685514766235  -44  -30.0625
5.78924349348041  -44.5  -2
5.76469980087424  -44.5  13
5.78924349348041  -44.5  -3.25
2.6384469551633  -44.5  -5.25
5.75242795457115  -44.5  14.1875
5.75549591614693  -44.5  14.1875
5.73402018511653  -44.5  18.25
5.76776776245001  -44  -13
5.74322406984384  -44.5  17.4375
5.7800396087531  -44  -17.0625
2.63537899358753  -44.5  4.4375
2.6384469551633  -44.5  -2
5.74015610826807  -44.5  16.25
5.76776776245001  -44  -17.0625
2.62617510886022  -44.5  -1.1875
5.74015610826807  -44.5  13
5.76776776245001  -44  -17.0625
5.76163183929847  -44  -4.0625
2.63537899358753  -44.5  -5.25
5.81071922451081  -44  -30.0625
5.74935999299538  -44.5  16.25
5.7370881466923  -44.5  17.4375
5.7800396087531  -44  -21.9375
5.77390368560155  -44.5  -3.25
5.76163183929847  -44  -17.0625
2.62310714728445  -44.5  2
5.73095222354076  -44.5  17.4375
5.73095222354076  -44.5  15
5.74629203141961  -44.5  13
2.62310714728445  -44.5  2
5.73402018511653  -44.5  18.25
5.76776776245001  -44  -21.9375
2.6169712241329  -44.5  2
5.7370881466923  -44.5  14.1875
5.78617553190464  -44  -13
5.76469980087424  -44.5  4.4375
2.64458287831485  -44.5  -2
2.63537899358753  -44.5  -3.25
5.77390368560155  -44  0
5.76163183929847  -44  -8.9375
5.72481630038921  -44.5  16.25
5.72481630038921  -44.5  16.25
2.62003918570868  -44.5  0
5.73095222354076  -44.5  19.5
5.74629203141961  -44.5  16.25
5.75549591614693  -44  -4.0625
2.62617510886022  -44.5  -1.1875
2.61390326255713  -44.5  4.4375
5.74015610826807  -44.5  14.1875
5.7156124156619  -44.5  20.75
2.6169712241329  -44.5  -3.25
5.79231145505618  -44  -21.9375
2.62310714728445  -44.5  4.4375
5.78617553190464  -44  -30.0625
5.73402018511653  -44.5  19.5
2.6169712241329  -44.5  2
5.73402018511653  -44.5  17.4375
5.73095222354076  -44.5  16.25
5.7800396087531  -44  -8.9375
5.72788426196498  -44.5  18.25
2.62924307043599  -44.5  -4.4375
2.62924307043599  -44.5  3.25
5.7800396087531  -44  -21.9375
5.73095222354076  -44.5  20.75
5.77390368560155  -44  -13
2.59856345467828  -44.5  6.5
5.73095222354076  -44.5  17.4375
5.72788426196498  -44.5  17.4375
5.76163183929847  -44  -4.0625
5.72481630038921  -44.5  20.75
5.7370881466923  -44.5  17.4375
5.74322406984384  -44.5  15
5.78617553190464  -44.5  -4.4375
5.80458330135927  -44  -26
5.79844737820772  -44  -17.0625
5.7585638777227  -44.5  17.4375
