1.92667986958437  -43.5  -4.0625
1.95122356219054  -43.5  -21.9375
1.94508763903899  -43.5  -13
5.0744084463257  -44  3.25
5.05906863844684  -44  10.9375
5.06520456159839  -44  7.6875
1.92667986958437  -44  13
5.06213660002262  -44  8.5
5.07747640790147  -44  4.4375
1.92667986958437  -44  9.75
1.89600025382665  -44  15
5.04372883056799  -44  7.6875
5.04066086899222  -44  14.1875
1.92667986958437  -43.5  0
5.05906863844684  -44  6.5
5.0529327152953  -44  7.6875
5.05906863844684  -44  3.25
5.0529327152953  -44  9.75
1.92054394643282  -43.5  -8.9375
5.07134048474993  -44  -1.1875
5.06520456159839  -44  1.1875
5.0314569842649  -44  17.4375
5.06520456159839  -44  -1.1875
5.04679679214376  -44  6.5
5.0529327152953  -44  3.25
5.04372883056799  -44  7.6875
5.04679679214376  -44  5.25
5.04372883056799  -44  9.75
5.04372883056799  -44  4.4375
1.89906821540242  -44  7.6875
1.91440802328128  -43.5  -13
5.0099812532345  -44  18.25
1.88986433067511  -44  5.25
5.01918513796182  -44  13
5.03452494584067  -44  2
5.02838902268913  -44  7.6875
1.91440802328128  -43.5  -8.9375
5.03759290741645  -44  3.25
5.03759290741645  -44  2
1.9021361769782  -43.5  0
5.0314569842649  -44  8.5
5.0314569842649  -44  4.4375
1.90827210012974  -43.5  -17.0625
5.04066086899222  -44  1.1875
1.88986433067511  -44  6.5
5.01304921481027  -44  11.75
5.01304921481027  -44  13
5.03452494584067  -44  0
1.87145656122048  -44  16.25
5.04986475371953  -44  -3.25
5.04372883056799  -44  0
5.0314569842649  -44  5.25
5.0099812532345  -44  13
5.02532106111336  -44  5.25
5.04372883056799  -44  -1.1875
1.91440802328128  -43.5  -13
5.0314569842649  -44  8.5
5.0314569842649  -44  6.5
1.88372840752357  -43.5  8.9375
5.03759290741645  -44  5.25
5.02225309953759  -44  11.75
5.02225309953759  -44  9.75
5.02225309953759  -44  8.5
5.04986475371953  -44  1.1875
1.89906821540242  -44  8.5
5.03759290741645  -44  5.25
5.04066086899222  -44  10.9375
1.89906821540242  -44  13
5.06520456159839  -44  0
1.93281579273591  -43.5  -13
1.93281579273591  -43.5  -21.9375
5.04986475371953  -44  2
1.91440802328128  -43.5  4.0625
1.93281579273591  -43.5  -13
5.02532106111336  -44  14.1875
5.0529327152953  -44  0
5.02838902268913  -44  9.75
1.9021361769782  -43.5  -8.9375
5.04372883056799  -44  6.5
5.06213660002262  -44  -5.25
5.04679679214376  -44  11.75
5.0529327152953  -44  11.75
1.92974783116014  -44  7.6875
5.0529327152953  -44  3.25
5.01611717638605  -44  13
5.01611717638605  -44  10.9375
5.02225309953759  -44  10.9375
1.92667986958437  -43.5  -8.9375
1.92054394643282  -44  5.25
5.02838902268913  -44  18.25
5.0529327152953  -44  -1.1875
5.02532106111336  -44  9.75
5.00691329165873  -44  16.25
5.00691329165873  -44  10.9375
5.01611717638605  -44  9.75
1.86838859964471  -44  11.75
4.99770940693142  -44  5.25
1.88372840752357  -43.5  -8.9375
4.99464144535565  -44  9.75
5.00384533008296  -44  6.5
5.01918513796182  -44  10.9375
5.02838902268913  -44  9.75
5.05600067687107  -44  8.5
5.0529327152953  -44  8.5
5.03759290741645  -44  6.5
5.02225309953759  -44  6.5
5.02532106111336  -44  6.5
5.02532106111336  -44  8.5
5.06520456159839  -44  -5.25
1.91440802328128  -44  14.1875
1.91134006170551  -44  13
5.03452494584067  -44  11.75
5.04986475371953  -44  3.25
1.89600025382665  -43.5  -4.0625
5.02838902268913  -44  10.9375
5.0314569842649  -44  5.25
5.02225309953759  -44  13
5.03452494584067  -44  9.75
5.04679679214376  -44  0
5.02532106111336  -44  10.9375
1.90827210012974  -43.5  0
5.04986475371953  -44  3.25
5.04066086899222  -44  9.75
1.92667986958437  -43.5  0
1.93895171588745  -43.5  4.0625
5.07134048474993  -44  5.25
5.04066086899222  -44  11.75
1.91440802328128  -43.5  -13
5.0529327152953  -44  10.9375
1.92054394643282  -44  8.5
5.02225309953759  -44  17.4375
5.03759290741645  -44  1.1875
