0.138058270909708  -46  6.5
3.31339850183298  -45.5  13
0.174873809818963  -45.5  1.1875
0.150330117212793  -45.5  7.6875
0.116582539879309  -45.5  5.25
0.11965050145508  -45.5  7.6875
0.101242732000452  -45.5  9.75
0.0920388472731385  -46  5.25
0.098174770424681  -45.5  3.25
0.0797670009700533  -46  7.6875
3.23363150086293  -45.5  8.9375
3.24590334716602  -46  -8.9375
0.101242732000452  -46  3.25
0.0951068088489097  -46  4.4375
3.22442761613562  -46  15
0.098174770424681  -46  7.6875
3.22749557771139  -45.5  4.0625
3.25203927031756  -45.5  -8.9375
0.0859029241215959  -46  4.4375
3.19988392352945  -46  24
3.24590334716602  -46  0
3.22749557771139  -45.5  21.9375
0.0920388472731385  -46  3.25
3.23363150086293  -46  8.9375
0.0889708856973672  -46  6.5
3.2581751934691  -45.5  0
0.0889708856973672  -46  5.25
3.23976742401447  -46  -4.0625
0.0766990393942821  -46  14.1875
0.104310693576224  -46  2
0.110446616727766  -46  1.1875
0.0889708856973672  -46  10.9375
0.0951068088489097  -46  6.5
0.098174770424681  -46  6.5
0.0889708856973672  -46  8.5
0.0951068088489097  -46  2
0.0920388472731385  -46  6.5
3.25203927031756  -46  8.9375
0.104310693576224  -46  3.25
0.101242732000452  -46  2
3.21829169298408  -46  17.4375
0.107378655151995  -46  4.4375
3.24590334716602  -46  4.0625
0.101242732000452  -46  2
0.101242732000452  -46  6.5
0.0951068088489097  -46  4.4375
0.107378655151995  -46  4.4375
3.27658296292373  -45.5  -17.0625
0.101242732000452  -46  8.5
0.104310693576224  -46  8.5
0.113514578303537  -46  -2
0.107378655151995  -46  5.25
0.110446616727766  -46  2
0.104310693576224  -46  7.6875
0.107378655151995  -46  3.25
0.098174770424681  -46  8.5
3.2581751934691  -46  4.0625
0.110446616727766  -46  4.4375
0.113514578303537  -46  0
0.104310693576224  -46  5.25
0.116582539879309  -46  -3.25
0.110446616727766  -46  3.25
0.110446616727766  -46  -3.25
0.107378655151995  -46  5.25
0.0889708856973672  -46  13
0.110446616727766  -46  2
3.2581751934691  -45.5  17.0625
3.2581751934691  -46  8.9375
3.2581751934691  -46  13
0.098174770424681  -46  10.9375
3.27658296292373  -46  0
0.113514578303537  -46  5.25
0.0951068088489097  -46  11.75
0.110446616727766  -46  5.25
0.101242732000452  -46  3.25
3.27658296292373  -45.5  -8.9375
0.0951068088489097  -46  13
0.107378655151995  -46  3.25
0.0951068088489097  -46  10.9375
0.122718463030851  -46  -2
0.107378655151995  -46  4.4375
3.25203927031756  -46  8.9375
0.113514578303537  -46  0
3.25203927031756  -45.5  13
0.101242732000452  -46  7.6875
3.25203927031756  -45.5  13
0.0951068088489097  -46  10.9375
3.25203927031756  -45.5  8.9375
0.110446616727766  -46  2
0.110446616727766  -46  0
0.101242732000452  -46  3.25
0.116582539879309  -46  -1.1875
3.28271888607527  -45.5  -13
0.113514578303537  -46  3.25
0.104310693576224  -46  7.6875
0.11965050145508  -46  0
0.107378655151995  -46  0
0.110446616727766  -46  5.25
3.26431111662064  -45.5  0
3.2581751934691  -45.5  13
0.104310693576224  -46  8.5
0.11965050145508  -46  2
3.25203927031756  -45.5  13
0.107378655151995  -46  3.25
0.116582539879309  -46  -3.25
0.110446616727766  -46  4.4375
3.25203927031756  -46  8.9375
0.11965050145508  -46  -1.1875
0.104310693576224  -46  7.6875
0.104310693576224  -46  9.75
0.110446616727766  -46  1.1875
0.0920388472731385  -46  14.1875
3.27044703977219  -46  -4.0625
0.098174770424681  -46  8.5
0.113514578303537  -46  0
0.107378655151995  -46  5.25
0.107378655151995  -46  0
0.107378655151995  -46  4.4375
0.116582539879309  -46  3.25
0.110446616727766  -46  7.6875
3.26431111662064  -45.5  0
0.110446616727766  -46  5.25
0.107378655151995  -46  5.25
0.116582539879309  -46  2
0.101242732000452  -46  8.5
3.27658296292373  -45.5  -4.0625
0.104310693576224  -46  6.5
0.101242732000452  -46  6.5
0.110446616727766  -46  2
0.0828349625458246  -46  14.1875
3.2581751934691  -45.5  0
0.0889708856973672  -46  11.75
