5.45483568172134  -45  -8.9375
2.27949545079806  -45  8.5
5.46097160487288  -45  -13
5.43642791226671  -45.5  0
2.29790322025269  -45  0
5.46097160487288  -45.5  -21.9375
5.40268033493323  -45  14.1875
5.40268033493323  -45  14.1875
5.40268033493323  -45  10.9375
5.43642791226671  -45.5  -8.9375
2.29483525867692  -45  -2
2.28256341237383  -45  5.25
5.44256383541826  -45  9.75
2.32551487443463  -45  -3.25
5.48551529747905  -45  -4.0625
2.32244691285886  -45  3.25
5.45176772014557  -45  13
2.34085468231349  -45  -2
5.4916512206306  -45.5  -13
2.33165079758617  -45  3.25
5.44563179699403  -45  17.4375
2.29483525867692  -45  15
5.4486997585698  -45  15
5.47324345117597  -45.5  -4.0625
2.30403914340423  -45  1.1875
5.44563179699403  -45  10.9375
5.43642791226671  -45  13
5.43949587384248  -45  13
5.44563179699403  -45  10.9375
2.30097118182846  -45  5.25
5.46097160487288  -45.5  -4.0625
2.29176729710115  -45  7.6875
5.43949587384248  -45  13
5.44563179699403  -45  8.5
2.32551487443463  -45  -6.5
2.32244691285886  -45  -5.25
2.29790322025269  -45  6.5
5.46710752802443  -45.5  -13
5.45483568172134  -45  0
5.43642791226671  -45  15
5.46710752802443  -45.5  -4.0625
5.44256383541826  -45  10.9375
2.30097118182846  -45  8.5
5.46097160487288  -45.5  -4.0625
5.44563179699403  -45  11.75
2.30710710498  -45  2
5.45483568172134  -45  8.5
2.28563137394961  -45  13
5.43029198911517  -45  17.4375
5.43335995069094  -45  15
5.46097160487288  -45.5  -4.0625
5.41802014281208  -45  19.5
2.29176729710115  -45  6.5
5.45483568172134  -45.5  8.9375
2.3285828360104  -45  -3.25
2.29790322025269  -45  10.9375
5.4916512206306  -45.5  -13
5.48551529747905  -45.5  -13
5.47937937432751  -45.5  -17.0625
5.4272240275394  -45  16.25
5.46097160487288  -45.5  4.0625
2.31937895128309  -45  5.25
5.4486997585698  -45  9.75
5.47324345117597  -45.5  -8.9375
2.33165079758617  -45  -5.25
5.49778714378214  -45.5  -17.0625
2.33165079758617  -45  -2
5.47324345117597  -45.5  -4.0625
2.32244691285886  -45  -1.1875
5.4486997585698  -45  11.75
5.4916512206306  -45.5  -21.9375
2.31937895128309  -45  1.1875
2.30710710498  -45  9.75
5.47937937432751  -45.5  -8.9375
5.46097160487288  -45  9.75
5.4486997585698  -45  11.75
2.31937895128309  -45  2
5.48551529747905  -45.5  -21.9375
5.44256383541826  -45  13
2.31324302813155  -45  3.25
5.4916512206306  -45.5  -13
2.3285828360104  -45  -2
2.32244691285886  -45  4.4375
5.48551529747905  -45.5  -8.9375
5.45483568172134  -45  16.25
2.34699060546503  -45  -7.6875
2.3500585670408  -45  -4.4375
5.46097160487288  -45  15
2.3500585670408  -45  -1.1875
2.33165079758617  -45  0
5.49778714378214  -45.5  -4.0625
5.47324345117597  -45  9.75
5.46403956644865  -45  11.75
5.49778714378214  -45.5  -8.9375
2.33165079758617  -45  3.25
2.34392264388926  -45  0
5.4701754896002  -45  13
5.49778714378214  -45.5  -8.9375
2.3285828360104  -45  6.5
5.46403956644865  -45  13
5.49778714378214  -45  -8.9375
5.47324345117597  -45  9.75
2.3285828360104  -45  5.25
5.49778714378214  -45.5  0
5.47631141275174  -45  11.75
2.32551487443463  -45  10.9375
2.33471875916195  -45  -1.1875
2.33165079758617  -45  -1.1875
2.3285828360104  -45  -2
5.48551529747905  -45.5  -4.0625
2.33165079758617  -45.5  2
5.45483568172134  -45.5  7.6875
5.47324345117597  -45.5  0
5.45176772014557  -45  21.5625
5.46710752802443  -45.5  -13
5.47324345117597  -45.5  -4.0625
2.32551487443463  -45  -3.25
5.4486997585698  -45  15
5.52233083638831  -45.5  -30.0625
2.32244691285886  -45  3.25
2.31324302813155  -45  8.5
2.31631098970732  -45  8.5
5.46097160487288  -45  14.1875
5.46710752802443  -45  13
2.31631098970732  -45  5.25
5.4701754896002  -45  11.75
2.32551487443463  -45  8.5
2.31631098970732  -45  5.25
5.46710752802443  -45  9.75
2.33778672073772  -45  4.4375
5.45790364329711  -45  13
5.4701754896002  -45  13
