3.31646646340876  -42.5  2
0.227029156607075  -42  -13
3.34714607916647  -42.5  0
0.217825271879761  -42.5  -3.25
0.220893233455532  -42  -4.0625
0.196349540849362  -42.5  13
0.220893233455532  -42  0
0.202485464000905  -42.5  9.75
0.23930100291016  -42  0
3.35941792546955  -42.5  1.1875
0.205553425576676  -42.5  11.75
3.3655538486211  -42.5  0
3.34714607916647  -42.5  0
3.3655538486211  -42.5  -4.4375
0.202485464000905  -42.5  11.75
0.227029156607075  -42  -8.9375
0.202485464000905  -42.5  13
3.35328200231801  -42.5  -4.4375
0.181009732970506  -42.5  11.75
0.193281579273591  -42.5  7.6875
0.193281579273591  -42.5  9.75
0.193281579273591  -42.5  9.75
0.193281579273591  -42.5  11.75
0.190213617697819  -42.5  13
3.31339850183298  -42.5  10.9375
0.190213617697819  -42.5  6.5
3.33487423286338  -42.5  3.25
0.190213617697819  -42.5  10.9375
0.21475731030399  -42  4.0625
0.190213617697819  -42.5  8.5
3.33794219443916  -42.5  1.1875
0.187145656122048  -42.5  9.75
0.190213617697819  -42.5  10.9375
0.193281579273591  -42.5  9.75
0.193281579273591  -42.5  13
0.190213617697819  -42.5  8.5
0.187145656122048  -42.5  11.75
0.190213617697819  -42.5  14.1875
0.196349540849362  -42.5  8.5
0.187145656122048  -42.5  10.9375
0.190213617697819  -42.5  11.75
0.190213617697819  -42.5  9.75
0.181009732970506  -42.5  14.1875
0.21475731030399  -42  -8.9375
0.193281579273591  -42.5  10.9375
0.193281579273591  -42.5  8.5
0.187145656122048  -42.5  11.75
0.196349540849362  -42.5  4.4375
3.34101015601493  -42.5  1.1875
0.187145656122048  -42.5  13
0.184077694546277  -42.5  10.9375
0.187145656122048  -42.5  6.5
0.190213617697819  -42.5  13
0.190213617697819  -42.5  11.75
0.184077694546277  -42.5  10.9375
0.181009732970506  -42.5  11.75
0.208621387152447  -42  -4.0625
0.181009732970506  -42.5  10.9375
0.196349540849362  -42.5  1.1875
0.174873809818963  -42.5  10.9375
0.196349540849362  -42  -8.9375
0.187145656122048  -42.5  8.5
0.190213617697819  -42.5  7.6875
0.187145656122048  -42.5  10.9375
0.187145656122048  -42.5  9.75
0.171805848243192  -42.5  16.25
0.184077694546277  -42.5  14.1875
0.190213617697819  -42.5  13
0.193281579273591  -42.5  8.5
3.32873830971184  -42.5  2
0.208621387152447  -42  -4.0625
0.190213617697819  -42.5  9.75
0.202485464000905  -42.5  -2
0.220893233455532  -42  -13
0.184077694546277  -42.5  9.75
0.190213617697819  -42.5  5.25
0.184077694546277  -42.5  10.9375
0.227029156607075  -42  -21.9375
0.190213617697819  -42.5  9.75
3.34714607916647  -42.5  -3.25
0.187145656122048  -42.5  11.75
0.190213617697819  -42.5  13
3.33794219443916  -42.5  2
0.208621387152447  -42  4.0625
0.205553425576676  -42.5  1.1875
0.193281579273591  -42.5  13
0.202485464000905  -42.5  1.1875
0.187145656122048  -42.5  9.75
0.21475731030399  -42  4.0625
0.187145656122048  -42.5  11.75
0.190213617697819  -42.5  8.5
0.21475731030399  -42  -13
0.205553425576676  -42.5  -1.1875
0.184077694546277  -42.5  15
3.33794219443916  -42.5  3.25
0.205553425576676  -42.5  2
3.35328200231801  -42.5  -3.25
3.35328200231801  -42.5  -4.4375
0.245436926061703  -42  -21.9375
0.187145656122048  -42.5  10.9375
0.190213617697819  -42.5  5.25
0.208621387152447  -42.5  0
0.196349540849362  -42.5  10.9375
0.196349540849362  -42.5  7.6875
0.208621387152447  -42  -4.0625
0.193281579273591  -42.5  8.5
0.233165079758617  -42  -17.0625
0.202485464000905  -42.5  5.25
0.190213617697819  -42.5  13
0.196349540849362  -42.5  11.75
3.33487423286338  -42.5  2
0.21475731030399  -42  -4.0625
0.187145656122048  -42.5  7.6875
0.193281579273591  -42.5  8.5
3.33794219443916  -42.5  3.25
0.190213617697819  -42.5  13
0.193281579273591  -42.5  8.5
0.202485464000905  -42.5  4.4375
0.190213617697819  -42  11.75
0.193281579273591  -42.5  10.9375
0.227029156607075  -42  -8.9375
3.33794219443916  -42.5  2
0.205553425576676  -42.5  0
3.34101015601493  -42.5  2
0.199417502425133  -42.5  10.9375
0.199417502425133  -42.5  8.5
0.220893233455532  -42  0
0.21475731030399  -42.5  -3.25
0.220893233455532  -42  -8.9375
0.220893233455532  -42.5  -6.5
0.190213617697819  -42  15
0.193281579273591  -42  9.75
