1.96963133164516  -45  4.0625
1.97576725479671  -45  13
5.1173599083865  -45.5  4.4375
1.95429152376631  -45.5  16.25
5.11122398523496  -45.5  3.25
5.10508806208341  -45.5  9.75
5.08361233105301  -45.5  19.5
5.08668029262879  -45.5  17.4375
5.12963175468958  -45.5  2
1.96349540849362  -45  13
5.1173599083865  -45.5  2
5.12349583153804  -45.5  2
1.97576725479671  -45  8.9375
5.11429194681073  -45.5  8.5
1.96963133164516  -45  13
1.99417502425133  -45  0
1.96656337006939  -45.5  17.4375
1.98803910109979  -45  13
5.08974825420456  -45.5  14.1875
5.09281621578033  -45.5  10.9375
5.10508806208341  -45.5  13
1.96349540849362  -45.5  3.25
5.09895213893187  -45.5  8.5
5.11429194681073  -45.5  8.5
5.11122398523496  -45.5  4.4375
5.10815602365918  -45.5  7.6875
5.10202010050764  -45.5  9.75
5.10202010050764  -45.5  8.5
5.08974825420456  -45.5  14.1875
5.0958841773561  -45.5  10.9375
5.11122398523496  -45.5  4.4375
1.95735948534208  -45  21.9375
5.12349583153804  -45.5  1.1875
1.95122356219054  -45.5  17.4375
5.09895213893187  -45.5  9.75
1.96963133164516  -45.5  8.9375
5.10202010050764  -45.5  6.5
5.1173599083865  -45.5  3.25
5.10508806208341  -45.5  8.5
1.96963133164516  -45.5  0
5.10815602365918  -45.5  4.4375
5.0958841773561  -45.5  16.25
1.96349540849362  -45  13
5.1173599083865  -45.5  5.25
5.1173599083865  -45.5  2
5.09895213893187  -45.5  13
5.11122398523496  -45.5  5.25
5.10202010050764  -45.5  9.75
1.96963133164516  -45  8.9375
5.10815602365918  -45.5  5.25
5.09895213893187  -45.5  8.5
5.11429194681073  -45.5  0
5.12349583153804  -45.5  0
5.10202010050764  -45.5  9.75
5.11429194681073  -45.5  7.6875
1.95122356219054  -45.5  15
1.95735948534208  -45.5  13
5.10508806208341  -45.5  5.25
1.96349540849362  -45  21.9375
5.10202010050764  -45.5  7.6875
1.96963133164516  -45  4.0625
5.10202010050764  -45.5  6.5
1.96963133164516  -45  0
5.12349583153804  -45.5  7.6875
5.12042786996227  -45.5  7.6875
5.10202010050764  -45.5  9.75
5.10508806208341  -45.5  10.9375
5.12656379311381  -45.5  2
5.0958841773561  -45.5  14.1875
5.1173599083865  -45.5  6.5
5.12656379311381  -45.5  1.1875
1.96963133164516  -45  13
5.12042786996227  -45.5  2
5.11429194681073  -45.5  7.6875
1.96656337006939  -45.5  11.75
5.10815602365918  -45.5  10.9375
1.96963133164516  -45.5  13
1.98190317794825  -45  8.9375
5.09281621578033  -45.5  13
1.96349540849362  -45.5  13
5.11122398523496  -45.5  7.6875
1.97576725479671  -45.5  8.9375
1.96042744691785  -45.5  16.25
5.12656379311381  -45.5  1.1875
5.10815602365918  -45.5  8.5
5.10202010050764  -45.5  9.75
5.12656379311381  -45.5  3.25
1.97576725479671  -45  13
5.10508806208341  -45.5  11.75
1.98190317794825  -45  8.9375
5.10508806208341  -45.5  9.75
5.10815602365918  -45.5  11.75
5.1173599083865  -45.5  8.5
5.12042786996227  -45.5  4.4375
5.11429194681073  -45.5  6.5
5.10815602365918  -45.5  9.75
1.98190317794825  -45.5  8.9375
5.10508806208341  -45.5  11.75
5.10202010050764  -45.5  13
5.11122398523496  -45.5  8.5
5.10815602365918  -45.5  11.75
5.1173599083865  -45.5  7.6875
5.1173599083865  -45.5  10.9375
5.12349583153804  -45.5  3.25
1.98190317794825  -45  4.0625
5.12963175468958  -45.5  5.25
1.95735948534208  -45  26
5.10508806208341  -45.5  10.9375
1.97576725479671  -45.5  17.0625
5.12656379311381  -45.5  2
5.13269971626536  -45.5  0
5.11122398523496  -45.5  7.6875
5.12963175468958  -45.5  -3.25
1.98190317794825  -45.5  4.0625
5.10202010050764  -45.5  11.75
1.96963133164516  -45.5  8.9375
5.11122398523496  -45.5  9.75
5.10508806208341  -45.5  7.6875
5.10815602365918  -45.5  8.5
5.11429194681073  -45.5  7.6875
5.11122398523496  -45.5  3.25
1.98190317794825  -45  0
5.09895213893187  -45.5  11.75
1.99417502425133  -45  -8.9375
5.12042786996227  -45.5  4.4375
1.95122356219054  -45.5  30.0625
5.08054436947724  -45.5  19.5
1.96349540849362  -45  21.9375
5.11429194681073  -45.5  6.5
5.11429194681073  -45.5  7.6875
1.97576725479671  -45  4.0625
5.10508806208341  -45.5  4.4375
