0.450990351638379  -40.5  14.1875
0.447922390062607  -40.5  16.25
3.62326262098588  -40.5  -1.1875
0.463262197941464  -40.5  13
3.60792281310703  -40.5  0
3.6109907746828  -40.5  -2
0.432582582183751  -40.5  16.25
0.435650543759522  -40.5  13
0.450990351638379  -40.5  11.75
3.61712669783434  -40.5  -4.4375
3.6109907746828  -40.5  -1.1875
0.432582582183751  -40.5  18.25
3.60485485153126  -40.5  1.1875
3.59871892837971  -40.5  0
0.466330159517235  -40.5  -1.1875
0.45405831321415  -40.5  4.0625
0.441786466911065  -40.5  18.25
0.432582582183751  -40.5  13
0.444854428486836  -40.5  11.75
0.460194236365692  -40.5  3.25
0.447922390062607  -40.5  16.25
0.438718505335293  -40.5  17.4375
3.60792281310703  -40.5  0
0.441786466911065  -40.5  13
0.441786466911065  -40.5  16.25
0.438718505335293  -40.5  17.4375
0.447922390062607  -40  0
0.441786466911065  -40.5  14.1875
0.447922390062607  -40.5  -4.0625
0.417242774304894  -40.5  18.25
0.450990351638379  -40.5  3.25
3.60178688995549  -40.5  2
0.460194236365692  -40  0
0.447922390062607  -40.5  6.5
3.60178688995549  -40.5  0
0.460194236365692  -40.5  2
0.423378697456437  -40.5  14.1875
0.466330159517235  -40  -4.0625
3.568039312622  -40.5  8.5
0.441786466911065  -40.5  4.0625
0.441786466911065  -40.5  4.4375
0.447922390062607  -40  8.9375
0.435650543759522  -40.5  9.75
0.447922390062607  -40.5  0
0.460194236365692  -40.5  -17.0625
0.45405831321415  -40.5  1.1875
3.58031115892509  -40.5  7.6875
0.447922390062607  -40.5  0
0.438718505335293  -40.5  6.5
0.447922390062607  -40  4.0625
0.441786466911065  -40.5  10.9375
3.60485485153126  -40.5  2
0.447922390062607  -40.5  8.5
0.447922390062607  -40.5  3.25
3.59871892837971  -40.5  -1.1875
3.6109907746828  -40.5  -6.5
0.441786466911065  -40.5  8.9375
3.60485485153126  -40.5  -1.1875
0.460194236365692  -40.5  4.0625
0.444854428486836  -40.5  13
0.45405831321415  -40.5  -4.0625
0.450990351638379  -40.5  7.6875
0.435650543759522  -40.5  16.25
0.435650543759522  -40.5  14.1875
0.441786466911065  -40.5  18.25
0.450990351638379  -40.5  10.9375
0.450990351638379  -40.5  9.75
0.466330159517235  -40  -8.9375
3.568039312622  -40.5  14.1875
3.60792281310703  -40.5  -2
0.466330159517235  -40  -4.0625
3.59871892837971  -40.5  1.1875
3.60792281310703  -40.5  1.1875
0.450990351638379  -40.5  7.6875
0.47860200582032  -40  -13
0.432582582183751  -40.5  10.9375
0.435650543759522  -40.5  11.75
0.42951462060798  -40.5  18.25
0.441786466911065  -40  8.9375
0.432582582183751  -40.5  11.75
0.423378697456437  -40.5  16.25
0.447922390062607  -40.5  -8.9375
3.60792281310703  -40.5  -2
0.444854428486836  -40.5  9.75
3.60792281310703  -40.5  4.4375
3.57110727419777  -40.5  10.9375
3.59258300522817  -40.5  8.5
0.447922390062607  -40.5  -4.0625
3.59871892837971  -40.5  4.4375
0.444854428486836  -40.5  11.75
0.435650543759522  -40.5  13
0.432582582183751  -40.5  14.1875
0.45405831321415  -40  0
3.60178688995549  -40.5  -1.1875
3.568039312622  -40.5  14.1875
0.435650543759522  -40.5  13
0.463262197941464  -40.5  -1.1875
3.6109907746828  -40.5  -1.1875
3.60485485153126  -40.5  3.25
3.57110727419777  -40.5  16.25
3.6109907746828  -40.5  -2
0.444854428486836  -40.5  10.9375
0.466330159517235  -40  -8.9375
0.457126274789921  -40.5  4.4375
0.45405831321415  -40  -4.0625
3.6109907746828  -40.5  -4.4375
0.42951462060798  -40.5  15
3.60792281310703  -40.5  2
0.441786466911065  -40  4.0625
0.420310735880666  -40.5  17.4375
0.441786466911065  -40.5  15
3.60792281310703  -40.5  -2
0.438718505335293  -40.5  13
3.60485485153126  -40.5  0
0.45405831321415  -40.5  -1.1875
0.432582582183751  -40.5  16.25
0.441786466911065  -40.5  0
0.441786466911065  -40.5  22.75
0.444854428486836  -40.5  11.75
3.60485485153126  -40.5  1.1875
0.42951462060798  -40  17.0625
0.426446659032208  -40.5  17.4375
0.438718505335293  -40.5  13
0.435650543759522  -40.5  15
0.435650543759522  -40.5  14.1875
3.60178688995549  -40.5  1.1875
0.438718505335293  -40.5  14.1875
0.460194236365692  -40  -4.0625
0.435650543759522  -40.5  20.75
3.60485485153126  -40.5  0
3.60178688995549  -40.5  -2
0.438718505335293  -40.5  13
