4.49149574692916  -47.5  5.25
4.4976316700807  -47.5  4.4375
4.49456370850493  -47.5  13
4.49456370850493  -47.5  6.5
4.48842778535339  -47.5  8.5
4.46081613117144  -47.5  20.75
4.48842778535339  -47.5  10.9375
4.49456370850493  -47.5  4.4375
4.50376759323224  -47.5  -2
1.34069920861205  -47.5  17.4375
4.48842778535339  -47.5  14.1875
4.49456370850493  -47.5  8.5
4.4761559390503  -47.5  13
4.49149574692916  -47.5  9.75
4.49456370850493  -47.5  5.25
1.33763124703628  -47.5  0
4.50069963165647  -47.5  6.5
4.4976316700807  -47.5  8.5
1.33456328546051  -47.5  16.25
1.34683513176359  -47.5  14.1875
4.50069963165647  -47.5  3.25
1.33149532388474  -47.5  26
4.50069963165647  -47.5  7.6875
1.33149532388474  -47.5  21.9375
4.46388409274722  -47.5  19.5
1.33763124703628  -47.5  17.0625
4.49149574692916  -47.5  6.5
1.33149532388474  -47.5  13
4.4976316700807  -47.5  5.25
4.50069963165647  -47.5  5.25
1.33149532388474  -47.5  -4.0625
1.32535940073319  -47.5  8.9375
1.32535940073319  -47.5  4.0625
4.4976316700807  -47.5  0
1.33763124703628  -47.5  -13
1.33763124703628  -47.5  -13
4.48535982377761  -47.5  4.4375
4.49149574692916  -47.5  3.25
4.48535982377761  -47.5  11.75
1.31308755443011  -47.5  18.25
1.31922347758165  -47.5  17.4375
4.49149574692916  -47.5  -2
4.48842778535339  -47.5  1.1875
1.31615551600588  -47.5  20.75
4.48535982377761  -47.5  7.6875
1.32535940073319  -47.5  0
1.31615551600588  -47.5  17.4375
4.49149574692916  -47.5  0
1.30695163127857  -47.5  4.0625
4.47922390062607  -47.5  7.6875
1.33763124703628  -47  -13
4.48229186220184  -47.5  6.5
4.48229186220184  -47.5  4.4375
1.30695163127857  -47.5  19.5
4.4761559390503  -47.5  3.25
1.31308755443011  -47  8.9375
4.44854428486836  -47.5  16.25
4.47002001589876  -47.5  9.75
4.4761559390503  -47.5  5.25
1.31922347758165  -47  8.9375
1.32535940073319  -47.5  7.6875
4.4761559390503  -47.5  3.25
4.47002001589876  -47.5  5.25
4.44240836171682  -47.5  16.25
4.46388409274722  -47.5  5.25
4.46081613117144  -47.5  2
4.43013651541373  -47.5  20.75
4.46081613117144  -47.5  6.5
4.47002001589876  -47.5  1.1875
4.47002001589876  -47.5  -1.1875
1.30695163127857  -47  8.9375
1.30081570812702  -47.5  17.0625
4.47002001589876  -47.5  4.4375
4.44240836171682  -47.5  16.25
4.47002001589876  -47.5  7.6875
4.45161224644413  -47.5  14.1875
4.47922390062607  -47.5  3.25
4.48229186220184  -47.5  4.4375
1.33456328546051  -47.5  8.5
1.31615551600588  -47.5  15
4.4761559390503  -47.5  8.5
4.4976316700807  -47.5  1.1875
4.48842778535339  -47.5  10.9375
4.49149574692916  -47.5  6.5
4.48535982377761  -47.5  6.5
4.50069963165647  -47.5  3.25
1.34376717018782  -47.5  13
4.4976316700807  -47.5  8.5
1.33149532388474  -47.5  21.9375
4.51297147795956  -47.5  3.25
1.35603901649091  -47.5  4.0625
1.34376717018782  -47.5  15
1.33149532388474  -47.5  13
4.4976316700807  -47.5  8.5
1.36831086279399  -47.5  -8.9375
1.33456328546051  -47.5  18.25
4.50683555480801  -47.5  5.25
4.48535982377761  -47.5  11.75
4.50069963165647  -47.5  5.25
1.34683513176359  -47.5  7.6875
4.4976316700807  -47.5  4.4375
4.48535982377761  -47.5  10.9375
1.34069920861205  -47.5  11.75
4.48842778535339  -47.5  9.75
4.48535982377761  -47.5  9.75
4.48842778535339  -47.5  8.5
4.48842778535339  -47.5  6.5
4.48229186220184  -47.5  4.4375
4.49149574692916  -47.5  3.25
4.48535982377761  -47.5  4.4375
1.32842736230897  -47.5  10.9375
1.35603901649091  -47.5  -17.0625
4.48842778535339  -47.5  1.1875
1.32535940073319  -47.5  13
4.48229186220184  -47.5  4.4375
4.48842778535339  -47.5  2
4.47922390062607  -47.5  6.5
1.31308755443011  -47.5  26
1.35603901649091  -47.5  -26
1.31308755443011  -47.5  21.9375
4.47308797747453  -47.5  14.1875
1.34376717018782  -47.5  0
1.33149532388474  -47.5  11.75
4.45774816959567  -47.5  15
4.48535982377761  -47.5  3.25
1.32535940073319  -47.5  17.4375
4.48535982377761  -47.5  7.6875
1.33149532388474  -47.5  4.0625
4.4761559390503  -47.5  10.9375
4.47922390062607  -47.5  8.5
4.49149574692916  -47.5  4.4375
4.48842778535339  -47.5  2
