1.88372840752357  -42  -17.0625
1.87759248437202  -42.5  11.75
1.88372840752357  -42.5  16.25
5.07134048474993  -42.5  7.6875
5.05906863844684  -42.5  16.25
1.93895171588745  -42.5  0
1.96963133164516  -42.5  -6.5
5.08974825420456  -42.5  6.5
1.93895171588745  -42.5  13
1.95122356219054  -42  0
5.08974825420456  -42.5  4.4375
5.08361233105301  -42.5  6.5
1.95122356219054  -42  -13
5.06520456159839  -42.5  9.75
1.94508763903899  -42  0
5.09895213893187  -42.5  6.5
1.96042744691785  -42.5  9.75
5.0958841773561  -42.5  2
5.08668029262879  -42.5  5.25
1.93895171588745  -42  -8.9375
1.92667986958437  -42.5  13
5.0744084463257  -42.5  9.75
5.07747640790147  -42.5  7.6875
1.93895171588745  -42  0
5.0958841773561  -42.5  3.25
5.0958841773561  -42.5  4.4375
1.96963133164516  -42.5  -4.4375
5.08974825420456  -42.5  9.75
5.08054436947724  -42.5  6.5
1.94508763903899  -42  -4.0625
5.0958841773561  -42.5  3.25
5.09895213893187  -42.5  -3.25
5.08054436947724  -42.5  9.75
5.07134048474993  -42.5  8.5
1.94508763903899  -42  0
5.07134048474993  -42.5  6.5
5.08668029262879  -42.5  5.25
1.93895171588745  -42  0
5.06213660002262  -42.5  9.75
5.06520456159839  -42.5  8.5
5.06213660002262  -42.5  3.25
1.92667986958437  -42  0
1.91440802328128  -42.5  11.75
1.93281579273591  -42  4.0625
5.08054436947724  -42.5  8.5
1.94508763903899  -42  0
5.07747640790147  -42.5  5.25
5.08054436947724  -42.5  3.25
5.06827252317416  -42.5  6.5
5.08668029262879  -42.5  4.4375
1.93895171588745  -42  -4.0625
5.0744084463257  -42.5  5.25
1.92054394643282  -42.5  13
1.93895171588745  -42  -4.0625
5.08974825420456  -42.5  2
1.93281579273591  -42  0
5.06520456159839  -42.5  4.4375
5.08361233105301  -42.5  6.5
1.93895171588745  -42  -8.9375
5.08361233105301  -42.5  4.4375
1.92974783116014  -42.5  13
1.94508763903899  -42  -4.0625
1.94508763903899  -42  -8.9375
5.09895213893187  -42.5  0
5.08361233105301  -42.5  6.5
1.93281579273591  -42  8.9375
5.09895213893187  -42.5  4.4375
1.93895171588745  -42  4.0625
1.93588375431168  -42.5  13
1.96963133164516  -42  -26
5.07747640790147  -42.5  8.5
1.93281579273591  -42  0
1.94508763903899  -42  -8.9375
5.08054436947724  -42  -1.1875
5.04066086899222  -42.5  18.25
5.07134048474993  -42  6.5
1.92667986958437  -42  -4.0625
1.93281579273591  -42  0
5.07747640790147  -42.5  6.5
5.08974825420456  -42.5  1.1875
1.93895171588745  -42  0
1.93895171588745  -42  8.9375
1.95122356219054  -42  -8.9375
5.08974825420456  -42  1.1875
1.95122356219054  -42  -13
1.92361190800859  -42  14.1875
5.06827252317416  -42.5  13
1.93895171588745  -42  -13
5.06827252317416  -42.5  8.5
1.93895171588745  -42  -4.0625
1.93895171588745  -42  -4.0625
1.89293229225088  -42.5  22.75
1.92054394643282  -42  8.9375
5.07747640790147  -42.5  7.6875
1.93895171588745  -42  4.0625
5.0958841773561  -42.5  3.25
1.94508763903899  -42  0
5.07747640790147  -42.5  8.5
1.93895171588745  -42  4.0625
1.93895171588745  -42  0
1.93895171588745  -42  4.0625
5.0744084463257  -42.5  1.1875
5.08054436947724  -42.5  5.25
5.0744084463257  -42.5  8.5
5.0744084463257  -42.5  3.25
1.94508763903899  -42  0
5.09281621578033  -42.5  1.1875
5.06827252317416  -42.5  10.9375
1.95122356219054  -42  -8.9375
1.91134006170551  -42  19.5
5.0958841773561  -42.5  2
5.08668029262879  -42.5  5.25
1.93895171588745  -42  -8.9375
1.93281579273591  -42  13
5.06213660002262  -42.5  11.75
5.08361233105301  -42  4.4375
5.08361233105301  -42.5  3.25
5.07134048474993  -42.5  9.75
1.92667986958437  -42  -4.0625
1.93895171588745  -42  4.0625
1.93895171588745  -42  0
5.08054436947724  -42.5  5.25
5.0744084463257  -42.5  8.5
1.93895171588745  -42  -4.0625
5.07134048474993  -42.5  4.4375
1.93281579273591  -42  0
5.08361233105301  -42  6.5
1.91440802328128  -42  17.0625
5.0744084463257  -42  2
5.09281621578033  -42.5  -4.4375
1.93281579273591  -42  -4.0625
5.08054436947724  -42.5  6.5
