5.66959299202533  -34.5  9.75
5.67572891517687  -34.5  7.6875
2.52800033843554  -34.5  10.9375
5.70640853093458  -34  -13
5.70027260778304  -34.5  -9.75
5.68800076147996  -34.5  -4.0625
5.68186483832841  -34.5  8.5
5.6941366846315  -34.5  -8.9375
5.70027260778304  -34.5  -14.625
5.6941366846315  -34.5  -9.75
2.54947606946594  -34.5  -4.4375
5.6941366846315  -34  -8.9375
5.68493279990419  -34.5  8.5
5.70027260778304  -34.5  -14.625
5.67879687675264  -34.5  10.9375
5.70640853093458  -34.5  -13
2.52800033843554  -34.5  11.75
2.52800033843554  -34.5  13
2.55867995419325  -34.5  -3.25
2.55867995419325  -34.5  -2
5.70640853093458  -34.5  -13
5.70027260778304  -34.5  -8.9375
5.70027260778304  -34.5  -14.625
2.54027218473862  -34.5  2
5.68186483832841  -34.5  9.75
2.52493237685977  -34.5  13
5.70640853093458  -34  -17.0625
5.67879687675264  -34.5  7.6875
5.6941366846315  -34.5  -14.625
2.53106830001131  -34.5  4.4375
5.68800076147996  -34  0
5.6941366846315  -34.5  -9.75
5.70027260778304  -34  -9.75
5.70640853093458  -34.5  -14.625
5.68800076147996  -34.5  0
5.6941366846315  -34  -4.0625
5.67879687675264  -34.5  8.5
5.6941366846315  -34.5  -9.75
5.71254445408613  -34.5  -30.0625
5.6941366846315  -34.5  -4.875
5.70027260778304  -34.5  -8.9375
5.6941366846315  -34.5  -9.75
5.6941366846315  -34.5  -9.75
5.70640853093458  -34.5  -21.9375
2.53720422316285  -34.5  2
5.67572891517687  -34.5  10.9375
5.70640853093458  -34.5  -23.5625
2.52800033843554  -34.5  13
2.54947606946594  -34.5  -4.4375
2.54334014631439  -34.5  -1.1875
5.68493279990419  -34.5  7.6875
5.70027260778304  -34.5  -18.6875
5.66038910729802  -34.5  16.25
2.55254403104171  -34.5  -4.4375
5.70027260778304  -34  -9.75
2.54640810789016  -34.5  -1.1875
5.6941366846315  -34.5  -9.75
5.70027260778304  -34.5  -14.625
2.55254403104171  -34.5  -4.4375
5.6941366846315  -34  -4.0625
2.53720422316285  -34.5  2
5.6941366846315  -34  0
2.51879645370822  -34.5  17.4375
5.70027260778304  -34.5  -13
5.68800076147996  -34.5  -8.9375
5.70027260778304  -34  -8.9375
5.68800076147996  -34.5  -4.0625
5.70027260778304  -34.5  -14.625
5.71254445408613  -34.5  -26
5.66652503044956  -34.5  10.9375
5.70640853093458  -34.5  -13
2.52800033843554  -34.5  9.75
5.70640853093458  -34  -13
5.68186483832841  -34.5  -3.25
5.70640853093458  -34.5  -18.6875
2.53720422316285  -34.5  6.5
5.70640853093458  -34.5  -21.9375
5.70027260778304  -34  -8.9375
2.52800033843554  -34.5  13
5.6941366846315  -34  0
5.67572891517687  -34.5  5.25
5.70027260778304  -34.5  -14.625
2.52800033843554  -34.5  11.75
2.53720422316285  -34.5  7.6875
5.6941366846315  -34.5  -9.75
2.54027218473862  -34.5  2
5.70027260778304  -34.5  -18.6875
5.65732114572224  -34.5  17.4375
2.55254403104171  -34.5  -4.4375
2.54027218473862  -34.5  4.4375
5.6941366846315  -34.5  -4.875
5.65732114572224  -34.5  19.5
5.70027260778304  -34  -14.625
5.67572891517687  -34.5  3.25
5.70027260778304  -34.5  -14.625
5.65732114572224  -34.5  17.4375
5.70640853093458  -34.5  -17.0625
2.54027218473862  -34.5  -1.1875
5.70027260778304  -34.5  -9.75
5.66959299202533  -34.5  8.5
5.70640853093458  -34  -13
5.70027260778304  -34.5  -14.625
2.55254403104171  -34.5  -3.25
5.70640853093458  -34.5  -14.625
5.66038910729802  -34.5  15
5.6941366846315  -34.5  -8.9375
2.55561199261748  -34.5  -5.25
5.70640853093458  -34  -18.6875
5.6726609536011  -34.5  13
5.6941366846315  -34  -4.0625
5.66345706887379  -34.5  15
5.70640853093458  -34.5  -17.0625
2.52186441528399  -34.5  14.1875
2.51879645370822  -34.5  14.1875
2.53720422316285  -34.5  3.25
5.67879687675264  -34.5  7.6875
5.66652503044956  -34.5  15
5.70027260778304  -34.5  -18.6875
5.68186483832841  -34.5  10.9375
5.66038910729802  -34.5  14.1875
5.66345706887379  -34.5  13
5.6941366846315  -34.5  -4.875
5.70640853093458  -34.5  -13
2.51572849213245  -34.5  17.4375
5.70027260778304  -34.5  -18.6875
2.55867995419325  -34.5  -6.5
5.6726609536011  -34.5  10.9375
5.70640853093458  -34.5  -17.0625
5.70640853093458  -34.5  -21.9375
5.70027260778304  -34.5  -9.75
5.66038910729802  -34.5  16.25
5.6941366846315  -34.5  -14.625
