5.31370944923586  -43.5  4.4375
5.35052498814512  -43.5  -1.1875
2.19666048825224  -43.5  -4.0625
5.34438906499357  -43.5  9.75
5.35052498814512  -43.5  9.75
5.37506868075129  -43  -3.25
5.35052498814512  -43.5  11.75
5.35052498814512  -43.5  9.75
2.20279641140378  -43  0
5.33518518026626  -43.5  15
2.20893233455532  -43  0
5.3413211034178  -43.5  16.25
5.34745702656935  -43.5  10.9375
5.33518518026626  -43.5  16.25
5.35052498814512  -43.5  11.75
5.35052498814512  -43.5  11.75
2.23961195031304  -43  -5.25
5.3413211034178  -43.5  14.1875
5.35052498814512  -43.5  8.5
5.35972887287243  -43  5.25
5.36586479602397  -43.5  6.5
5.3627968344482  -43.5  7.6875
5.34438906499357  -43.5  9.75
2.19666048825224  -43.5  8.9375
5.35359294972089  -43.5  6.5
5.34745702656935  -43.5  13
5.34438906499357  -43.5  4.4375
2.17518475722184  -43.5  19.5
5.35972887287243  -43.5  5.25
5.33211721869049  -43.5  10.9375
5.35972887287243  -43.5  1.1875
5.35052498814512  -43.5  3.25
5.32904925711472  -43.5  -1.1875
2.15370902619144  -43.5  -4.0625
5.32291333396318  -43.5  -5.25
5.28302983347815  -43.5  7.6875
5.28302983347815  -43  10.9375
5.27689391032661  -43  14.1875
2.13530125673681  -43  4.0625
5.29223371820546  -43  9.75
5.29223371820546  -43  7.6875
5.30757352608432  -43  -4.4375
5.30143760293278  -43  2
5.29223371820546  -43  5.25
2.14143717988836  -43  -8.9375
5.30143760293278  -43  5.25
2.14143717988836  -43  8.9375
5.28916575662969  -43  5.25
2.1475731030399  -43  -13
5.28916575662969  -43.5  8.5
2.10768960255487  -43.5  22.75
2.15984494934298  -43  -8.9375
5.33518518026626  -43.5  2
5.3413211034178  -43.5  6.5
5.3413211034178  -43.5  11.75
5.35666091129666  -43.5  9.75
5.3413211034178  -43.5  11.75
5.32904925711472  -43.5  11.75
5.33825314184203  -43.5  5.25
5.35052498814512  -43.5  1.1875
5.33518518026626  -43.5  10.9375
5.3413211034178  -43.5  13
5.37200071917552  -43.5  2
5.36586479602397  -43.5  6.5
2.21506825770687  -43.5  0
2.21813621928264  -43.5  8.5
5.37813664232706  -43.5  3.25
5.35666091129666  -43.5  13
5.37506868075129  -43.5  1.1875
5.35359294972089  -43.5  13
5.35052498814512  -43.5  15
5.3627968344482  -43.5  8.5
5.38120460390283  -43.5  5.25
2.24574787346458  -43.5  -13
5.39961237335746  -43.5  -3.25
5.38734052705437  -43.5  2
5.37200071917552  -43.5  13
2.25188379661612  -43.5  -8.9375
5.38734052705437  -43.5  6.5
5.38120460390283  -43.5  10.9375
5.39040848863014  -43.5  10.9375
5.3842725654786  -43.5  10.9375
5.39040848863014  -43.5  9.75
5.38734052705437  -43.5  13
5.40881625808477  -43.5  2
2.24574787346458  -43.5  11.75
5.38734052705437  -43.5  7.6875
2.27029156607075  -43.5  -13
2.24574787346458  -43.5  0
5.39040848863014  -43.5  8.5
5.39654441178169  -43.5  4.4375
2.23961195031304  -43.5  -4.0625
5.40268033493323  -43.5  1.1875
2.23961195031304  -43.5  0
5.405748296509  -43.5  -2
5.3842725654786  -43.5  9.75
5.37506868075129  -43.5  6.5
5.38120460390283  -43.5  6.5
5.3842725654786  -43.5  6.5
5.37813664232706  -43.5  7.6875
5.38734052705437  -43.5  4.4375
5.39347645020591  -43.5  -2
5.3627968344482  -43.5  13
5.39961237335746  -43.5  -4.4375
5.37200071917552  -43.5  11.75
5.37200071917552  -43.5  13
5.37813664232706  -43.5  9.75
5.41188421966054  -43.5  2
5.39347645020591  -43.5  5.25
5.39040848863014  -43.5  3.25
2.27029156607075  -43  -26
5.35972887287243  -43  9.75
5.38120460390283  -43  2
2.22734010400995  -43.5  -8.9375
2.22734010400995  -43  -8.9375
5.37506868075129  -43  5.25
2.22120418085841  -43  -4.0625
2.21813621928264  -43  13
2.22734010400995  -43  -4.0625
5.3627968344482  -43  9.75
5.37200071917552  -43  6.5
5.35972887287243  -43  11.75
2.22120418085841  -43  4.0625
5.36586479602397  -43  15
5.35666091129666  -43  13
5.35359294972089  -43  14.1875
5.3627968344482  -43  11.75
5.35972887287243  -43  10.9375
5.36893275759974  -43  6.5
5.3627968344482  -43  14.1875
5.39347645020591  -43  -2
2.23347602716149  -43.5  -8.9375
