3.84722381601719  -40.5  -1.1875
0.724038931882023  -40.5  -17.0625
0.714835047154709  -40.5  2
0.705631162427395  -40.5  6.5
0.711767085578938  -40.5  -8.9375
0.730174855033565  -40.5  -13
0.720970970306251  -40.5  2
3.8564277007445  -40.5  3.25
0.699495239275852  -40.5  0
0.702563200851624  -40.5  11.75
0.71790300873048  -40.5  -13
0.71790300873048  -40.5  -8.9375
3.87176750862336  -40.5  -4.4375
0.696427277700081  -40.5  15
0.699495239275852  -40.5  14.1875
3.86563158547182  -40.5  2
0.702563200851624  -40.5  15
0.696427277700081  -40.5  15
0.696427277700081  -40.5  10.9375
0.696427277700081  -40.5  20.75
0.699495239275852  -40.5  15
3.86256362389604  -40.5  2
0.690291354548539  -40.5  19.5
3.85335973916873  -40.5  4.4375
3.86256362389604  -40.5  3.25
0.690291354548539  -40.5  14.1875
0.690291354548539  -40.5  2
0.674951546669682  -40.5  15
0.705631162427395  -40.5  -13
0.678019508245453  -40.5  13
0.674951546669682  -40.5  18.25
0.681087469821225  -40.5  10.9375
0.674951546669682  -40.5  14.1875
3.83801993128987  -40.5  3.25
0.66881562351814  -40.5  16.25
3.84108789286565  -40.5  2
0.681087469821225  -40.5  0
3.84415585444142  -40.5  3.25
0.678019508245453  -40.5  14.1875
0.681087469821225  -40.5  11.75
3.84108789286565  -40.5  1.1875
3.83801993128987  -40.5  1.1875
0.681087469821225  -40.5  15
3.84415585444142  -40.5  2
0.696427277700081  -40.5  1.1875
0.66881562351814  -40.5  15
3.84108789286565  -40.5  0
0.674951546669682  -40.5  14.1875
0.671883585093911  -40.5  21.5625
3.84108789286565  -40.5  3.25
0.681087469821225  -40.5  4.0625
3.84108789286565  -40.5  3.25
3.84415585444142  -40.5  2
0.671883585093911  -40.5  15
3.84108789286565  -40.5  2
0.699495239275852  -40.5  -13
3.83801993128987  -40.5  -5.25
0.66881562351814  -40.5  15
0.66881562351814  -40.5  16.25
3.84108789286565  -40.5  5.25
0.66881562351814  -40.5  16.25
0.696427277700081  -40.5  -2
0.678019508245453  -40.5  13
0.671883585093911  -40.5  16.25
0.687223392972767  -40.5  -13
0.699495239275852  -40.5  -8.9375
0.690291354548539  -40.5  4.4375
3.84415585444142  -40.5  4.4375
0.684155431396996  -40.5  8.5
0.687223392972767  -40.5  6.5
0.671883585093911  -40.5  19.5
3.8349519697141  -40.5  2
0.678019508245453  -40.5  10.9375
3.8349519697141  -40.5  3.25
0.671883585093911  -40.5  16.25
3.83801993128987  -40.5  2
0.671883585093911  -40.5  21.5625
0.678019508245453  -40.5  13
0.665747661942368  -40.5  14.1875
0.665747661942368  -40.5  13
0.66881562351814  -40.5  13
3.83801993128987  -40.5  1.1875
0.665747661942368  -40.5  16.25
0.681087469821225  -40.5  -8.9375
0.665747661942368  -40.5  15
3.83188400813833  -40.5  3.25
0.671883585093911  -40.5  20.75
3.8349519697141  -40.5  -2
3.82881604656256  -40.5  3.25
0.66881562351814  -40.5  13
0.665747661942368  -40.5  15
0.674951546669682  -40.5  4.0625
0.681087469821225  -40.5  -4.0625
3.84108789286565  -40.5  -3.25
3.84108789286565  -40.5  0
0.671883585093911  -40.5  15
3.84415585444142  -40.5  -1.1875
0.674951546669682  -40.5  18.25
3.84722381601719  -40.5  2
3.84722381601719  -40.5  4.4375
0.678019508245453  -40.5  13
3.84415585444142  -40.5  4.4375
0.671883585093911  -40.5  16.25
3.84415585444142  -40.5  0
0.674951546669682  -40.5  14.1875
0.69335931612431  -40.5  -8.9375
0.674951546669682  -40.5  11.75
3.84722381601719  -40.5  2
0.69335931612431  -40.5  -13
0.671883585093911  -40.5  14.1875
0.665747661942368  -40.5  24.8125
0.69335931612431  -40.5  -8.9375
0.671883585093911  -40.5  24
3.8349519697141  -40.5  3.25
0.687223392972767  -40.5  16.25
0.699495239275852  -40.5  -8.9375
0.702563200851624  -40.5  4.4375
0.684155431396996  -40.5  11.75
3.84722381601719  -40.5  -1.1875
0.687223392972767  -40.5  15
3.85029177759296  -40.5  3.25
3.84722381601719  -40.5  2
0.690291354548539  -40.5  15
3.8564277007445  -40.5  3.25
3.84108789286565  -40.5  3.25
0.684155431396996  -40.5  11.75
3.84415585444142  -40.5  1.1875
0.681087469821225  -40.5  20.75
0.665747661942368  -40.5  11.75
3.83801993128987  -40.5  -2
3.8349519697141  -40  -2
3.84415585444142  -40.5  -2
