4.46388409274722  -40.5  21.5625
1.35603901649091  -40.5  7.6875
4.47922390062607  -40.5  17.4375
4.50376759323224  -40.5  8.9375
1.37444678594553  -40.5  0
4.51603943953533  -40.5  -8.9375
1.37137882436976  -40.5  5.25
4.52217536268687  -40.5  -8.9375
4.51297147795956  -40.5  -2
4.52217536268687  -40.5  -13
1.35297105491514  -40.5  8.5
1.38058270909708  -40.5  -1.1875
4.48842778535339  -40.5  26
1.38058270909708  -40.5  0
4.48842778535339  -40.5  17.4375
1.37444678594553  -40.5  6.5
4.50990351638379  -40.5  -13
1.36217493964245  -40.5  1.1875
4.50376759323224  -40.5  0
1.37137882436976  -40.5  -2
1.36831086279399  -40.5  -3.25
1.35910697806668  -40.5  10.9375
4.48229186220184  -40.5  14.1875
1.36524290121822  -40.5  1.1875
4.51603943953533  -40.5  -17.0625
1.35910697806668  -40.5  8.5
4.49149574692916  -40.5  -4.0625
4.49149574692916  -40.5  0
1.34990309333936  -40.5  1.1875
4.50990351638379  -40.5  -8.9375
4.50376759323224  -40.5  -17.0625
4.4976316700807  -40.5  -4.0625
1.36217493964245  -40.5  0
1.37137882436976  -40.5  0
1.32535940073319  -40.5  2
1.33149532388474  -40.5  -1.1875
1.32842736230897  -40.5  1.1875
1.32842736230897  -40.5  9.75
4.47922390062607  -40  -8.9375
1.33149532388474  -40.5  -1.1875
1.32842736230897  -40.5  1.1875
1.32842736230897  -40.5  6.5
1.33763124703628  -40.5  -3.25
4.4546802080199  -40.5  15
4.45161224644413  -40.5  15
1.33149532388474  -40.5  2
1.32842736230897  -40.5  2
1.33456328546051  -40.5  0
1.33456328546051  -40.5  2
4.44547632329259  -40.5  16.25
1.34376717018782  -40.5  -3.25
1.33763124703628  -40.5  4.4375
1.32535940073319  -40.5  10.9375
1.33456328546051  -40.5  -3.25
1.33149532388474  -40.5  2
1.33149532388474  -40.5  0
1.33763124703628  -40.5  -2
1.34069920861205  -40.5  -2
1.32535940073319  -40.5  1.1875
1.33456328546051  -40.5  0
4.43934040014105  -40.5  17.4375
4.47922390062607  -40.5  -8.9375
1.34069920861205  -40.5  -4.4375
4.44854428486836  -40.5  13
1.33456328546051  -40.5  0
1.32842736230897  -40.5  4.4375
1.32229143915742  -40.5  4.4375
1.33149532388474  -40.5  2
1.33149532388474  -40.5  -4.4375
1.32842736230897  -40.5  -3.25
1.33763124703628  -40.5  -1.1875
4.46081613117144  -40.5  0
1.33456328546051  -40.5  4.4375
1.33149532388474  -40.5  0
1.32842736230897  -40.5  0
4.47922390062607  -40  -8.9375
1.33149532388474  -40.5  -1.1875
1.33149532388474  -40.5  -3.25
1.33149532388474  -40.5  0
4.49149574692916  -40  -26
1.29467978497548  -40.5  19.5
1.33456328546051  -40.5  2
1.32229143915742  -40.5  1.1875
1.31001959285434  -40.5  5.25
1.32842736230897  -40.5  6.5
1.33149532388474  -40.5  2
1.32842736230897  -40.5  -1.1875
1.33456328546051  -40.5  0
4.4546802080199  -40.5  15
1.34069920861205  -40.5  -2
1.34069920861205  -40.5  -4.4375
1.33456328546051  -40.5  -1.1875
4.44240836171682  -40.5  16.25
1.34069920861205  -40.5  -3.25
1.33456328546051  -40.5  2
4.49149574692916  -40.5  -13
1.31308755443011  -40.5  8.5
1.34376717018782  -40.5  -3.25
1.34683513176359  -40.5  -2
1.34376717018782  -40.5  2
1.34376717018782  -40.5  -4.4375
4.49149574692916  -40  -13
1.34376717018782  -40.5  0
1.34376717018782  -40.5  4.4375
4.46695205432299  -40.5  17.4375
4.46388409274722  -40.5  11.75
4.45774816959567  -40.5  14.1875
1.34990309333936  -40.5  0
1.35603901649091  -40.5  -3.25
1.35603901649091  -40.5  -3.25
1.35297105491514  -40.5  -1.1875
4.48535982377761  -40.5  4.4375
1.34376717018782  -40.5  5.25
4.47922390062607  -40.5  -4.0625
1.34376717018782  -40.5  -2
1.33456328546051  -40.5  3.25
1.34683513176359  -40.5  -6.5
1.33763124703628  -40.5  3.25
4.4546802080199  -40.5  14.1875
4.4546802080199  -40.5  16.25
1.34069920861205  -40.5  -1.1875
1.34069920861205  -40.5  -2
4.44547632329259  -40.5  18.25
4.47922390062607  -40.5  -17.0625
1.34376717018782  -40.5  -3.25
1.34069920861205  -40.5  -1.1875
1.33456328546051  -40.5  2
1.33149532388474  -40.5  3.25
1.32535940073319  -40.5  3.25
1.32842736230897  -40.5  3.25
1.33149532388474  -40.5  3.25
1.33763124703628  -40.5  -1.1875
