0.141126232485479  -38.5  -4.0625
0.14419419406125  -38.5  0
0.128854386182394  -38.5  13
3.30726257868144  -38.5  -4.4375
0.134990309333936  -38.5  9.75
0.184077694546277  -38.5  -17.0625
0.116582539879309  -38.5  14.1875
0.165669925091649  -38.5  -17.0625
0.153398078788564  -38.5  -13
0.159534001940107  -38.5  -13
0.141126232485479  -38.5  -4.0625
0.141126232485479  -38.5  4.0625
0.165669925091649  -38.5  -17.0625
0.11965050145508  -38.5  15
0.147262155637022  -38.5  0
0.147262155637022  -38.5  -13
0.159534001940107  -38.5  -13
0.147262155637022  -38.5  -13
0.134990309333936  -38.5  4.0625
0.153398078788564  -38.5  -8.9375
0.147262155637022  -38.5  -4.0625
0.141126232485479  -38.5  -1.1875
0.125786424606623  -38.5  9.75
0.147262155637022  -38.5  -8.9375
0.141126232485479  -38  8.9375
0.147262155637022  -38.5  -8.9375
0.141126232485479  -38.5  0
0.147262155637022  -38.5  0
0.141126232485479  -38.5  -8.9375
0.138058270909708  -38.5  4.4375
0.159534001940107  -38  -17.0625
0.147262155637022  -38.5  -13
0.134990309333936  -38.5  -4.0625
0.116582539879309  -38.5  13
0.147262155637022  -38.5  -13
0.107378655151995  -38.5  16.25
0.122718463030851  -38.5  10.9375
0.113514578303537  -38.5  13
0.113514578303537  -38.5  11.75
0.116582539879309  -38.5  14.1875
0.153398078788564  -38.5  -13
0.134990309333936  -38.5  0
3.28578684765104  -38.5  -4.4375
0.141126232485479  -38.5  -8.9375
0.153398078788564  -38.5  -8.9375
3.28885480922681  -38.5  -1.1875
0.147262155637022  -38.5  -8.9375
0.11965050145508  -38.5  10.9375
0.110446616727766  -38.5  15
0.141126232485479  -38.5  -8.9375
3.28271888607527  -38.5  0
0.122718463030851  -38.5  11.75
0.153398078788564  -38  -8.9375
0.147262155637022  -38.5  0
0.116582539879309  -38.5  17.4375
0.147262155637022  -38.5  -8.9375
0.116582539879309  -38.5  11.75
0.153398078788564  -38.5  -8.9375
0.11965050145508  -38.5  9.75
0.11965050145508  -38.5  11.75
0.153398078788564  -38.5  -17.0625
0.116582539879309  -38.5  13
0.141126232485479  -38  -8.9375
0.141126232485479  -38.5  -8.9375
0.11965050145508  -38.5  10.9375
0.141126232485479  -38  -8.9375
0.153398078788564  -38.5  -17.0625
0.110446616727766  -38.5  15
0.141126232485479  -38.5  -8.9375
0.147262155637022  -38  -4.0625
0.141126232485479  -38  0
0.141126232485479  -38.5  -13
0.116582539879309  -38.5  9.75
0.153398078788564  -38.5  -13
0.113514578303537  -38.5  18.25
0.147262155637022  -38.5  -8.9375
0.11965050145508  -38.5  8.5
0.141126232485479  -38.5  4.0625
0.110446616727766  -38.5  14.1875
0.141126232485479  -38.5  -4.0625
0.098174770424681  -38.5  19.5
0.147262155637022  -38.5  -17.0625
0.153398078788564  -38.5  -8.9375
0.110446616727766  -38.5  17.4375
0.134990309333936  -38.5  -4.0625
0.107378655151995  -38.5  13
0.147262155637022  -38.5  -4.0625
0.153398078788564  -38.5  -13
0.11965050145508  -38.5  14.1875
0.116582539879309  -38.5  14.1875
0.141126232485479  -38.5  -4.0625
0.116582539879309  -38.5  11.75
0.141126232485479  -38.5  -13
0.113514578303537  -38.5  19.5
0.122718463030851  -38.5  8.5
0.101242732000452  -38.5  15
3.28578684765104  -38.5  -2
0.116582539879309  -38.5  13
0.147262155637022  -38.5  -4.0625
0.113514578303537  -38.5  21.5625
0.110446616727766  -38.5  15
0.141126232485479  -38.5  -13
0.110446616727766  -38.5  15
0.134990309333936  -38.5  0
0.113514578303537  -38.5  10.9375
0.147262155637022  -38.5  -8.9375
3.27044703977219  -38.5  1.1875
0.141126232485479  -38.5  -13
0.104310693576224  -38.5  11.75
0.134990309333936  -38.5  -4.0625
0.113514578303537  -38.5  13
0.147262155637022  -38  -13
0.141126232485479  -38.5  -13
0.134990309333936  -38.5  2
0.153398078788564  -38.5  -17.0625
0.141126232485479  -38.5  -8.9375
0.110446616727766  -38.5  15
0.104310693576224  -38.5  14.1875
0.134990309333936  -38.5  -4.0625
0.147262155637022  -38  -8.9375
0.134990309333936  -38  -4.0625
3.27658296292373  -38.5  1.1875
3.28578684765104  -38.5  -1.1875
0.128854386182394  -38.5  0
0.110446616727766  -38.5  11.75
0.134990309333936  -38.5  0
0.107378655151995  -38.5  16.25
0.107378655151995  -38.5  11.75
0.14419419406125  -38.5  1.1875
0.131922347758165  -38.5  1.1875
0.107378655151995  -38.5  18.25
0.104310693576224  -38.5  17.4375
