0.0276116541819415  -39.5  14.1875
0.0398835004850267  -39.5  13
0.0368155389092554  -39.5  15
0.0398835004850267  -39.5  15
0.0613592315154256  -39.5  0
0.0460194236365692  -39.5  14.1875
0.0460194236365692  -39.5  13
0.0368155389092554  -39.5  15
0.0490873852123405  -39.5  14.1875
0.0460194236365692  -39.5  15
0.0644271930911969  -39.5  2
0.0398835004850267  -39.5  11.75
0.0460194236365692  -39.5  13
0.0490873852123405  -39.5  14.1875
0.0398835004850267  -39.5  16.25
3.21829169298408  -39.5  -1.1875
0.0490873852123405  -39.5  13
0.042951462060798  -39.5  17.4375
0.0736310778185108  -39.5  -8.9375
0.0552233083638831  -39.5  -13
0.0552233083638831  -39.5  -4.0625
0.0245436926061703  -39.5  11.75
0.021475731030399  -39.5  18.25
0.0276116541819415  -39.5  13
0.0122718463030851  -39.5  19.5
0.0122718463030851  -39.5  17.4375
0.0552233083638831  -39.5  -8.9375
0.0153398078788564  -39.5  15
0.0613592315154256  -39.5  -13
0.0490873852123405  -39.5  3.25
0.0736310778185108  -39.5  -17.0625
3.18761207722636  -39.5  2
0.0368155389092554  -39.5  8.5
0.0613592315154256  -39.5  0
0.0368155389092554  -39.5  11.75
0.0797670009700533  -39.5  -17.0625
0.0398835004850267  -39.5  14.1875
0.0368155389092554  -39.5  11.75
0.042951462060798  -39.5  11.75
0.0460194236365692  -39.5  14.1875
0.0306796157577128  -39.5  17.4375
0.0276116541819415  -39.5  19.5
0.0368155389092554  -39.5  15
0.0337475773334841  -39.5  14.1875
0.0306796157577128  -39.5  16.25
0.0337475773334841  -39.5  14.1875
0.0398835004850267  -39.5  13
0.0797670009700533  -39.5  -17.0625
0.0613592315154256  -39.5  -8.9375
3.20601984668099  -39.5  -5.25
0.0337475773334841  -39.5  17.4375
0.0368155389092554  -39.5  13
0.0337475773334841  -39.5  11.75
0.0276116541819415  -39.5  14.1875
0.0398835004850267  -39.5  13
0.0613592315154256  -39.5  -4.0625
0.0674951546669682  -39.5  -4.0625
0.0398835004850267  -39.5  13
3.18761207722636  -39.5  1.1875
0.0368155389092554  -39.5  14.1875
3.19068003880213  -39.5  6.5
0.0490873852123405  -39.5  5.25
0.0674951546669682  -39.5  -13
0.0674951546669682  -39.5  0
0.0398835004850267  -39.5  14.1875
0.0674951546669682  -39.5  -8.9375
0.0674951546669682  -39.5  -8.9375
0.0337475773334841  -39.5  14.1875
3.20601984668099  -39.5  -4.4375
0.0613592315154256  -39.5  -4.0625
0.0337475773334841  -39.5  15
0.0613592315154256  -39.5  -4.0625
0.0306796157577128  -39.5  15
0.0306796157577128  -39.5  15
0.0337475773334841  -39.5  14.1875
0.0337475773334841  -39.5  15
0.0245436926061703  -39.5  15
0.0337475773334841  -39.5  14.1875
0.0368155389092554  -39.5  14.1875
0.0674951546669682  -39.5  -8.9375
3.20908780825676  -39.5  -6.5
0.0306796157577128  -39.5  18.25
0.0368155389092554  -39.5  14.1875
0.0337475773334841  -39.5  15
0.0521553467881118  -39.5  4.4375
0.0306796157577128  -39.5  13
0.0337475773334841  -39.5  13
0.0368155389092554  -39.5  13
0.0276116541819415  -39.5  14.1875
0.0337475773334841  -39.5  15
0.0337475773334841  -39.5  15
0.0613592315154256  -39.5  -8.9375
0.0368155389092554  -39.5  10.9375
0.0613592315154256  -39.5  -4.0625
0.0306796157577128  -39.5  13
3.19988392352945  -39.5  -1.1875
0.0613592315154256  -39.5  -4.0625
0.0306796157577128  -39.5  13
0.0337475773334841  -39.5  14.1875
0.0490873852123405  -39.5  0
0.0337475773334841  -39.5  13
0.0674951546669682  -39.5  -8.9375
0.0398835004850267  -39.5  13
0.0306796157577128  -39.5  15
0.0859029241215959  -39.5  -26
0.0674951546669682  -39.5  -8.9375
0.0368155389092554  -39.5  13
0.0398835004850267  -39.5  6.5
0.0337475773334841  -39.5  11.75
0.0552233083638831  -39.5  -4.0625
3.18454411565059  -39.5  2
0.0306796157577128  -39.5  15
0.0674951546669682  -39.5  -8.9375
3.20908780825676  -39.5  -4.4375
0.0613592315154256  -39.5  -4.0625
0.0552233083638831  -39.5  -2
0.0245436926061703  -39.5  16.25
0.0613592315154256  -39.5  -4.0625
3.20295188510522  -39.5  -4.4375
0.0337475773334841  -39.5  10.9375
0.0276116541819415  -39.5  21.5625
0.0490873852123405  -39.5  8.9375
0.0245436926061703  -39.5  19.5
0.0337475773334841  -39.5  14.1875
0.0613592315154256  -39.5  -8.9375
0.0306796157577128  -39.5  13
0.0276116541819415  -39.5  18.25
0.0552233083638831  -39.5  0
0.0337475773334841  -39.5  14.1875
0.0613592315154256  -39.5  -4.0625
0.0552233083638831  -39.5  5.25
0.0613592315154256  -39.5  -13
