5.86594253287469  -46.5  13
5.87514641760201  -46.5  8.5
5.86287457129892  -46.5  20.75
5.87514641760201  -46.5  13
5.87821437917778  -46.5  15
5.90889399493549  -46  -8.9375
5.91502991808703  -46.5  -5.25
2.77343726449724  -46.5  -3.25
5.88741826390509  -46.5  11.75
5.87514641760201  -46.5  20.75
2.77343726449724  -46.5  0
5.89355418705663  -46.5  6.5
5.91502991808703  -46  -17.0625
5.90275807178395  -46  -13
5.87207845602623  -46.5  17.4375
5.87514641760201  -46.5  18.25
2.76423337976993  -46.5  -1.1875
5.86901049445046  -46.5  17.4375
5.85980660972315  -46.5  19.5
5.86287457129892  -46.5  15
5.84139884026852  -46.5  24.8125
5.84446680184429  -46.5  17.4375
5.86594253287469  -46  -4.0625
5.84446680184429  -46.5  15
5.84753476342006  -46.5  16.25
5.85060272499584  -46.5  16.25
2.73968968716376  -46.5  0
5.86287457129892  -46.5  8.5
2.73355376401221  -46.5  6.5
2.73048580243644  -46.5  -2
5.84446680184429  -46.5  17.4375
5.83833087869275  -46.5  19.5
5.85673864814738  -46.5  5.25
5.87821437917778  -46.5  -17.0625
5.85060272499584  -46.5  15
5.88435030232932  -46  -8.9375
5.84446680184429  -46.5  20.75
5.87821437917778  -46.5  -8.9375
2.73048580243644  -46.5  2
5.84753476342006  -46.5  17.4375
5.86287457129892  -46.5  15
5.85980660972315  -46.5  10.9375
5.84139884026852  -46.5  18.25
5.87207845602623  -46  -4.0625
5.84139884026852  -46.5  21.5625
2.73968968716376  -46.5  -5.25
5.84753476342006  -46.5  17.4375
5.87207845602623  -46.5  6.5
5.87821437917778  -46.5  -17.0625
2.73968968716376  -46.5  -3.25
5.87821437917778  -46  -4.0625
2.74275764873953  -46.5  0
5.90275807178395  -46  -26
5.86594253287469  -46.5  14.1875
5.88435030232932  -46.5  -17.0625
5.85980660972315  -46.5  14.1875
5.85367068657161  -46  8.9375
5.85673864814738  -46.5  10.9375
5.87207845602623  -46.5  0
5.89048622548086  -46.5  -30.0625
2.73662172558798  -46.5  -6.5
5.85980660972315  -46  -8.9375
5.83526291711698  -46.5  19.5
5.84753476342006  -46.5  13
2.71514599455758  -46.5  3.25
5.85367068657161  -46  8.9375
2.71821395613336  -46.5  7.6875
5.86594253287469  -46.5  3.25
5.84446680184429  -46.5  16.25
5.84139884026852  -46.5  15
5.85367068657161  -46.5  15
5.85673864814738  -46.5  15
5.85673864814738  -46.5  14.1875
5.85367068657161  -46.5  13
5.84753476342006  -46.5  15
5.84139884026852  -46.5  17.4375
5.85367068657161  -46.5  17.4375
5.84753476342006  -46.5  19.5
5.87821437917778  -46  -4.0625
5.84446680184429  -46.5  15
5.85367068657161  -46.5  15
5.85367068657161  -46.5  11.75
5.85980660972315  -46  -4.0625
5.86901049445046  -46.5  1.1875
2.72741784086067  -46.5  4.4375
2.7243498792849  -46.5  3.25
5.85367068657161  -46.5  8.5
2.73355376401221  -46.5  0
2.7243498792849  -46.5  1.1875
5.88435030232932  -46  -17.0625
5.85367068657161  -46.5  17.4375
5.85367068657161  -46.5  16.25
5.87821437917778  -46  -17.0625
5.84753476342006  -46.5  18.25
5.86594253287469  -46.5  8.5
2.73968968716376  -46.5  -4.4375
5.84446680184429  -46.5  14.1875
5.85060272499584  -46.5  18.25
5.85980660972315  -46  -4.0625
5.85367068657161  -46.5  14.1875
5.86594253287469  -46  0
2.73048580243644  -46.5  -1.1875
5.85367068657161  -46  0
2.73355376401221  -46.5  -2
5.84753476342006  -46.5  13
2.72741784086067  -46.5  -1.1875
5.87207845602623  -46  -8.9375
5.85673864814738  -46.5  8.5
5.86594253287469  -46  -4.0625
5.84446680184429  -46.5  15
2.73355376401221  -46.5  0
5.84753476342006  -46.5  14.1875
5.85367068657161  -46.5  15
2.74275764873953  -46.5  -3.25
5.85367068657161  -46.5  18.25
5.86594253287469  -46  8.9375
2.76116541819415  -46.5  0
5.90275807178395  -46  -13
5.91502991808703  -46  -17.0625
5.88128234075355  -46.5  18.25
5.8966221486324  -46.5  11.75
5.88435030232932  -46.5  16.25
5.88128234075355  -46.5  16.25
5.86594253287469  -46.5  19.5
5.90275807178395  -46  -21.9375
5.86901049445046  -46.5  11.75
5.89048622548086  -46  -8.9375
5.85980660972315  -46.5  18.25
5.89048622548086  -46  -13
2.74275764873953  -46.5  6.5
2.74889357189107  -46.5  0
5.85980660972315  -46.5  17.4375
