0.546097160487288  -42  -13
0.521553467881118  -42  8.9375
3.68462185250131  -42.5  -2
0.515417544729575  -42  8.9375
3.67235000619822  -42.5  2
0.50314569842649  -42.5  14.1875
3.68155389092554  -42.5  -4.4375
0.500077736850719  -42.5  14.1875
3.67848592934977  -42.5  -2
0.533825314184203  -42.5  0
3.67848592934977  -42.5  -1.1875
0.552233083638831  -42  -17.0625
3.67235000619822  -42.5  -1.1875
0.500077736850719  -42  16.25
0.530757352608432  -42  3.25
0.500077736850719  -42  18.25
0.515417544729575  -42  21.9375
0.515417544729575  -42.5  9.75
3.67848592934977  -42.5  1.1875
0.50314569842649  -42.5  14.1875
0.524621429456889  -42.5  4.4375
0.527689391032661  -42  8.9375
0.521553467881118  -42.5  6.5
0.515417544729575  -42  0
0.506213660002262  -42.5  -2
3.65701019831937  -42.5  -5.25
3.65087427516783  -42.5  1.1875
0.47860200582032  -42.5  14.1875
0.493941813699176  -42  13
3.66007815989514  -42.5  -2
0.50314569842649  -42.5  4.4375
0.509281621578033  -42  8.9375
0.487805890547634  -42.5  9.75
0.481669967396091  -42.5  10.9375
0.490873852123405  -42  13
0.515417544729575  -42  0
0.481669967396091  -42.5  17.4375
3.6539422367436  -42.5  -2
0.47860200582032  -42.5  15
0.487805890547634  -42.5  13
0.47860200582032  -42.5  18.25
3.64780631359205  -42.5  0
0.481669967396091  -42.5  13
0.484737928971863  -42.5  13
0.484737928971863  -42.5  15
0.490873852123405  -42  17.0625
0.506213660002262  -42.5  1.1875
0.490873852123405  -42.5  13
0.47860200582032  -42.5  15
0.493941813699176  -42  10.9375
0.47860200582032  -42.5  17.4375
3.64473835201628  -42.5  -2
0.509281621578033  -42  -4.0625
3.64780631359205  -42.5  -1.1875
0.490873852123405  -42  13
0.475534044244549  -42.5  16.25
3.64780631359205  -42.5  1.1875
3.64473835201628  -42.5  -1.1875
0.47860200582032  -42.5  13
0.515417544729575  -42  0
3.64780631359205  -42.5  0
0.50314569842649  -42  8.9375
0.509281621578033  -42  0
0.487805890547634  -42.5  13
3.64780631359205  -42.5  -1.1875
0.475534044244549  -42.5  14.1875
0.469398121093006  -42.5  17.4375
0.484737928971863  -42.5  9.75
0.472466082668777  -42.5  14.1875
3.63860242886474  -42.5  0
0.515417544729575  -42  -13
0.500077736850719  -42.5  -1.1875
0.490873852123405  -42  17.0625
0.490873852123405  -42  8.9375
3.6539422367436  -42.5  -3.25
3.66007815989514  -42.5  -3.25
0.475534044244549  -42.5  16.25
0.475534044244549  -42.5  16.25
3.6539422367436  -42.5  -4.4375
0.481669967396091  -42.5  13
3.64473835201628  -42.5  1.1875
0.475534044244549  -42.5  15
0.469398121093006  -42  18.25
3.65701019831937  -42.5  -2
3.6539422367436  -42.5  -4.4375
3.65087427516783  -42.5  -2
0.509281621578033  -42  0
0.481669967396091  -42  15
3.65087427516783  -42.5  1.1875
3.64780631359205  -42.5  1.1875
0.475534044244549  -42.5  16.25
0.490873852123405  -42  8.9375
0.475534044244549  -42  17.4375
0.487805890547634  -42  13
0.490873852123405  -42  13
0.475534044244549  -42.5  15
0.509281621578033  -42  0
0.521553467881118  -42  4.0625
0.481669967396091  -42.5  15
0.497009775274948  -42  8.9375
0.484737928971863  -42  16.25
0.50314569842649  -42  8.9375
0.497009775274948  -42  13
0.515417544729575  -42  0
0.484737928971863  -42.5  15
0.515417544729575  -42  -4.0625
0.493941813699176  -42  14.1875
0.484737928971863  -42.5  15
3.65701019831937  -42.5  -5.25
3.64780631359205  -42.5  4.4375
0.469398121093006  -42.5  19.5
3.65087427516783  -42.5  1.1875
0.487805890547634  -42.5  11.75
3.65087427516783  -42.5  -2
3.65087427516783  -42.5  2
3.65087427516783  -42.5  1.1875
0.484737928971863  -42  13
3.6539422367436  -42.5  0
0.484737928971863  -42  13
0.487805890547634  -42  10.9375
3.64473835201628  -42.5  2
3.61712669783434  -42.5  15
0.475534044244549  -42.5  18.25
0.481669967396091  -42.5  16.25
0.490873852123405  -42.5  8.5
3.66314612147091  -42.5  -4.4375
0.493941813699176  -42.5  10.9375
0.47860200582032  -42.5  16.25
3.66007815989514  -42.5  -2
0.481669967396091  -42.5  14.1875
3.66007815989514  -42.5  -2
0.50314569842649  -42.5  5.25
