3.85949566232027  -38  13
3.88403935492644  -38  4.0625
0.751650586063964  -37.5  1.1875
3.86563158547182  -38  21.9375
3.87176750862336  -38  13
0.745514662912422  -37.5  -2
0.745514662912422  -37.5  0
3.84722381601719  -38  26
0.751650586063964  -37.5  -4.4375
3.86563158547182  -38  13
0.745514662912422  -37.5  -1.1875
0.71790300873048  -37.5  10.9375
3.87176750862336  -38  17.0625
0.745514662912422  -37.5  -2
0.748582624488193  -37.5  -1.1875
3.87176750862336  -38  8.9375
0.74244670133665  -37.5  -1.1875
0.748582624488193  -37.5  -2
3.84722381601719  -38  39
3.85335973916873  -38  34.9375
0.739378739760879  -37.5  1.1875
3.85949566232027  -38  17.0625
0.739378739760879  -38  -2
0.711767085578938  -38  10.9375
3.85335973916873  -38  21.9375
0.736310778185108  -38  0
0.736310778185108  -37.5  -2
3.84722381601719  -38  21.9375
0.727106893457794  -38  2
0.745514662912422  -37.5  3.25
0.751650586063964  -37.5  -2
3.85335973916873  -38  21.9375
0.71790300873048  -37.5  13
0.74244670133665  -37.5  -2
3.85335973916873  -38  17.0625
0.74244670133665  -37.5  1.1875
0.748582624488193  -38  -2
3.85335973916873  -38  26
0.724038931882023  -37.5  6.5
0.739378739760879  -37.5  -2
3.85335973916873  -38  21.9375
0.739378739760879  -38  0
3.85335973916873  -38  26
0.745514662912422  -37.5  -2
3.8779034317749  -38  4.0625
3.85949566232027  -38  8.9375
0.733242816609336  -37.5  1.1875
3.85335973916873  -38  13
0.727106893457794  -37.5  5.25
0.751650586063964  -37.5  -2
3.86563158547182  -38  8.9375
0.733242816609336  -38  4.4375
0.739378739760879  -37.5  0
3.85949566232027  -38  8.9375
0.739378739760879  -37.5  -1.1875
0.730174855033565  -37.5  1.1875
3.86563158547182  -38  13
0.745514662912422  -37.5  -3.25
0.736310778185108  -37.5  -1.1875
3.85335973916873  -38  8.9375
0.724038931882023  -37.5  4.4375
0.745514662912422  -37.5  -1.1875
3.86563158547182  -38  21.9375
3.87176750862336  -38  8.9375
0.74244670133665  -38  -1.1875
3.85949566232027  -38  13
0.745514662912422  -37.5  -2
0.745514662912422  -38  2
3.86256362389604  -37.5  7.6875
3.8779034317749  -38  0
0.733242816609336  -37.5  5.25
0.745514662912422  -37.5  -1.1875
3.86563158547182  -38  4.0625
0.736310778185108  -37.5  2
0.748582624488193  -38  -4.4375
3.85949566232027  -38  17.0625
0.736310778185108  -37.5  0
0.708699124003166  -37.5  7.6875
3.85335973916873  -38  8.9375
0.724038931882023  -37.5  -1.1875
0.736310778185108  -37.5  -3.25
0.730174855033565  -37.5  -1.1875
0.727106893457794  -37.5  -2
3.85335973916873  -38  17.0625
3.8349519697141  -38  30.0625
0.711767085578938  -37.5  7.6875
0.736310778185108  -37.5  -1.1875
3.84722381601719  -38  17.0625
3.85335973916873  -37.5  13
0.730174855033565  -37.5  0
0.730174855033565  -37.5  -2
3.85335973916873  -38  8.9375
3.84722381601719  -38  13
0.733242816609336  -37.5  -1.1875
3.85335973916873  -38  17.0625
0.748582624488193  -37.5  -1.1875
0.748582624488193  -37.5  -4.4375
0.74244670133665  -37.5  -1.1875
0.745514662912422  -37.5  0
3.86563158547182  -38  17.0625
3.85335973916873  -38  21.9375
0.751650586063964  -37.5  -4.4375
3.85949566232027  -38  26
0.748582624488193  -37.5  -2
0.74244670133665  -37.5  -1.1875
3.88403935492644  -38  0
0.751650586063964  -37.5  -1.1875
3.8779034317749  -38  13
0.745514662912422  -37.5  2
3.85335973916873  -38  17.0625
0.745514662912422  -37.5  -2
0.748582624488193  -37.5  -1.1875
3.8779034317749  -38  0
0.736310778185108  -37.5  0
0.748582624488193  -37.5  -3.25
3.86563158547182  -38  21.9375
0.736310778185108  -37.5  1.1875
3.85335973916873  -38  21.9375
0.71790300873048  -37.5  10.9375
3.8779034317749  -38  4.0625
0.751650586063964  -37.5  -1.1875
0.736310778185108  -37.5  0
0.745514662912422  -37.5  -2
3.87176750862336  -38  13
3.89631120122953  -38  -4.0625
3.84108789286565  -38  30.0625
0.74244670133665  -37.5  0
3.88403935492644  -38  4.0625
0.711767085578938  -38  10.9375
0.739378739760879  -37.5  1.1875
3.8779034317749  -38  8.9375
0.745514662912422  -37.5  -2
