0.74244670133665  -44  8.5
0.763922432367049  -44  2
0.785398163397448  -44.5  -21.9375
3.90858304753261  -44  1.1875
0.754718547639735  -44  8.9375
0.760854470791278  -44  10.9375
0.763922432367049  -44  8.5
0.760854470791278  -44  8.9375
3.92392285541147  -44  -4.4375
3.9208548938357  -44  0
0.803805932852076  -44  -17.0625
0.763922432367049  -44  7.6875
0.766990393942821  -44  -4.0625
0.766990393942821  -44  6.5
0.766990393942821  -44  0
0.760854470791278  -44  10.9375
0.760854470791278  -44  4.4375
0.754718547639735  -44.5  8.9375
0.766990393942821  -44  -4.0625
0.757786509215507  -44  13
3.90858304753261  -44  3.25
0.74244670133665  -44.5  8.9375
0.760854470791278  -44  9.75
0.779262240245906  -44.5  0
0.760854470791278  -44  9.75
0.773126317094363  -44.5  -13
0.763922432367049  -44  9.75
3.90551508595684  -44  7.6875
3.91471897068416  -44  -1.1875
0.754718547639735  -44  13
0.74244670133665  -44  11.75
3.8993791628053  -44  2
3.91165100910839  -44  -1.1875
0.766990393942821  -44  -13
0.791534086548991  -44.5  -26
3.90858304753261  -44  0
0.766990393942821  -44.5  -8.9375
3.90858304753261  -44  2
0.773126317094363  -44.5  -13
0.751650586063964  -44  8.5
0.754718547639735  -44  7.6875
0.785398163397448  -44.5  -21.9375
3.90858304753261  -44  0
0.760854470791278  -44  -8.9375
0.751650586063964  -44  13
0.748582624488193  -44  10.9375
0.773126317094363  -44  -13
0.748582624488193  -44  10.9375
0.779262240245906  -44  -17.0625
0.748582624488193  -44  9.75
3.90244712438107  -44  -2
0.760854470791278  -44  -8.9375
0.779262240245906  -44.5  -17.0625
3.89631120122953  -44  2
0.745514662912422  -44  8.5
0.754718547639735  -44.5  -8.9375
0.751650586063964  -44  8.5
3.90244712438107  -44  1.1875
3.90244712438107  -44  1.1875
0.748582624488193  -44.5  -4.0625
0.745514662912422  -44  10.9375
0.748582624488193  -44  8.5
0.748582624488193  -44.5  8.9375
0.779262240245906  -44.5  -13
3.8993791628053  -44  1.1875
3.8993791628053  -44  3.25
0.754718547639735  -44.5  0
0.773126317094363  -44.5  -13
0.751650586063964  -44  11.75
3.8993791628053  -44  6.5
0.754718547639735  -44  11.75
0.751650586063964  -44  11.75
0.797670009700533  -44.5  -26
3.91471897068416  -44  2
3.91471897068416  -44  2
3.90551508595684  -44  2
3.9208548938357  -44  1.1875
0.766990393942821  -44.5  -4.0625
0.766990393942821  -44.5  -4.0625
0.760854470791278  -44.5  4.0625
3.90858304753261  -44  1.1875
0.745514662912422  -44  9.75
3.90551508595684  -44  1.1875
0.751650586063964  -44  7.6875
0.751650586063964  -44  11.75
0.766990393942821  -44.5  -4.0625
0.757786509215507  -44  8.5
3.90551508595684  -44  1.1875
0.751650586063964  -44  5.25
0.754718547639735  -44.5  0
0.754718547639735  -44  8.5
0.754718547639735  -44  8.5
0.766990393942821  -44.5  -8.9375
0.773126317094363  -44.5  -13
3.90551508595684  -44  -2
0.754718547639735  -44.5  -4.0625
0.785398163397448  -44.5  -21.9375
0.745514662912422  -44  7.6875
0.751650586063964  -44  10.9375
0.745514662912422  -44  13
0.766990393942821  -44.5  -4.0625
0.745514662912422  -44  9.75
0.74244670133665  -44  10.9375
0.760854470791278  -44.5  0
3.8993791628053  -44  4.4375
3.8993791628053  -44  4.4375
0.754718547639735  -44.5  0
3.90858304753261  -44  1.1875
3.90551508595684  -44  -1.1875
0.745514662912422  -44  10.9375
0.754718547639735  -44.5  0
0.754718547639735  -44  2
0.754718547639735  -44  7.6875
0.754718547639735  -44  8.5
0.754718547639735  -44.5  0
0.751650586063964  -44  7.6875
3.90551508595684  -44  0
0.751650586063964  -44  10.9375
0.754718547639735  -44.5  4.0625
3.8993791628053  -44  1.1875
0.748582624488193  -44  9.75
0.760854470791278  -44.5  0
0.766990393942821  -44.5  0
0.748582624488193  -44  11.75
0.791534086548991  -44.5  -26
0.766990393942821  -44.5  0
3.91165100910839  -44  -2
0.760854470791278  -44.5  0
0.745514662912422  -44  13
3.90858304753261  -44  2
0.773126317094363  -44.5  -4.0625
0.751650586063964  -44  8.5
