1.80702936812929  -41.5  11.75
4.97930163747679  -41.5  6.5
4.98236959905256  -41.5  2
1.84691286861431  -41.5  -13
1.8162332528566  -41.5  11.75
4.97009775274948  -41.5  6.5
4.97009775274948  -41.5  8.5
4.97316571432525  -42  1.1875
1.86532063806894  -41.5  -21.9375
4.97316571432525  -42  7.6875
4.97623367590102  -41.5  6.5
4.94248609856754  -42  18.25
4.96702979117371  -41.5  9.75
4.97623367590102  -41.5  7.6875
4.95475794487062  -41.5  11.75
1.82850509915968  -41.5  -13
1.78862159867466  -41.5  14.1875
4.95782590644639  -41.5  7.6875
4.95168998329485  -41.5  3.25
1.7947575218262  -41.5  13
4.96089386802216  -41.5  3.25
4.94862202171908  -41.5  4.4375
1.79168956025043  -41.5  15
4.95782590644639  -41.5  3.25
4.95782590644639  -41.5  3.25
4.94862202171908  -41.5  6.5
4.96089386802216  -41.5  5.25
4.95475794487062  -41.5  5.25
1.82850509915968  -41.5  -17.0625
4.95168998329485  -41.5  8.5
4.95782590644639  -42  8.5
4.96702979117371  -41.5  4.4375
1.82850509915968  -41.5  -8.9375
4.95782590644639  -41.5  8.5
1.81316529128083  -41.5  11.75
4.96702979117371  -42  6.5
4.97316571432525  -42  6.5
1.83464102231123  -41.5  -8.9375
4.97009775274948  -42  5.25
4.97316571432525  -42  5.25
1.8591847149174  -41.5  -21.9375
4.97316571432525  -42  8.5
4.97930163747679  -42  5.25
4.97316571432525  -42  5.25
1.84691286861431  -41.5  -13
4.96702979117371  -42  10.9375
4.97316571432525  -42  9.75
4.98543756062833  -42  -2
1.81009732970506  -41.5  14.1875
4.96089386802216  -42  5.25
4.97623367590102  -41.5  1.1875
4.96702979117371  -41.5  5.25
4.98236959905256  -41.5  4.4375
1.85304879176585  -41.5  -21.9375
4.97316571432525  -41.5  5.25
4.97623367590102  -41.5  2
1.84691286861431  -41.5  -13
4.96396182959793  -41.5  3.25
4.97009775274948  -41.5  5.25
1.84691286861431  -41.5  -13
1.84077694546277  -41.5  -4.0625
4.96396182959793  -42  7.6875
4.97316571432525  -42  3.25
1.8162332528566  -41.5  15
4.98236959905256  -42  1.1875
4.96702979117371  -42  8.5
1.82236917600814  -42  13
1.82850509915968  -42  4.4375
4.97009775274948  -42  7.6875
4.97009775274948  -42  6.5
4.9885055222041  -42  -5.25
4.97009775274948  -42  6.5
4.97009775274948  -42  3.25
1.80396140655351  -42  15
4.97316571432525  -42  6.5
4.97316571432525  -42  0
1.84077694546277  -41.5  0
4.98543756062833  -42  3.25
4.97316571432525  -42  6.5
4.97316571432525  -42  3.25
4.97316571432525  -42  8.5
4.97930163747679  -42  4.4375
1.84691286861431  -41.5  -4.0625
4.97316571432525  -42  11.75
1.8591847149174  -41.5  -13
1.83157306073546  -41.5  9.75
4.99157348377988  -42  0
1.84691286861431  -41.5  -8.9375
4.98236959905256  -42  5.25
1.85304879176585  -41.5  -8.9375
4.97316571432525  -42  7.6875
4.96396182959793  -42  5.25
1.81930121443237  -42  9.75
1.83464102231123  -41.5  -17.0625
4.96396182959793  -42  4.4375
1.79782548340197  -42  14.1875
1.84077694546277  -41.5  -26
4.94862202171908  -42  4.4375
4.90567055965828  -42  15
4.93328221384022  -41.5  6.5
1.79782548340197  -41.5  -8.9375
4.93021425226445  -41.5  3.25
1.77941771394734  -41.5  5.25
1.79168956025043  -41.5  -4.0625
4.93635017541599  -41.5  3.25
4.93328221384022  -41.5  5.25
4.93941813699176  -41.5  2
1.80396140655351  -41.5  -13
4.92407832911291  -42  8.5
4.93328221384022  -42  1.1875
1.79782548340197  -41.5  -4.0625
4.94555406014331  -42  0
4.95475794487062  -42  -1.1875
4.95475794487062  -41.5  2
1.82236917600814  -41.5  -17.0625
4.93941813699176  -41.5  4.4375
4.93635017541599  -42  5.25
4.94248609856754  -41.5  6.5
4.96702979117371  -41.5  -4.4375
4.93635017541599  -42  8.5
4.96396182959793  -41.5  -5.25
4.93328221384022  -42  9.75
4.93635017541599  -42  2
4.92714629068868  -42  6.5
1.79782548340197  -41.5  -13
4.93021425226445  -41.5  6.5
4.91794240596137  -41.5  5.25
4.92101036753714  -41.5  3.25
1.79782548340197  -41.5  -8.9375
4.94555406014331  -41.5  2
4.89953463650674  -41.5  19.5
1.8162332528566  -41.5  -17.0625
