5.69106872305573  -43.5  6.5
5.7156124156619  -43  2
5.69106872305573  -43.5  11.75
5.72481630038921  -43  0
5.7156124156619  -43  6.5
5.7156124156619  -43  6.5
5.7156124156619  -43  10.9375
5.69720464620727  -43.5  13
5.71868037723767  -43  5.25
2.55867995419325  -43  17.0625
2.55867995419325  -43  13
5.72174833881344  -43  1.1875
5.70640853093458  -43.5  6.5
5.67572891517687  -43.5  20.75
5.72788426196498  -43  1.1875
5.70334056935881  -43  10.9375
2.55867995419325  -42.5  13
5.68493279990419  -43.5  13
5.69106872305573  -43.5  10.9375
5.70947649251036  -43  2
2.57095180049633  -43  -4.0625
2.55867995419325  -43  4.0625
5.6941366846315  -43.5  5.25
5.70027260778304  -43.5  4.4375
2.55254403104171  -43  -4.0625
2.55867995419325  -43  4.0625
5.67879687675264  -43.5  11.75
5.68493279990419  -43.5  8.5
5.68186483832841  -43.5  10.9375
5.70640853093458  -43  1.1875
2.54640810789016  -43  13
2.54027218473862  -43  21.9375
5.70947649251036  -43.5  3.25
5.65732114572224  -43.5  18.25
5.67879687675264  -43.5  10.9375
2.54027218473862  -43  13
5.6941366846315  -43  9.75
2.55254403104171  -43  4.0625
5.70334056935881  -43.5  3.25
5.71254445408613  -43  -3.25
2.55867995419325  -43  4.0625
5.69720464620727  -43.5  4.4375
5.65732114572224  -43.5  19.5
5.70947649251036  -43  -3.25
5.68493279990419  -43.5  11.75
5.69106872305573  -43  10.9375
5.67572891517687  -43.5  14.1875
2.55867995419325  -43  0
2.55867995419325  -43  0
5.68493279990419  -43.5  10.9375
5.71254445408613  -43.5  -5.25
2.54640810789016  -43  17.0625
2.55254403104171  -43  8.9375
5.67572891517687  -43.5  14.1875
5.70640853093458  -43.5  1.1875
5.68493279990419  -43.5  13
5.6941366846315  -43.5  8.5
5.67572891517687  -43.5  16.25
5.6941366846315  -43.5  9.75
5.69720464620727  -43.5  6.5
5.71254445408613  -43.5  0
5.68800076147996  -43.5  11.75
5.6941366846315  -43.5  9.75
5.7156124156619  -43.5  2
5.7156124156619  -43.5  1.1875
5.71254445408613  -43.5  4.4375
5.69106872305573  -43.5  10.9375
5.71868037723767  -43  -5.25
5.69720464620727  -43  9.75
5.68800076147996  -43  6.5
5.70027260778304  -43  7.6875
5.68800076147996  -43.5  7.6875
5.68186483832841  -43.5  10.9375
5.70334056935881  -43.5  3.25
5.70027260778304  -43.5  9.75
5.70334056935881  -43  3.25
5.65425318414647  -43.5  24
5.71254445408613  -43  3.25
5.70334056935881  -43.5  1.1875
5.70640853093458  -43.5  2
5.6941366846315  -43.5  6.5
5.67879687675264  -43.5  9.75
5.67879687675264  -43.5  10.9375
5.69720464620727  -43.5  6.5
5.6726609536011  -43.5  13
5.69720464620727  -43  -2
5.67572891517687  -43.5  13
5.70640853093458  -43  -1.1875
5.70027260778304  -43.5  2
2.53413626158708  -43  13
5.68800076147996  -43.5  9.75
5.68493279990419  -43.5  6.5
5.68186483832841  -43.5  8.5
5.69106872305573  -43.5  9.75
5.69106872305573  -43.5  8.5
5.70334056935881  -43.5  0
5.67879687675264  -43.5  13
5.70027260778304  -43.5  7.6875
5.69720464620727  -43.5  7.6875
5.70640853093458  -43.5  1.1875
5.69106872305573  -43.5  8.5
5.7156124156619  -43.5  -4.4375
5.67572891517687  -43.5  13
2.55254403104171  -43  4.0625
5.70334056935881  -43.5  3.25
5.68800076147996  -43.5  7.6875
5.70334056935881  -43.5  2
2.55867995419325  -43  4.0625
2.56481587734479  -43  8.9375
5.70640853093458  -43.5  3.25
2.51879645370822  -43.5  20.75
2.54640810789016  -43  13
5.70027260778304  -43.5  5.25
5.70947649251036  -43.5  6.5
5.69106872305573  -43.5  8.5
5.70334056935881  -43.5  6.5
5.69720464620727  -43.5  7.6875
5.67572891517687  -43.5  13
5.71254445408613  -43.5  1.1875
5.71868037723767  -43.5  0
5.69106872305573  -43.5  8.5
5.70640853093458  -43.5  4.4375
5.7156124156619  -43.5  -1.1875
2.55867995419325  -43  0
5.68186483832841  -43.5  15
5.68493279990419  -43.5  9.75
5.70334056935881  -43.5  6.5
5.68186483832841  -43.5  13
5.72174833881344  -43  -6.5
5.70947649251036  -43.5  -5.25
2.56481587734479  -43  -4.0625
2.53413626158708  -43  17.0625
