0.147262155637022  -39.5  -13
0.134990309333936  -39.5  14.1875
0.165669925091649  -39.5  -8.9375
0.128854386182394  -39.5  14.1875
0.138058270909708  -39.5  11.75
0.134990309333936  -39.5  15
0.159534001940107  -39.5  -8.9375
0.134990309333936  -39.5  11.75
0.138058270909708  -39.5  15
0.14419419406125  -39.5  10.9375
0.150330117212793  -39.5  4.4375
0.138058270909708  -39.5  13
3.31033054025721  -39.5  -4.4375
0.165669925091649  -39.5  -13
0.171805848243192  -39.5  -13
3.31646646340876  -39.5  -7.6875
3.28271888607527  -39.5  13
0.138058270909708  -39.5  10.9375
3.3011266555299  -39.5  2
0.134990309333936  -39.5  14.1875
0.171805848243192  -39.5  -17.0625
0.128854386182394  -39.5  14.1875
0.171805848243192  -39.5  -13
0.128854386182394  -39.5  16.25
0.150330117212793  -39.5  2
0.165669925091649  -39.5  -4.0625
0.165669925091649  -39.5  -4.0625
0.128854386182394  -39.5  15
0.11965050145508  -39.5  11.75
3.28885480922681  -39.5  -5.25
0.122718463030851  -39.5  14.1875
0.147262155637022  -39.5  -8.9375
0.11965050145508  -39.5  15
0.122718463030851  -39.5  14.1875
0.147262155637022  -39.5  -8.9375
0.125786424606623  -39.5  13
3.27351500134796  -39.5  2
0.141126232485479  -39.5  0
0.147262155637022  -39.5  -8.9375
0.125786424606623  -39.5  13
0.141126232485479  -39.5  -8.9375
0.125786424606623  -39.5  11.75
0.11965050145508  -39.5  15
0.11965050145508  -39.5  11.75
3.3011266555299  -39.5  -6.5
0.122718463030851  -39.5  10.9375
0.113514578303537  -39.5  14.1875
0.122718463030851  -39.5  14.1875
0.159534001940107  -39.5  -21.9375
0.116582539879309  -39.5  15
0.159534001940107  -39.5  -17.0625
0.134990309333936  -39.5  0
0.11965050145508  -39.5  15
0.138058270909708  -39.5  1.1875
0.125786424606623  -39.5  13
0.125786424606623  -39.5  13
0.125786424606623  -39.5  7.6875
0.113514578303537  -39.5  11.75
0.110446616727766  -39.5  16.25
0.141126232485479  -39.5  3.25
3.25203927031756  -39.5  9.75
0.104310693576224  -39.5  18.25
0.153398078788564  -39.5  -13
0.116582539879309  -39.5  13
0.147262155637022  -39.5  -8.9375
0.153398078788564  -39.5  -8.9375
0.11965050145508  -39.5  9.75
0.147262155637022  -39.5  -8.9375
0.116582539879309  -39.5  15
0.147262155637022  -39.5  -8.9375
0.113514578303537  -39.5  19.5
0.113514578303537  -39.5  11.75
0.11965050145508  -39.5  14.1875
0.147262155637022  -39.5  -8.9375
0.122718463030851  -39.5  8.5
0.141126232485479  -39.5  -4.0625
0.125786424606623  -39.5  11.75
0.125786424606623  -39.5  13
0.122718463030851  -39.5  13
0.110446616727766  -39.5  15
0.11965050145508  -39.5  13
3.28885480922681  -39.5  0
0.11965050145508  -39.5  14.1875
0.113514578303537  -39.5  16.25
0.116582539879309  -39.5  13
0.141126232485479  -39.5  0
3.27658296292373  -39.5  3.25
0.128854386182394  -39.5  9.75
0.122718463030851  -39.5  10.9375
0.113514578303537  -39.5  14.1875
0.150330117212793  -39.5  3.25
0.134990309333936  -39.5  0
0.125786424606623  -39.5  15
0.11965050145508  -39.5  14.1875
0.159534001940107  -39.5  -13
0.125786424606623  -39.5  21.5625
0.14419419406125  -39.5  -2
0.128854386182394  -39.5  9.75
0.141126232485479  -39.5  0
0.116582539879309  -39.5  24
0.159534001940107  -39.5  -17.0625
0.153398078788564  -39.5  -13
0.153398078788564  -39.5  -13
0.122718463030851  -39.5  15
3.27351500134796  -39.5  1.1875
0.11965050145508  -39.5  14.1875
0.128854386182394  -39.5  11.75
0.110446616727766  -39.5  17.4375
0.147262155637022  -39.5  -8.9375
0.147262155637022  -39.5  -13
3.29805869395413  -39.5  -2
0.125786424606623  -39.5  10.9375
0.122718463030851  -39.5  13
0.128854386182394  -39.5  13
0.125786424606623  -39.5  10.9375
0.11965050145508  -39.5  20.75
0.11965050145508  -39.5  14.1875
0.125786424606623  -39.5  14.1875
0.125786424606623  -39.5  10.9375
0.116582539879309  -39.5  9.75
0.125786424606623  -39.5  11.75
0.131922347758165  -39.5  10.9375
0.125786424606623  -39.5  14.1875
0.113514578303537  -39.5  15
0.11965050145508  -39.5  10.9375
0.131922347758165  -39.5  9.75
0.11965050145508  -39.5  14.1875
0.147262155637022  -39.5  -8.9375
0.11965050145508  -39.5  16.25
0.11965050145508  -39.5  15
0.125786424606623  -39.5  14.1875
0.113514578303537  -39.5  14.1875
