5.25235021772044  -46.5  10.9375
2.11689348728218  -46.5  -4.0625
2.11996144885796  -46.5  11.75
2.13530125673681  -46.5  0
5.28302983347815  -46.5  6.5
5.27996187190238  -46.5  8.5
5.29530167978123  -46.5  1.1875
5.27075798717506  -46.5  14.1875
5.27996187190238  -46.5  13
5.29223371820546  -46.5  5.25
5.29530167978123  -46.5  6.5
5.27996187190238  -46.5  11.75
5.27382594875083  -46.5  14.1875
5.28916575662969  -46.5  9.75
5.27382594875083  -46.5  15
2.13530125673681  -46.5  -8.9375
5.28609779505392  -46.5  4.4375
5.27996187190238  -46.5  8.5
5.27075798717506  -46.5  9.75
5.27382594875083  -46.5  14.1875
5.28302983347815  -46.5  4.4375
5.26769002559929  -46.5  11.75
5.27382594875083  -46.5  11.75
2.1046216409791  -46.5  13
2.12302941043373  -46.5  4.0625
5.28302983347815  -46.5  5.25
5.28302983347815  -46.5  5.25
2.1046216409791  -46.5  13
5.25235021772044  -46.5  11.75
5.25235021772044  -46.5  9.75
5.28302983347815  -46.5  -6.5
2.1046216409791  -46.5  4.0625
5.26462206402352  -46.5  7.6875
5.26769002559929  -46.5  8.5
5.27075798717506  -46.5  5.25
5.26155410244775  -46.5  6.5
5.27689391032661  -46.5  5.25
5.26769002559929  -46.5  6.5
5.27382594875083  -46.5  9.75
2.12916533358527  -46.5  0
2.12302941043373  -46.5  14.1875
5.27075798717506  -46.5  9.75
5.28609779505392  -46.5  9.75
2.11075756413064  -46.5  13
2.12302941043373  -46.5  16.25
5.28302983347815  -46.5  7.6875
2.15370902619144  -46.5  -8.9375
5.28916575662969  -46.5  9.75
5.27996187190238  -46.5  11.75
5.29223371820546  -46.5  8.5
5.30143760293278  -46.5  7.6875
5.28916575662969  -46.5  9.75
5.28916575662969  -46.5  10.9375
2.14143717988836  -46.5  0
2.1475731030399  -46.5  -4.0625
5.27996187190238  -46.5  13
5.30450556450855  -46.5  -2
5.29530167978123  -46.5  3.25
2.15370902619144  -46.5  -13
5.29223371820546  -46.5  2
5.28609779505392  -46.5  5.25
5.27996187190238  -46.5  10.9375
5.26462206402352  -46.5  15
5.29530167978123  -46.5  0
2.12302941043373  -46.5  8.9375
2.12916533358527  -46.5  -4.0625
5.28916575662969  -46.5  4.4375
5.27996187190238  -46.5  3.25
5.26769002559929  -46.5  14.1875
5.26462206402352  -46.5  15
5.27996187190238  -46.5  7.6875
5.29530167978123  -46.5  -5.25
5.27382594875083  -46.5  7.6875
5.25541817929621  -46.5  15
5.26462206402352  -46.5  9.75
5.28609779505392  -46.5  4.4375
2.12916533358527  -46.5  -8.9375
2.12916533358527  -46.5  -4.0625
2.11996144885796  -46.5  14.1875
5.26769002559929  -46.5  13
5.27689391032661  -46.5  10.9375
5.27382594875083  -46.5  6.5
5.29223371820546  -46.5  6.5
5.27382594875083  -46.5  10.9375
5.28609779505392  -46.5  7.6875
5.27689391032661  -46.5  11.75
5.28916575662969  -46.5  8.5
2.15984494934298  -46.5  -17.0625
5.30450556450855  -46.5  5.25
5.30143760293278  -46.5  8.5
5.298369641357  -46.5  9.75
5.31064148766009  -46.5  5.25
5.298369641357  -46.5  10.9375
5.30757352608432  -46.5  10.9375
5.32291333396318  -46.5  0
5.30757352608432  -46.5  7.6875
2.15370902619144  -46.5  13
5.30143760293278  -46.5  13
5.31064148766009  -46.5  10.9375
5.30757352608432  -46.5  6.5
5.31370944923586  -46.5  6.5
5.31370944923586  -46.5  3.25
5.31370944923586  -46.5  6.5
5.298369641357  -46.5  9.75
5.30757352608432  -46.5  7.6875
2.16598087249453  -46.5  -8.9375
2.1475731030399  -46.5  13
5.3198453723874  -46.5  5.25
5.3198453723874  -46.5  6.5
5.31677741081163  -46.5  4.4375
5.30757352608432  -46.5  11.75
5.31064148766009  -46.5  8.5
5.32598129553895  -46.5  7.6875
5.30757352608432  -46.5  13
5.32904925711472  -46.5  -2
5.33211721869049  -46.5  7.6875
2.13836921831258  -46.5  24
5.32904925711472  -46.5  8.5
5.32291333396318  -46.5  5.25
5.30143760293278  -46.5  13
5.31370944923586  -46.5  6.5
5.298369641357  -46.5  11.75
5.31370944923586  -46.5  8.5
2.15984494934298  -46.5  4.0625
5.29530167978123  -46.5  5.25
5.29223371820546  -46.5  8.5
5.298369641357  -46.5  8.5
5.28302983347815  -46.5  17.4375
2.13530125673681  -46.5  18.25
5.298369641357  -46.5  9.75
2.13530125673681  -46.5  8.9375
5.30143760293278  -46.5  7.6875
