5.1603113704473  -36  0
2.02178667843327  -36  -2
2.03099056316059  -36  -5.25
2.01258279370596  -36  0
5.16644729359884  -36  4.0625
2.02792260158482  -36  -3.25
5.18485506305347  -35.5  -8.9375
1.99110706267556  -36  16.25
2.01258279370596  -36  0
5.16644729359884  -36  0
2.03099056316059  -36  -3.25
2.02792260158482  -36  1.1875
5.16644729359884  -36  0
5.17258321675038  -35.5  4.0625
2.02485464000905  -36  3.25
5.17871913990192  -36  -4.875
5.16644729359884  -35.5  4.875
2.02485464000905  -36  0
5.17258321675038  -36  -4.0625
5.15110748571998  -36  8.5
5.16644729359884  -36  4.0625
2.02178667843327  -36  7.6875
2.01565075528173  -36  0
5.16644729359884  -36  4.0625
2.02792260158482  -36  -3.25
2.01258279370596  -36  2
5.17258321675038  -36  0
2.02485464000905  -36  -2
5.17258321675038  -35.5  -4.0625
5.1603113704473  -36  4.0625
2.02178667843327  -36  6.5
5.16644729359884  -36  0
1.9972429858271  -36  14.1875
2.03405852473636  -36  1.1875
5.17871913990192  -36  -4.0625
2.02792260158482  -36  1.1875
2.03099056316059  -36  -1.1875
5.15417544729575  -36  9.75
2.00951483213019  -36  2
2.03405852473636  -36  -3.25
2.02485464000905  -36  4.4375
2.03099056316059  -36  2
2.03099056316059  -36  5.25
5.16644729359884  -36  8.9375
2.02485464000905  -36  1.1875
5.17258321675038  -36  0
1.9972429858271  -36  13
2.00031094740288  -36  10.9375
5.15417544729575  -36  14.625
2.02792260158482  -36  2
2.01565075528173  -36  3.25
2.03099056316059  -36  -4.4375
5.16644729359884  -35.5  4.0625
2.02792260158482  -36  4.4375
5.16644729359884  -36  4.0625
2.01258279370596  -36  3.25
5.16644729359884  -36  0
2.02792260158482  -36  -3.25
5.16644729359884  -36  0
2.01258279370596  -36  1.1875
2.03405852473636  -36  -4.4375
2.00031094740288  -36  9.75
5.16644729359884  -35.5  4.0625
2.03712648631213  -36  0
2.03405852473636  -36  0
5.17258321675038  -36  -4.0625
5.17258321675038  -36  0
5.17871913990192  -36  -4.0625
2.00951483213019  -36  3.25
5.18485506305347  -36  -17.0625
2.01258279370596  -36  1.1875
2.00951483213019  -36  1.1875
5.17258321675038  -36  0
2.00951483213019  -36  9.75
5.15417544729575  -36  9.75
2.01258279370596  -36  4.4375
5.17258321675038  -36  -4.875
2.02792260158482  -36  -4.4375
5.17258321675038  -35.5  0
5.17258321675038  -35.5  -9.75
2.02792260158482  -36  2
5.16644729359884  -36  0
2.00644687055442  -36  9.75
5.17258321675038  -35.5  0
5.1603113704473  -36  4.0625
5.17258321675038  -36  0
1.99417502425133  -36  15
5.16644729359884  -36  4.0625
2.00951483213019  -36  3.25
5.16644729359884  -36  3.25
2.03712648631213  -36  1.1875
5.17258321675038  -35.5  -8.9375
5.14803952414421  -36  13
2.03712648631213  -36  1.1875
2.01258279370596  -36  3.25
5.16644729359884  -36  0
5.15110748571998  -36  8.5
5.16644729359884  -35.5  4.0625
5.14190360099267  -36  11.75
5.16644729359884  -36  4.0625
2.03405852473636  -36  -2
5.14803952414421  -36  10.9375
5.14803952414421  -36  11.75
2.02485464000905  -36  2
5.14803952414421  -36  14.625
2.01258279370596  -36  0
5.17871913990192  -36  -4.0625
5.14803952414421  -36  14.625
5.16644729359884  -36  4.0625
5.16644729359884  -35.5  0
5.18485506305347  -36  -13
1.9972429858271  -36  11.75
5.15417544729575  -36  14.625
5.16644729359884  -36  0
5.15110748571998  -36  8.5
5.15417544729575  -35.5  9.75
2.01258279370596  -36  4.4375
5.16644729359884  -35.5  4.875
5.15110748571998  -36  8.5
5.14803952414421  -36  9.75
5.1603113704473  -36  4.875
2.03712648631213  -36  -1.1875
5.17258321675038  -36  -9.75
2.01565075528173  -36  -2
5.18485506305347  -36  -8.9375
2.00951483213019  -36  7.6875
5.17258321675038  -35.5  -4.0625
5.17258321675038  -36  0
5.1603113704473  -36  4.875
2.00644687055442  -36  8.5
5.16644729359884  -36  -4.875
5.16644729359884  -36  0
