0.883572933822129  -42  -13
0.895844780125214  -42  -1.1875
4.00982577953307  -42  5.25
4.0067578179573  -42  7.6875
0.840621471761331  -42  22.75
0.859029241215959  -42  -8.9375
0.865165164367502  -42  0
0.871301087519044  -42  -4.0625
4.02209762583615  -42  3.25
0.871301087519044  -42  0
0.880504972246358  -42  3.25
0.883572933822129  -42  8.5
0.883572933822129  -42  -4.0625
4.03436947213924  -42  3.25
0.892776818549443  -42  1.1875
0.874369049094815  -42  19.5
0.883572933822129  -42  0
0.895844780125214  -42  -13
0.874369049094815  -42  11.75
0.883572933822129  -42  -4.0625
0.86209720279173  -42  14.1875
0.865165164367502  -42  0
4.03743743371501  -42  -1.1875
0.895844780125214  -42  -21.9375
4.02209762583615  -42  5.25
0.859029241215959  -42  -4.0625
0.840621471761331  -42  15
0.865165164367502  -42  -8.9375
4.00982577953307  -42  2
0.840621471761331  -42  15
0.846757394912874  -42  -4.0625
0.843689433337103  -42  10.9375
0.83755351018556  -42  14.1875
0.852893318064416  -42  4.0625
0.846757394912874  -42  11.75
4.01289374110884  -42  2
0.859029241215959  -42  -4.0625
4.00062189480575  -42  2
0.852893318064416  -42  -8.9375
3.98835004850267  -42  4.4375
0.846757394912874  -42  -13
4.00062189480575  -42  -1.1875
0.840621471761331  -42  -4.0625
0.83755351018556  -42  14.1875
4.00062189480575  -42  3.25
0.871301087519044  -42  -17.0625
0.855961279640188  -42  11.75
3.99755393322998  -42  11.75
0.849825356488645  -42  15
0.855961279640188  -42  11.75
4.02209762583615  -42  3.25
0.859029241215959  -42  14.1875
0.86209720279173  -42  18.25
4.02209762583615  -42  3.25
0.871301087519044  -42  9.75
0.86209720279173  -42  15
0.843689433337103  -42  13
0.849825356488645  -42  10.9375
3.99755393322998  -42  3.25
0.840621471761331  -42  8.9375
0.831417587034017  -42  13
0.846757394912874  -42  -8.9375
0.831417587034017  -42  17.4375
0.834485548609789  -42  4.0625
0.859029241215959  -42  -8.9375
0.865165164367502  -42  3.25
0.846757394912874  -42  4.0625
0.883572933822129  -42  -13
4.01902966426038  -42  0
0.852893318064416  -42  4.0625
0.871301087519044  -42  -8.9375
0.868233125943273  -42  4.4375
0.871301087519044  -42  0
0.840621471761331  -42  17.4375
3.98221412535112  -42  15
0.877437010670587  -42  -8.9375
4.0067578179573  -42  3.25
0.852893318064416  -42  8.9375
0.852893318064416  -42  9.75
0.852893318064416  -42  -4.0625
0.865165164367502  -42  -8.9375
0.831417587034017  -42  10.9375
0.834485548609789  -42  13
0.834485548609789  -42  4.0625
0.834485548609789  -42.5  0
0.816077779155161  -42  14.1875
0.846757394912874  -42  -13
0.834485548609789  -42  0
0.846757394912874  -42  -4.0625
0.822213702306704  -42.5  4.0625
3.96687431747227  -42  13
0.840621471761331  -42  0
0.865165164367502  -42  -21.9375
0.828349625458246  -42  17.4375
0.834485548609789  -42  0
0.852893318064416  -42  -17.0625
0.834485548609789  -42  -4.0625
0.840621471761331  -42  -8.9375
0.828349625458246  -42  14.1875
0.809941856003619  -42  13
0.846757394912874  -42  -13
0.840621471761331  -42  -8.9375
3.99448597165421  -42  5.25
3.98835004850267  -42  2
0.846757394912874  -42  0
0.83755351018556  -42  18.25
0.865165164367502  -42  0
4.00368985638152  -42  4.4375
4.0067578179573  -42  1.1875
0.846757394912874  -42  -4.0625
0.865165164367502  -42  -8.9375
0.852893318064416  -42  0
0.846757394912874  -42  11.75
0.859029241215959  -42  -17.0625
0.849825356488645  -42  9.75
3.98835004850267  -42  6.5
0.852893318064416  -42  -13
3.98835004850267  -42  3.25
0.840621471761331  -42  0
3.97301024062381  -42  11.75
0.846757394912874  -42  -13
0.81300981757939  -42  18.25
0.840621471761331  -42  -4.0625
0.834485548609789  -42  14.1875
0.846757394912874  -42  13
4.0067578179573  -42  2
0.852893318064416  -42  -13
0.843689433337103  -42  10.9375
0.849825356488645  -42  3.25
0.849825356488645  -42  5.25
0.840621471761331  -42  15
0.871301087519044  -42  -13
