0.438718505335293  -34.5  21.5625
3.6109907746828  -34.5  3.25
0.472466082668777  -34.5  13
3.62939854413743  -35  -4.4375
3.62019465941011  -35  -1.1875
0.466330159517235  -35  1.1875
0.447922390062607  -34.5  11.75
0.441786466911065  -34.5  14.1875
3.62633058256166  -35  -2
0.463262197941464  -34.5  8.5
0.481669967396091  -35  0
0.457126274789921  -34.5  11.75
0.484737928971863  -35  -1.1875
0.466330159517235  -34.5  8.9375
3.62633058256166  -34.5  -2
0.441786466911065  -34.5  17.4375
0.47860200582032  -34.5  0
0.484737928971863  -34.5  0
3.62939854413743  -34.5  -2
3.62633058256166  -34.5  -3.25
3.6324665057132  -34.5  -3.25
3.60792281310703  -34.5  2
0.450990351638379  -34.5  11.75
3.62019465941011  -35  -1.1875
0.438718505335293  -35  17.4375
3.62019465941011  -35  -2
0.457126274789921  -35  4.4375
0.45405831321415  -34.5  0
0.45405831321415  -34  0
3.60178688995549  -34.5  -2
0.42951462060798  -34.5  13
3.60485485153126  -34.5  -4.4375
0.457126274789921  -34.5  1.1875
0.432582582183751  -34.5  11.75
0.466330159517235  -34  0
0.444854428486836  -34.5  13
0.475534044244549  -34.5  2
0.466330159517235  -34.5  8.9375
3.63553446728897  -34.5  -3.25
0.490873852123405  -34.5  4.4375
0.490873852123405  -34  8.9375
0.469398121093006  -34.5  13
0.481669967396091  -34.5  8.5
0.497009775274948  -34  9.75
0.481669967396091  -34.5  20.75
3.64780631359205  -34.5  -1.1875
0.466330159517235  -34.5  24
0.466330159517235  -34.5  15
0.490873852123405  -34.5  0
0.484737928971863  -34  4.0625
0.484737928971863  -34.5  1.1875
3.6324665057132  -34.5  -1.1875
0.47860200582032  -34.5  2
3.60792281310703  -34.5  3.25
0.466330159517235  -34.5  0
3.62326262098588  -34.5  -1.1875
0.463262197941464  -34.5  2
0.463262197941464  -34.5  3.25
0.47860200582032  -34.5  -3.25
0.469398121093006  -34.5  3.25
0.441786466911065  -34.5  11.75
0.472466082668777  -34  -4.875
3.62019465941011  -34.5  3.25
0.469398121093006  -34.5  0
3.61712669783434  -34.5  0
3.61712669783434  -34.5  -3.25
3.61405873625857  -34.5  1.1875
0.472466082668777  -34  0
3.61712669783434  -34.5  -1.1875
0.472466082668777  -34.5  -4.0625
3.6109907746828  -34.5  -1.1875
0.460194236365692  -34.5  2
0.447922390062607  -34.5  11.75
3.6109907746828  -34.5  0
3.61405873625857  -34.5  2
0.466330159517235  -34  4.875
0.466330159517235  -34.5  0
0.450990351638379  -34.5  4.4375
0.466330159517235  -34.5  4.0625
0.466330159517235  -34.5  0
0.460194236365692  -34  4.0625
3.61405873625857  -34.5  -1.1875
0.460194236365692  -34  8.9375
0.444854428486836  -34.5  8.5
0.460194236365692  -34  9.75
3.62019465941011  -34.5  -1.1875
3.61405873625857  -34.5  1.1875
0.466330159517235  -34.5  -4.875
0.463262197941464  -34.5  -2
0.47860200582032  -34.5  0
0.457126274789921  -34.5  2
0.441786466911065  -34.5  13
3.6109907746828  -34.5  0
3.59258300522817  -34.5  5.25
0.460194236365692  -34  0
0.463262197941464  -34.5  0
3.62019465941011  -34.5  -3.25
0.438718505335293  -34.5  19.5
0.441786466911065  -34.5  20.75
3.61405873625857  -34.5  1.1875
0.466330159517235  -34.5  -1.1875
0.47860200582032  -34  -8.9375
0.45405831321415  -34  8.9375
0.447922390062607  -34.5  16.25
3.59565096680394  -34.5  1.1875
0.466330159517235  -34.5  3.25
0.45405831321415  -34  14.625
3.61712669783434  -34.5  0
0.45405831321415  -34.5  5.25
0.460194236365692  -34.5  3.25
3.59871892837971  -34.5  2
0.47860200582032  -34.5  0
0.460194236365692  -34.5  3.25
0.472466082668777  -34  -9.75
0.472466082668777  -34.5  -3.25
0.460194236365692  -34.5  4.0625
0.450990351638379  -34.5  9.75
0.460194236365692  -34.5  2
0.460194236365692  -34.5  8.9375
0.472466082668777  -34.5  4.4375
3.62019465941011  -34.5  2
0.466330159517235  -34  0
0.472466082668777  -34.5  3.25
0.45405831321415  -34  18.6875
0.463262197941464  -34.5  2
3.62019465941011  -34.5  -2
0.475534044244549  -34.5  -1.1875
3.58031115892509  -34.5  13
0.466330159517235  -34.5  0
3.61712669783434  -34.5  0
0.466330159517235  -34  8.9375
0.466330159517235  -34.5  1.1875
