1.7518060597654  -42  6.5
4.95168998329485  -41.5  -8.9375
1.76714586764426  -42  3.25
1.76407790606849  -42  5.25
1.7947575218262  -42  -3.25
4.92101036753714  -41.5  0
1.76407790606849  -42  7.6875
4.91794240596137  -41.5  3.25
1.79168956025043  -42  -5.25
1.7732817907958  -42  6.5
1.77021382922003  -42  4.4375
4.90873852123405  -42  10.9375
1.78248567552312  -42  2
4.91487444438559  -42  9.75
4.90873852123405  -42  11.75
1.75487402134117  -42  6.5
4.90567055965828  -42  14.1875
1.78248567552312  -42  -1.1875
1.7947575218262  -42  -3.25
1.76714586764426  -42  3.25
1.78555363709889  -42  -1.1875
1.74260217503809  -41.5  6.5
1.75794198291694  -42  -1.1875
1.76714586764426  -42  -2
4.92714629068868  -41.5  -13
4.88112686705211  -41.5  15
4.91487444438559  -41.5  4.0625
4.87499094390057  -41.5  16.25
1.75487402134117  -42  2
1.7732817907958  -42  -4.4375
4.92101036753714  -41.5  0
1.74260217503809  -42  4.4375
4.91487444438559  -41.5  0
1.76714586764426  -41.5  -1.1875
4.87805890547634  -41.5  13
1.74260217503809  -42  9.75
1.74260217503809  -41.5  7.6875
4.87805890547634  -41.5  16.25
4.90873852123405  -41.5  4.0625
4.88419482862788  -41.5  11.75
1.74260217503809  -41.5  5.25
4.89033075177942  -41.5  11.75
1.76714586764426  -41.5  -3.25
4.88726279020365  -41.5  14.1875
4.88112686705211  -41.5  14.1875
4.88112686705211  -41.5  16.25
4.91487444438559  -41.5  -4.0625
1.76407790606849  -41.5  -2
1.74260217503809  -41.5  9.75
1.77021382922003  -41.5  -2
4.87805890547634  -41.5  15
1.75487402134117  -42  0
4.88419482862788  -41.5  11.75
4.87499094390057  -41.5  16.25
1.76100994449272  -41.5  0
1.73339829031077  -41.5  14.1875
4.90873852123405  -41.5  -4.0625
4.90873852123405  -41.5  8.9375
1.74260217503809  -41.5  4.4375
1.75794198291694  -42  -3.25
4.91487444438559  -41.5  0
1.75794198291694  -42  1.1875
4.88112686705211  -41.5  13
4.90260259808251  -41.5  8.9375
4.88419482862788  -41.5  16.25
4.87499094390057  -41.5  15
1.74873809818963  -42  4.4375
4.92714629068868  -41.5  -8.9375
1.74260217503809  -42  3.25
4.93328221384022  -41.5  -13
1.76407790606849  -42  -2
4.90260259808251  -41.5  4.0625
1.73339829031077  -41.5  5.25
1.76100994449272  -41.5  -1.1875
1.74873809818963  -42  6.5
1.74873809818963  -41.5  6.5
1.74567013661386  -42  3.25
4.88112686705211  -41.5  13
1.76100994449272  -42  -5.25
1.75794198291694  -42  -3.25
1.76714586764426  -41.5  -4.4375
1.730330328735  -41.5  7.6875
1.73646625188655  -42  10.9375
1.74260217503809  -41.5  6.5
1.74567013661386  -42  3.25
4.89033075177942  -41.5  13
1.74567013661386  -42  0
1.730330328735  -41.5  11.75
4.87805890547634  -41.5  15
4.90260259808251  -41.5  8.9375
4.88112686705211  -41.5  14.1875
4.91487444438559  -41.5  0
1.77021382922003  -42  -6.5
4.92101036753714  -41.5  0
1.74260217503809  -41.5  3.25
4.91487444438559  -41.5  0
1.73953421346232  -41.5  8.5
1.73953421346232  -41.5  3.25
4.89033075177942  -41.5  17.0625
4.87805890547634  -41.5  14.1875
4.90873852123405  -41.5  8.9375
4.88726279020365  -41.5  13
4.90873852123405  -41.5  0
4.88419482862788  -41.5  13
4.92714629068868  -41.5  -8.9375
1.74260217503809  -41.5  8.5
4.93328221384022  -41.5  -4.0625
4.93328221384022  -41.5  -8.9375
1.76714586764426  -41.5  1.1875
1.75794198291694  -42  2
1.76100994449272  -42  0
4.92714629068868  -41.5  -8.9375
4.8933987133552  -41.5  13
4.92714629068868  -41.5  -4.0625
4.89646667493097  -41.5  13
1.75487402134117  -41.5  4.4375
1.7732817907958  -41.5  -1.1875
1.77941771394734  -41.5  -5.25
4.89646667493097  -41.5  14.1875
4.93941813699176  -41.5  -8.9375
1.77941771394734  -41.5  2
1.75487402134117  -42  8.5
4.92101036753714  -42  0
1.78555363709889  -42  -3.25
4.95782590644639  -41.5  -13
4.91487444438559  -42  9.75
4.94555406014331  -41.5  -8.9375
1.77634975237157  -42  1.1875
4.93328221384022  -41.5  4.0625
1.75794198291694  -42  8.5
1.77021382922003  -42  1.1875
1.75794198291694  -42  11.75
