0.901980703276757  -39.5  16.25
4.08038889577581  -39.5  4.4375
0.951068088489098  -39.5  -4.0625
0.95720401164064  -39.5  -13
4.09879666523043  -39.5  -2
4.08038889577581  -39.5  1.1875
0.93266031903447  -39.5  -17.0625
0.93266031903447  -39.5  0
4.07118501104849  -39.5  2
0.886640895397901  -39.5  19.5
0.93266031903447  -39.5  -13
4.06198112632118  -39.5  4.4375
0.9081166264283  -39.5  4.0625
4.07118501104849  -39.5  2
4.06504908789695  -40  5.25
4.07118501104849  -40  3.25
0.9081166264283  -40  24
4.08038889577581  -40  2
4.08652481892735  -40  1.1875
0.917320511155613  -40  11.75
0.920388472731385  -40  10.9375
4.08959278050312  -40  2
0.93266031903447  -40  10.9375
0.93266031903447  -40  10.9375
4.09572870365466  -40  1.1875
0.926524395882927  -40  11.75
4.08959278050312  -40  3.25
0.944932165337555  -39.5  4.0625
0.926524395882927  -40  11.75
0.926524395882927  -40  15
0.929592357458699  -40  16.25
0.935728280610241  -40  17.4375
0.954136050064869  -40  0
0.938796242186012  -39.5  0
4.06811704947272  -40  11.75
0.926524395882927  -40  9.75
0.917320511155613  -40  21.5625
0.920388472731385  -40  14.1875
0.920388472731385  -39.5  13
4.07732093420003  -39.5  4.4375
0.914252549579842  -39.5  14.1875
4.08038889577581  -39.5  1.1875
0.920388472731385  -39.5  -4.0625
0.938796242186012  -39.5  -13
0.901980703276757  -39.5  14.1875
4.04970928001809  -39.5  4.4375
0.9081166264283  -39.5  13
4.04050539529078  -39.5  17.4375
0.9081166264283  -39.5  -4.0625
4.03436947213924  -39.5  14.1875
0.901980703276757  -39.5  11.75
0.926524395882927  -39.5  -8.9375
0.9081166264283  -39.5  20.75
0.914252549579842  -39.5  -4.0625
4.07118501104849  -39.5  0
4.08038889577581  -39.5  4.4375
4.07425297262426  -39.5  3.25
0.923456434307156  -39.5  9.75
4.08038889577581  -39.5  5.25
0.920388472731385  -39.5  14.1875
0.938796242186012  -39.5  -4.0625
4.07118501104849  -39.5  3.25
4.07732093420003  -39.5  4.4375
4.07425297262426  -39.5  3.25
4.08652481892735  -39.5  3.25
0.911184588004071  -39.5  21.5625
0.911184588004071  -39.5  21.5625
0.938796242186012  -39.5  -8.9375
0.914252549579842  -39.5  11.75
0.926524395882927  -40  6.5
4.04664131844232  -40  14.1875
0.917320511155613  -40  13
4.07425297262426  -40  -2
0.917320511155613  -40  19.5
4.07118501104849  -40  2
0.926524395882927  -39.5  4.0625
4.07425297262426  -40  4.4375
4.08345685735158  -40  2
0.929592357458699  -40  1.1875
4.07732093420003  -40  1.1875
0.9081166264283  -40  19.5
0.941864203761784  -40  -1.1875
0.920388472731385  -40  0
0.917320511155613  -40  7.6875
0.9081166264283  -40  19.5
4.07425297262426  -40  2
4.08038889577581  -40  0
4.06504908789695  -40  2
4.06504908789695  -40  3.25
4.07118501104849  -40  4.4375
0.920388472731385  -39.5  -4.0625
4.03743743371501  -40  18.25
4.06198112632118  -40  2
4.07425297262426  -40  1.1875
0.892776818549443  -40  18.25
0.911184588004071  -40  11.75
4.06504908789695  -40  3.25
0.929592357458699  -40  -2
4.04970928001809  -40  11.75
0.920388472731385  -39.5  0
0.911184588004071  -40  11.75
0.920388472731385  -39.5  4.0625
0.901980703276757  -40  21.5625
4.05891316474541  -40  3.25
4.06504908789695  -40  3.25
0.905048664852528  -40  14.1875
0.901980703276757  -40  13
4.07732093420003  -40  2
0.914252549579842  -40  15
4.07732093420003  -40  3.25
4.08038889577581  -40  2
0.944932165337555  -39.5  -13
0.917320511155613  -40  14.1875
0.917320511155613  -40  15
4.07425297262426  -40  4.4375
4.08652481892735  -40  0
4.08652481892735  -40  -2
4.08652481892735  -40  -2
0.938796242186012  -39.5  -8.9375
0.898912741700986  -40  21.5625
4.09266074207889  -40  2
0.923456434307156  -40  21.5625
4.08345685735158  -40  4.4375
4.08652481892735  -40  0
4.08959278050312  -40  4.4375
0.93266031903447  -40  15
4.08959278050312  -40  3.25
4.1018646268062  -40  0
4.09572870365466  -40  4.4375
0.929592357458699  -40  24
0.926524395882927  -39.5  17.0625
0.926524395882927  -40  14.1875
