0.460194236365692  -53  13
0.463262197941464  -53  7.6875
0.457126274789921  -53  17.4375
0.469398121093006  -53  9.75
0.463262197941464  -53  10.9375
0.487805890547634  -52.5  4.4375
0.472466082668777  -53  9.75
0.469398121093006  -52.5  3.25
0.484737928971863  -53  9.75
0.481669967396091  -53  5.25
0.475534044244549  -52.5  17.4375
0.487805890547634  -53  11.75
0.472466082668777  -53  10.9375
0.484737928971863  -52.5  7.6875
0.493941813699176  -53  8.5
0.493941813699176  -53  2
0.472466082668777  -53  16.25
0.475534044244549  -53  13
3.65087427516783  -52.5  4.0625
0.487805890547634  -52.5  4.4375
0.475534044244549  -53  13
0.481669967396091  -52.5  10.9375
0.469398121093006  -53  14.1875
3.62019465941011  -52.5  17.0625
0.481669967396091  -53  10.9375
0.475534044244549  -52.5  8.5
3.6324665057132  -52.5  -4.0625
0.484737928971863  -53  6.5
0.497009775274948  -53  9.75
0.481669967396091  -53  16.25
0.500077736850719  -53  2
0.490873852123405  -53  4.4375
0.463262197941464  -53  22.75
0.481669967396091  -53  7.6875
0.484737928971863  -53  13
0.493941813699176  -53  5.25
0.460194236365692  -53  19.5
0.475534044244549  -53  16.25
0.47860200582032  -53  6.5
0.472466082668777  -53  13
3.62633058256166  -52.5  0
0.487805890547634  -53  3.25
3.65087427516783  -52.5  -4.0625
0.487805890547634  -53  6.5
3.62633058256166  -52.5  4.0625
3.64473835201628  -52.5  -4.0625
0.487805890547634  -53  3.25
0.484737928971863  -53  7.6875
3.61405873625857  -52.5  34.9375
0.484737928971863  -53  2
0.47860200582032  -53  11.75
3.62633058256166  -52.5  8.9375
3.63860242886474  -52.5  -8.9375
0.472466082668777  -53  9.75
0.472466082668777  -53  13
3.63860242886474  -52.5  4.0625
0.472466082668777  -53  9.75
0.475534044244549  -53  10.9375
0.487805890547634  -53  3.25
3.62019465941011  -52.5  8.9375
0.475534044244549  -53  9.75
0.47860200582032  -53  9.75
3.60792281310703  -52.5  17.0625
3.60178688995549  -52.5  8.9375
0.469398121093006  -53  16.25
0.469398121093006  -53  8.5
0.45405831321415  -53  17.4375
0.47860200582032  -52.5  6.5
0.469398121093006  -53  10.9375
0.481669967396091  -52.5  8.5
0.472466082668777  -53  9.75
3.62019465941011  -52.5  -4.0625
0.475534044244549  -53  4.4375
0.457126274789921  -53  13
0.469398121093006  -52.5  6.5
0.463262197941464  -52.5  8.5
0.466330159517235  -53  9.75
0.463262197941464  -53  5.25
0.475534044244549  -52.5  3.25
0.463262197941464  -52.5  15
0.447922390062607  -52.5  15
0.487805890547634  -53  4.4375
0.457126274789921  -52.5  19.5
3.60792281310703  -52.5  17.0625
0.463262197941464  -52.5  6.5
0.466330159517235  -52.5  7.6875
0.475534044244549  -53  6.5
0.469398121093006  -53  6.5
0.460194236365692  -53  15
0.469398121093006  -52.5  10.9375
0.481669967396091  -52.5  6.5
0.472466082668777  -52.5  13
0.475534044244549  -53  9.75
0.481669967396091  -53  10.9375
0.475534044244549  -53  13
0.490873852123405  -52.5  7.6875
0.469398121093006  -53  14.1875
0.481669967396091  -52.5  13
3.63860242886474  -52.5  -4.0625
0.47860200582032  -53  16.25
3.6324665057132  -52.5  8.9375
0.47860200582032  -53  9.75
3.62633058256166  -52.5  13
3.63860242886474  -52.5  -4.0625
0.469398121093006  -52.5  17.4375
0.490873852123405  -53  5.25
0.487805890547634  -52.5  15
3.64473835201628  -52.5  8.9375
0.506213660002262  -52.5  7.6875
0.50314569842649  -52.5  9.75
0.509281621578033  -52.5  5.25
3.66928204462245  -52.5  -17.0625
0.475534044244549  -52.5  21.5625
0.500077736850719  -52.5  14.1875
3.65701019831937  -52  17.0625
0.509281621578033  -52.5  10.9375
0.512349583153804  -52.5  15
0.497009775274948  -52.5  16.25
0.509281621578033  -52.5  15
0.487805890547634  -52.5  14.1875
3.62939854413743  -52.5  10.9375
0.500077736850719  -52.5  16.25
0.493941813699176  -52.5  8.5
3.64473835201628  -52.5  0
0.50314569842649  -52.5  9.75
3.66928204462245  -52  -8.9375
0.493941813699176  -52.5  13
3.69382573722862  -52  -4.0625
3.68155389092554  -52  4.0625
3.65087427516783  -52  17.0625
0.527689391032661  -52.5  3.25
3.70609758353171  -52  -17.0625
