0.3098641191529  -47  10.9375
0.325203927031756  -47  11.75
0.319068003880213  -47  14.1875
0.316000042304442  -47  10.9375
3.48520435007618  -47  -2
0.322135965455985  -47  15
3.47600046534886  -47  2
0.343611696486384  -47  -1.1875
0.343611696486384  -47  8.9375
0.328271888607527  -47  15
0.337475773334841  -47  3.25
0.346679658062155  -47  3.25
0.328271888607527  -47  10.9375
0.337475773334841  -47  4.0625
0.325203927031756  -47  11.75
3.48213638850041  -47  -1.1875
0.322135965455985  -47  14.1875
0.322135965455985  -47  13
0.343611696486384  -47  0
0.316000042304442  -47  16.25
0.355883542789469  -46.5  0
0.319068003880213  -47  17.4375
0.325203927031756  -47  10.9375
0.328271888607527  -47  13
0.343611696486384  -47  4.4375
3.47906842692463  -47  -1.1875
0.328271888607527  -47  10.9375
0.325203927031756  -47  9.75
0.322135965455985  -47  11.75
0.328271888607527  -47  15
0.328271888607527  -47  9.75
3.48520435007618  -47  2
0.328271888607527  -47  10.9375
0.355883542789469  -46.5  -8.9375
0.368155389092554  -47  -13
3.49134027322772  -47  -3.25
0.325203927031756  -47  13
0.325203927031756  -47  13
0.325203927031756  -47  13
0.322135965455985  -47  10.9375
3.46679658062155  -47  6.5
0.331339850183298  -47  7.6875
0.325203927031756  -47  11.75
3.48827231165195  -47  -2
0.325203927031756  -47  9.75
0.355883542789469  -46.5  -4.0625
0.316000042304442  -47  15
0.362019465941011  -47  -13
0.331339850183298  -47  9.75
0.331339850183298  -47  9.75
0.325203927031756  -47  15
0.331339850183298  -47  7.6875
0.331339850183298  -47  7.6875
0.33440781175907  -47  8.5
0.331339850183298  -47  7.6875
0.331339850183298  -47  11.75
0.325203927031756  -47  14.1875
0.331339850183298  -47  11.75
0.328271888607527  -47  13
0.322135965455985  -47  10.9375
3.48213638850041  -47  2
0.343611696486384  -46.5  4.0625
0.331339850183298  -47  13
0.355883542789469  -46.5  -13
0.322135965455985  -47  15
3.49440823480349  -47  -5.25
0.343611696486384  -47  0
0.331339850183298  -47  9.75
0.316000042304442  -47  16.25
0.322135965455985  -47  10.9375
0.331339850183298  -47  13
0.355883542789469  -46.5  -8.9375
0.331339850183298  -47  7.6875
0.328271888607527  -47  13
0.328271888607527  -47  11.75
3.47906842692463  -47  3.25
3.47906842692463  -47  -1.1875
0.325203927031756  -47  16.25
0.331339850183298  -47  8.9375
0.316000042304442  -47  19.5
0.33440781175907  -47  9.75
0.349747619637926  -46.5  -4.0625
0.362019465941011  -47  -4.0625
0.368155389092554  -46.5  -4.0625
0.368155389092554  -46.5  -13
0.328271888607527  -47  13
0.349747619637926  -47  -8.9375
0.355883542789469  -46.5  -4.0625
0.380427235395639  -46.5  -30.0625
0.349747619637926  -46.5  0
0.325203927031756  -47  10.9375
3.47906842692463  -47  5.25
0.328271888607527  -47  8.5
0.319068003880213  -47  18.25
0.355883542789469  -46.5  -13
0.368155389092554  -46.5  -13
0.343611696486384  -47  5.25
0.340543734910612  -47  5.25
0.349747619637926  -47  -4.0625
0.343611696486384  -47  -1.1875
3.48520435007618  -47  1.1875
3.47906842692463  -47  4.4375
3.48827231165195  -47  -3.25
0.337475773334841  -47  9.75
0.349747619637926  -46.5  -4.0625
0.380427235395639  -46.5  -26
0.328271888607527  -47  10.9375
0.355883542789469  -47  -8.9375
0.340543734910612  -47  3.25
0.362019465941011  -46.5  -8.9375
0.319068003880213  -47  11.75
0.33440781175907  -47  8.5
0.325203927031756  -47  13
0.362019465941011  -47  -21.9375
0.325203927031756  -47  13
0.331339850183298  -47  21.9375
0.340543734910612  -47  1.1875
0.355883542789469  -46.5  -4.0625
0.349747619637926  -47  -2
0.322135965455985  -47  10.9375
0.322135965455985  -47  15
0.349747619637926  -47  -4.0625
3.48213638850041  -47  -1.1875
0.33440781175907  -47  9.75
0.33440781175907  -47  9.75
0.349747619637926  -47  8.9375
0.362019465941011  -47  -13
0.374291312244096  -46.5  -21.9375
0.349747619637926  -46.5  -4.0625
3.48213638850041  -47  2
3.49134027322772  -47  1.1875
0.337475773334841  -47  9.75
