5.88435030232932  -44  14.1875
5.92116584123858  -43.5  -17.0625
5.90275807178395  -44  16.25
5.92730176439012  -43.5  -13
2.78570911080032  -44  0
5.92116584123858  -43.5  -4.0625
5.90582603335972  -44  13
5.94570953384475  -43.5  -26
5.90889399493549  -43.5  0
5.91196195651126  -44  9.75
5.92730176439012  -43.5  -17.0625
5.90275807178395  -44  9.75
5.91196195651126  -44  5.25
5.91502991808703  -43.5  -4.0625
5.91502991808703  -43.5  0
5.90582603335972  -44  14.1875
5.94570953384475  -43.5  -21.9375
5.91196195651126  -44  13
5.92730176439012  -43.5  -13
2.7887770723761  -44  1.1875
5.92730176439012  -43.5  -21.9375
2.78570911080032  -44  -2
5.92116584123858  -43.5  -8.9375
2.77957318764878  -44  2
2.79798095710341  -44  -8.5
5.9395736106932  -43.5  -8.9375
5.90889399493549  -43.5  -13
5.90275807178395  -43.5  -8.9375
2.77957318764878  -44  -6.5
5.92116584123858  -43.5  -21.9375
5.88741826390509  -44  15
5.8966221486324  -44  10.9375
5.92730176439012  -43.5  -21.9375
5.89969011020818  -44  10.9375
2.77957318764878  -44  -3.25
5.90889399493549  -43.5  -13
2.77343726449724  -44  -3.25
5.89048622548086  -43.5  0
5.8966221486324  -43.5  8.9375
5.89355418705663  -44  13
5.93343768754166  -43.5  -26
5.91502991808703  -43.5  -17.0625
5.88128234075355  -44  19.5
5.89048622548086  -43.5  4.0625
5.90889399493549  -44  0
2.74889357189107  -44  4.4375
2.77650522607301  -44  -3.25
5.92116584123858  -43.5  -26
5.93343768754166  -43.5  -21.9375
5.89048622548086  -44  10.9375
2.7673013413457  -44  0
5.88435030232932  -44  15
2.77343726449724  -44  -5.25
5.8966221486324  -44  9.75
5.92116584123858  -43.5  -21.9375
5.88128234075355  -44  17.4375
5.90889399493549  -43.5  -13
5.89355418705663  -44  10.9375
5.88435030232932  -43.5  8.9375
2.77957318764878  -44  -7.6875
5.89355418705663  -44  13
5.8966221486324  -43.5  0
5.90889399493549  -43.5  -17.0625
5.89048622548086  -44  15
5.8966221486324  -43.5  -8.9375
5.89048622548086  -43.5  0
5.88741826390509  -44  8.5
5.92116584123858  -43.5  -21.9375
5.90889399493549  -43.5  -21.9375
5.88128234075355  -44  15
5.91196195651126  -44  -2
5.90275807178395  -43.5  -13
5.90275807178395  -43.5  -13
5.8966221486324  -44  10.9375
5.91502991808703  -43.5  -13
2.77343726449724  -44  -4.4375
5.8966221486324  -43.5  -8.9375
2.77343726449724  -44  -4.4375
5.92116584123858  -43.5  -21.9375
5.89048622548086  -44  13
2.75809745661838  -44  2
5.92730176439012  -43.5  -17.0625
5.89969011020818  -44  7.6875
5.90889399493549  -43.5  -8.9375
5.88741826390509  -44  17.4375
2.76116541819415  -44  -2
5.92116584123858  -43.5  -17.0625
5.89355418705663  -44  14.1875
5.92116584123858  -43.5  -21.9375
5.89048622548086  -44  13
5.89355418705663  -44  13
5.92116584123858  -43.5  -17.0625
2.77036930292147  -44  0
5.8966221486324  -43.5  -8.9375
5.89969011020818  -44  11.75
5.90275807178395  -43.5  -4.0625
2.77036930292147  -44  -3.25
2.75809745661838  -44  4.4375
5.92730176439012  -43.5  -26
5.88741826390509  -44  16.25
5.89048622548086  -44  11.75
5.93343768754166  -43.5  -26
5.87821437917778  -44  17.4375
5.8966221486324  -43.5  0
5.89355418705663  -44  15
2.77650522607301  -44  -3.25
5.8966221486324  -43.5  0
5.88741826390509  -44  16.25
5.89969011020818  -44  13
5.87821437917778  -44  19.5
5.89969011020818  -44  13
2.77650522607301  -44  -3.25
5.91502991808703  -43.5  -13
5.88128234075355  -44  18.25
5.91502991808703  -43.5  -13
5.88741826390509  -44  13
2.76423337976993  -44  -2
5.90275807178395  -43.5  -8.9375
2.76116541819415  -44  -2
5.89969011020818  -44  10.9375
5.88435030232932  -43.5  4.0625
5.88435030232932  -44  13
5.87821437917778  -44  15
5.91502991808703  -43.5  -17.0625
5.8966221486324  -43.5  -13
5.88128234075355  -44  14.1875
5.88128234075355  -44  13
5.8966221486324  -43.5  -13
2.76116541819415  -44  -3.25
2.7458256103153  -44  -1.1875
5.87821437917778  -43.5  4.0625
5.90275807178395  -43.5  -17.0625
