1.61067982727992  -43.5  13
4.80442782765783  -43.5  -8.9375
4.77681617347589  -43.5  6.5
4.81669967396091  -43.5  -13
1.63829148146186  -43.5  9.75
4.81669967396091  -43.5  -8.9375
1.62908759673455  -43.5  3.25
4.79829190450629  -43.5  -4.0625
4.7645443271728  -43.5  13
1.63829148146186  -43.5  1.1875
4.76761228874857  -43  13
1.61681575043147  -43  9.75
4.76761228874857  -43  16.25
1.65056332776495  -43.5  0
4.79829190450629  -43.5  4.0625
1.63829148146186  -43.5  3.25
1.65669925091649  -43.5  -5.25
1.61988371200724  -43  11.75
4.73693267299086  -43  20.75
4.77988413505166  -43.5  -4.0625
4.7430685961424  -43  13
4.7860200582032  -43.5  -8.9375
4.77374821190012  -43.5  4.0625
1.61374778885569  -43  0
1.62295167358301  -43.5  -1.1875
1.62908759673455  -43.5  -4.4375
4.81056375080937  -43.5  -26
4.74000063456663  -43  16.25
4.76147636559703  -43.5  0
1.61374778885569  -43  6.5
4.76147636559703  -43.5  4.0625
1.60454390412838  -43  2
4.76147636559703  -43.5  4.0625
4.77374821190012  -43.5  -4.0625
1.59840798097684  -43  10.9375
4.77988413505166  -43.5  -4.0625
4.7860200582032  -43.5  -13
1.58306817309798  -43  10.9375
4.76761228874857  -43.5  -4.0625
4.77988413505166  -43.5  -8.9375
4.76761228874857  -43.5  0
1.61374778885569  -43  0
1.58306817309798  -43  8.5
4.72772878826355  -43  16.25
4.77374821190012  -43.5  -13
4.74613655771817  -43  7.6875
4.76761228874857  -43.5  -4.0625
1.58306817309798  -43  8.5
4.72466082668778  -43  15
4.7430685961424  -43.5  13
1.60454390412838  -43.5  -4.4375
4.76147636559703  -43.5  -8.9375
1.60147594255261  -43.5  -1.1875
1.59534001940107  -43  -1.1875
4.75534044244549  -43.5  8.9375
4.73693267299086  -43.5  13
4.721592865112  -43  15
4.75534044244549  -43.5  4.0625
1.60147594255261  -43  -1.1875
4.73693267299086  -43.5  8.9375
4.76761228874857  -43.5  -17.0625
1.5922720578253  -43.5  2
4.73693267299086  -43.5  4.0625
4.721592865112  -43.5  13
1.56772836521913  -43.5  9.75
4.75534044244549  -43.5  -4.0625
4.7430685961424  -43.5  4.0625
1.60147594255261  -43.5  -3.25
4.75534044244549  -43.5  -4.0625
4.721592865112  -43  13
1.57693224994644  -43.5  8.5
1.59840798097684  -43.5  -3.25
1.59840798097684  -43.5  -4.4375
1.60454390412838  -43.5  -4.4375
1.5922720578253  -43.5  2
1.61374778885569  -43.5  -1.1875
4.77374821190012  -43.5  -13
4.73386471141509  -43  4.4375
1.58000021152221  -43  8.5
4.72466082668778  -43  7.6875
1.60761186570415  -43  -2
4.74920451929395  -43.5  0
1.60454390412838  -43.5  -4.4375
4.73693267299086  -43.5  4.0625
1.61067982727992  -43.5  -4.4375
4.75534044244549  -43.5  4.0625
1.59534001940107  -43.5  7.6875
4.75227248086972  -43.5  14.1875
4.75840840402126  -43.5  13
4.77988413505166  -43.5  0
4.79829190450629  -43.5  -17.0625
1.61988371200724  -43.5  1.1875
1.63215555831032  -43.5  -4.4375
1.61681575043147  -43  -3.25
1.60147594255261  -43  2
4.74920451929395  -43.5  -4.0625
1.59840798097684  -43  -6.5
4.7430685961424  -43.5  0
4.72466082668778  -43.5  4.0625
1.58000021152221  -43  4.4375
1.5922720578253  -43  -3.25
4.72466082668778  -43.5  8.9375
1.56772836521913  -43  7.6875
1.59534001940107  -43  -1.1875
4.71852490353623  -43  15
4.77374821190012  -43  0
4.77374821190012  -43.5  -4.0625
1.58613613467375  -43  13
4.79215598135474  -43.5  -17.0625
1.62601963515878  -43.5  -5.25
4.73693267299086  -43  11.75
4.77988413505166  -43.5  -4.0625
4.77988413505166  -43.5  -8.9375
4.77374821190012  -43.5  4.0625
4.74920451929395  -43  13
4.77374821190012  -43.5  0
1.61681575043147  -43.5  1.1875
1.61681575043147  -43.5  -3.25
4.74613655771817  -43.5  10.9375
4.79215598135474  -43.5  -8.9375
4.77988413505166  -43.5  0
1.61681575043147  -43.5  -1.1875
4.79829190450629  -43.5  -13
4.77374821190012  -43.5  -8.9375
1.61374778885569  -43.5  6.5
4.76761228874857  -43.5  8.9375
1.60761186570415  -43.5  7.6875
4.7860200582032  -43.5  -4.0625
1.59840798097684  -43.5  9.75
4.7860200582032  -43.5  -8.9375
1.61374778885569  -43  8.5
4.75840840402126  -43  16.25
