3.16613634619596  -41.5  18.25
0.0398835004850267  -41.5  7.6875
0.0490873852123405  -41.5  -3.25
3.19068003880213  -41.5  4.0625
0.0490873852123405  -41.5  2
0.0490873852123405  -41.5  0
0.0398835004850267  -41.5  2
0.0460194236365692  -41.5  3.25
0.0613592315154256  -41.5  0
0.0521553467881118  -41.5  3.25
0.0460194236365692  -41.5  4.4375
0.042951462060798  -41.5  5.25
0.0460194236365692  -41.5  3.25
0.0613592315154256  -41.5  2
0.0552233083638831  -41.5  1.1875
0.0460194236365692  -41.5  8.5
0.0398835004850267  -41.5  8.5
0.0460194236365692  -41.5  6.5
0.0490873852123405  -41.5  3.25
0.0613592315154256  -41.5  3.25
0.0460194236365692  -41.5  6.5
0.042951462060798  -41.5  5.25
0.0613592315154256  -41.5  1.1875
0.042951462060798  -41.5  3.25
0.0613592315154256  -41.5  2
0.0552233083638831  -41.5  3.25
3.19681596195368  -41.5  -4.0625
0.0460194236365692  -41.5  4.4375
0.0184077694546277  -41.5  11.75
0.0490873852123405  -41.5  3.25
0.0460194236365692  -41.5  1.1875
0.0460194236365692  -41.5  5.25
0.0398835004850267  -41.5  6.5
0.042951462060798  -41.5  6.5
3.19681596195368  -41.5  0
0.0460194236365692  -41.5  3.25
0.0582912699396544  -41.5  2
0.0613592315154256  -41.5  0
0.042951462060798  -41.5  5.25
0.0552233083638831  -41.5  2
0.0552233083638831  -41.5  3.25
0.0552233083638831  -41.5  -1.1875
0.0460194236365692  -41.5  3.25
0.0460194236365692  -41.5  4.4375
0.0122718463030851  -41.5  15
3.18454411565059  -41.5  -8.9375
0.0582912699396544  -41.5  2
3.19681596195368  -41.5  -13
0.042951462060798  -41.5  6.5
0.0644271930911969  -41.5  1.1875
0.0613592315154256  -41.5  4.4375
0.0521553467881118  -41.5  3.25
0.0460194236365692  -41.5  5.25
0.0460194236365692  -41.5  2
0.0398835004850267  -41.5  5.25
0.0582912699396544  -41.5  3.25
0.042951462060798  -41.5  5.25
0.0582912699396544  -41.5  3.25
0.0460194236365692  -41.5  1.1875
0.0490873852123405  -41.5  7.6875
3.18454411565059  -41.5  -8.9375
0.0613592315154256  -41.5  4.4375
0.0582912699396544  -41.5  -1.1875
0.0552233083638831  -41.5  3.25
0.0705631162427395  -41.5  0
0.0613592315154256  -41.5  0
0.042951462060798  -41.5  5.25
0.0521553467881118  -41.5  3.25
3.16306838462019  -41.5  15
0.0644271930911969  -41.5  1.1875
0.0582912699396544  -41.5  2
0.0613592315154256  -41.5  2
0.042951462060798  -41.5  5.25
0.042951462060798  -41.5  4.4375
0.0460194236365692  -41.5  5.25
0.0582912699396544  -41.5  3.25
3.16613634619596  -41.5  15
0.0460194236365692  -41.5  5.25
0.0368155389092554  -41.5  6.5
0.0490873852123405  -41.5  4.4375
0.0490873852123405  -41.5  1.1875
0.0552233083638831  -41.5  4.4375
0.0613592315154256  -41.5  0
0.0460194236365692  -41.5  4.4375
3.19681596195368  -41.5  -13
0.0368155389092554  -41.5  5.25
3.19681596195368  -41.5  -13
0.042951462060798  -41.5  5.25
0.042951462060798  -41.5  5.25
0.0184077694546277  -41.5  14.1875
0.0398835004850267  -41.5  6.5
3.17840819249905  -41.5  -4.0625
0.042951462060798  -41.5  4.4375
0.0521553467881118  -41.5  -2
0.0337475773334841  -41.5  6.5
0.0368155389092554  -41.5  5.25
0.0552233083638831  -41.5  -1.1875
0.042951462060798  -41.5  -1.1875
0.0153398078788564  -41.5  14.1875
0.0460194236365692  -41.5  4.4375
0.0184077694546277  -41.5  9.75
0.0276116541819415  -41.5  8.5
0.0337475773334841  -41.5  5.25
0.0368155389092554  -41.5  3.25
3.17840819249905  -41.5  -8.9375
0.0521553467881118  -41.5  -2
3.18454411565059  -41.5  -13
0.0490873852123405  -41.5  3.25
3.17840819249905  -41.5  -8.9375
0.0521553467881118  -41.5  -3.25
0.0490873852123405  -41.5  4.4375
0.0337475773334841  -41.5  4.4375
0.042951462060798  -41.5  4.4375
0.0552233083638831  -41.5  0
0.0337475773334841  -41.5  7.6875
3.17840819249905  -41.5  -4.0625
0.0490873852123405  -41.5  3.25
0.0460194236365692  -41.5  3.25
0.0122718463030851  -41.5  15
0.0490873852123405  -41.5  1.1875
0.0521553467881118  -41.5  1.1875
3.19068003880213  -41.5  -13
0.0490873852123405  -41.5  2
0.0490873852123405  -41.5  2
0.042951462060798  -41.5  4.4375
0.042951462060798  -41.5  4.4375
0.0490873852123405  -41.5  2
0.0521553467881118  -41.5  -2
3.17227226934751  -41.5  -4.0625
0.0398835004850267  -41.5  4.4375
0.0552233083638831  -41.5  -2
0.0337475773334841  -41.5  7.6875
