1.42353417115788  -47.5  -1.1875
1.41433028643056  -47  8.5
1.43273805588519  -47.5  -1.1875
1.40819436327902  -47  15
1.41739824800633  -47  5.25
4.55899090159613  -47  21.9375
1.4204662095821  -47  5.25
4.56512682474767  -47  34.9375
1.41433028643056  -47  13
1.42967009430942  -47.5  2
4.60194236365692  -47  4.0625
1.42660213273365  -47.5  0
1.41433028643056  -47.5  10.9375
1.43273805588519  -47.5  -4.4375
1.41433028643056  -47.5  9.75
1.4204662095821  -47.5  8.5
1.43580601746096  -47.5  -3.25
1.41739824800633  -47.5  4.4375
1.43887397903673  -47.5  -2
1.40819436327902  -47.5  9.75
4.5405831321415  -47.5  39
4.55592294002035  -47.5  14.1875
1.42353417115788  -47.5  6.5
1.41433028643056  -47  6.5
1.4204662095821  -47  3.25
4.57126274789921  -47  26
1.40819436327902  -47.5  8.5
1.42967009430942  -47.5  -3.25
1.3989904785517  -47.5  11.75
4.5405831321415  -47  48
1.42660213273365  -47.5  -4.4375
1.41126232485479  -47.5  5.25
1.42660213273365  -47.5  -2
4.56512682474767  -47.5  21.9375
1.41126232485479  -47.5  8.5
1.41739824800633  -47.5  6.5
4.55285497844458  -47.5  10.9375
1.41433028643056  -47.5  8.5
1.42353417115788  -47.5  0
1.41126232485479  -47.5  10.9375
1.43273805588519  -47.5  0
1.43580601746096  -47.5  -2
4.56512682474767  -47.5  4.4375
4.57739867105075  -47  8.9375
1.41739824800633  -47.5  10.9375
1.42660213273365  -47.5  3.25
1.41739824800633  -47.5  6.5
1.41126232485479  -47.5  8.5
1.42967009430942  -47.5  4.4375
4.55899090159613  -47.5  8.5
1.41739824800633  -47.5  5.25
1.43580601746096  -47.5  -2
1.4204662095821  -47.5  7.6875
1.41739824800633  -47.5  5.25
1.40512640170325  -47.5  14.1875
1.41739824800633  -47  8.5
1.41739824800633  -47.5  9.75
1.42353417115788  -47.5  4.4375
1.43580601746096  -47.5  -4.4375
1.43273805588519  -47.5  -1.1875
1.4419419406125  -47.5  -4.4375
4.55285497844458  -47.5  34.9375
1.42353417115788  -47.5  7.6875
1.42660213273365  -47.5  4.4375
1.4204662095821  -47.5  10.9375
1.4204662095821  -47.5  10.9375
1.4419419406125  -47.5  -3.25
4.55899090159613  -47.5  10.9375
4.57126274789921  -47.5  30.0625
4.54671905529304  -47.5  52.0625
1.43580601746096  -47.5  1.1875
4.55285497844458  -47.5  43.125
1.42660213273365  -47.5  2
1.43887397903673  -47.5  -1.1875
4.5405831321415  -47.5  61
1.43887397903673  -47.5  4.4375
1.44500990218827  -47.5  -1.1875
4.56512682474767  -47  43.125
1.43887397903673  -47.5  4.4375
1.45114582533982  -47.5  -3.25
1.43580601746096  -47.5  1.1875
1.42967009430942  -47.5  4.4375
1.43580601746096  -47.5  3.25
1.44807786376405  -47.5  -2
1.43273805588519  -47.5  5.25
1.43580601746096  -47.5  1.1875
1.43580601746096  -47.5  -1.1875
1.42353417115788  -47.5  8.5
1.42967009430942  -47.5  2
4.57739867105075  -47.5  2
4.56819478632344  -47.5  10.9375
1.44807786376405  -47.5  -5.25
4.5835345942023  -47.5  21.9375
1.45114582533982  -47.5  -4.4375
1.43273805588519  -47.5  5.25
4.57126274789921  -47.5  39
4.56512682474767  -47.5  43.125
1.43887397903673  -47.5  2
1.43580601746096  -47.5  -1.1875
4.52831128583841  -47.5  69.125
4.5620588631719  -47.5  10.9375
1.42353417115788  -47.5  3.25
1.42353417115788  -47.5  4.4375
4.57126274789921  -47.5  30.0625
1.43580601746096  -47.5  -2
4.5620588631719  -47.5  10.9375
1.44500990218827  -47.5  -4.4375
1.4204662095821  -47.5  5.25
4.55899090159613  -47.5  34.9375
4.56512682474767  -47.5  34.9375
4.53444720898996  -47.5  61
1.43887397903673  -47.5  2
4.54671905529304  -47.5  48
4.5835345942023  -47.5  21.9375
1.42967009430942  -47.5  4.4375
4.56512682474767  -47  43.125
1.43887397903673  -47.5  2
1.43580601746096  -47.5  4.4375
4.5620588631719  -47.5  15
4.57126274789921  -47  34.9375
1.4419419406125  -47.5  2
1.43887397903673  -47.5  1.1875
4.57126274789921  -47.5  13
4.54671905529304  -47.5  48
1.42967009430942  -47.5  3.25
1.43887397903673  -47.5  1.1875
1.43580601746096  -47.5  1.1875
4.55285497844458  -47.5  48
4.5620588631719  -47.5  9.75
1.45114582533982  -47.5  -4.4375
1.43580601746096  -47.5  1.1875
1.43887397903673  -47.5  -4.4375
