4.4332044769895  -44  9.75
1.30695163127857  -44  -13
4.4332044769895  -44  7.6875
1.30081570812702  -44  0
1.29161182339971  -44  14.1875
4.43934040014105  -44  6.5
4.43934040014105  -44  8.5
1.30695163127857  -44  0
4.4546802080199  -44  1.1875
1.29467978497548  -44  -17.0625
4.42706855383796  -44  14.1875
4.43627243856527  -44  3.25
4.43934040014105  -44  7.6875
4.44240836171682  -44  8.5
4.43013651541373  -44  13
1.30695163127857  -44  0
4.43934040014105  -44  8.5
1.30081570812702  -44  -4.0625
4.45774816959567  -44  5.25
4.4332044769895  -44  11.75
1.29467978497548  -44  -4.0625
4.44547632329259  -44  2
4.44854428486836  -44  5.25
1.30081570812702  -44  4.0625
4.44240836171682  -44  5.25
4.4332044769895  -44  14.1875
4.44240836171682  -44  9.75
4.43627243856527  -44  13
1.30388366970279  -44  10.9375
4.4546802080199  -44  5.25
1.31922347758165  -44  -13
1.29467978497548  -44  9.75
4.45161224644413  -44  2
4.44854428486836  -44  4.4375
1.29467978497548  -44  -4.0625
4.45161224644413  -44  1.1875
1.2824079386724  -43.5  13
1.29774774655125  -44  8.5
1.28854386182394  -44  11.75
1.28854386182394  -44  13
4.43934040014105  -44  4.4375
4.44547632329259  -44  1.1875
1.29467978497548  -44  13
4.44854428486836  -44  3.25
1.29467978497548  -44  -4.0625
4.43627243856527  -44  7.6875
1.28854386182394  -44  0
4.43934040014105  -44  8.5
1.30081570812702  -44  -4.0625
1.28854386182394  -44  11.75
1.29467978497548  -44  -4.0625
4.44547632329259  -44  5.25
1.31308755443011  -44  -8.9375
4.46081613117144  -44  -1.1875
4.4332044769895  -44  8.5
1.29467978497548  -44  3.25
1.30081570812702  -44  -4.0625
4.44240836171682  -44  -1.1875
4.44240836171682  -44  3.25
4.43934040014105  -44  3.25
4.44240836171682  -44  5.25
1.28854386182394  -44  13
4.4332044769895  -44  9.75
4.43627243856527  -44  8.5
4.44240836171682  -44  9.75
4.43627243856527  -44  6.5
4.43934040014105  -44  4.4375
1.28854386182394  -44  11.75
4.43013651541373  -44  5.25
4.43627243856527  -44  2
1.2824079386724  -44  10.9375
4.4332044769895  -44  2
4.42706855383796  -44  6.5
1.28854386182394  -44  10.9375
4.42093263068642  -44  10.9375
1.29467978497548  -44  10.9375
1.32535940073319  -44  -4.0625
1.33149532388474  -44  -17.0625
4.46695205432299  -44  7.6875
1.31922347758165  -44  8.9375
4.4761559390503  -44  5.25
1.33456328546051  -44  8.5
4.48535982377761  -44  6.5
1.34376717018782  -44  -13
4.49149574692916  -44  2
1.35603901649091  -44  0
4.48229186220184  -44  7.6875
1.33763124703628  -44  -4.0625
4.47308797747453  -44  7.6875
4.47922390062607  -44  2
4.4761559390503  -44  4.4375
1.31308755443011  -44  4.0625
1.29467978497548  -43.5  26
4.46695205432299  -44  4.4375
4.45161224644413  -44  6.5
4.4761559390503  -44  -1.1875
4.4546802080199  -44  5.25
1.30695163127857  -44  13
1.31922347758165  -43.5  -4.0625
4.4546802080199  -44  5.25
4.44854428486836  -44  5.25
4.44240836171682  -44  3.25
4.43934040014105  -44  6.5
1.29467978497548  -44  9.75
4.4332044769895  -44  10.9375
4.44240836171682  -44  1.1875
1.28854386182394  -43.5  4.0625
4.44547632329259  -44  1.1875
4.46081613117144  -44  -6.5
4.42706855383796  -44  13
4.44854428486836  -44  6.5
1.31615551600588  -44  -1.1875
1.2824079386724  -44  8.9375
1.30081570812702  -44  11.75
4.44854428486836  -44  0
1.30695163127857  -43.5  -4.0625
1.29774774655125  -44  13
4.45161224644413  -44  1.1875
4.44547632329259  -44  9.75
1.30388366970279  -44  11.75
1.30081570812702  -44  14.1875
4.4546802080199  -44  5.25
1.30081570812702  -44  11.75
4.44547632329259  -44  6.5
4.46081613117144  -44  2
4.45161224644413  -44  4.4375
1.30081570812702  -44  0
1.31308755443011  -44  6.5
4.45161224644413  -44  5.25
1.30388366970279  -44  8.5
1.30081570812702  -44  8.9375
4.43934040014105  -44  10.9375
