5.52233083638831  -44  11.75
5.54380656741871  -44  9.75
2.40528187540469  -44  -4.0625
5.56221433687333  -44  9.75
5.59596191420682  -44  -2
5.56221433687333  -44  14.1875
5.58982599105528  -44  4.4375
2.42982556801086  -44  0
2.42368964485931  -44  4.0625
5.57755414475219  -44  11.75
5.57141822160065  -44  14.1875
5.57448618317642  -44  13
5.59289395263105  -44  4.4375
5.61130172208568  -44  -2
5.59289395263105  -44  0
5.58369006790373  -44  3.25
2.42368964485931  -44  4.0625
5.5867580294795  -44  5.25
5.58369006790373  -44  6.5
5.56221433687333  -44  2
5.54687452899448  -44  8.5
5.56835026002488  -44  7.6875
5.59289395263105  -43.5  -4.4375
5.57755414475219  -44  10.9375
5.57141822160065  -44  17.4375
5.61743764523722  -43.5  6.5
5.58982599105528  -44  18.25
5.60516579893413  -44  13
5.59289395263105  -43.5  10.9375
5.55607841372179  -43.5  11.75
5.57448618317642  -43.5  5.25
5.54073860584294  -43.5  15
5.57448618317642  -43.5  0
5.55607841372179  -43.5  6.5
2.38687410595006  -44  8.9375
5.54994249057025  -44  8.5
5.56528229844911  -44  -4.4375
2.39914595225314  -44  0
5.57755414475219  -44  -3.25
5.58062210632796  -44  1.1875
2.40528187540469  -44  -8.9375
5.53460268269139  -44  14.1875
5.51926287481254  -44  17.4375
5.53767064426716  -44  8.5
2.37460225964697  -44  4.0625
5.51619491323677  -44  9.75
5.53153472111562  -44  10.9375
5.51926287481254  -44  9.75
2.3930100291016  -44  -21.9375
2.3930100291016  -44  15
5.53460268269139  -44  14.1875
5.53153472111562  -44  10.9375
2.38687410595006  -44  4.0625
5.54994249057025  -44  5.25
5.53460268269139  -44  16.25
5.54994249057025  -44  6.5
5.55914637529756  -44  2
5.54994249057025  -44  11.75
2.3930100291016  -44  4.0625
5.56528229844911  -44  -2
2.40528187540469  -44  11.75
5.55914637529756  -44  1.1875
5.53460268269139  -44  14.1875
2.39914595225314  -44  0
2.38073818279852  -44  8.9375
5.54687452899448  -44  2
5.51312695166099  -44  13
2.36233041334389  -44  -4.0625
2.37460225964697  -44  -8.9375
2.37460225964697  -44  -4.0625
5.54380656741871  -44  9.75
5.55914637529756  -44  7.6875
5.54687452899448  -44  11.75
2.38687410595006  -44  4.0625
5.54073860584294  -44  14.1875
5.55607841372179  -44  5.25
2.3930100291016  -44  4.0625
5.53767064426716  -44  14.1875
5.54994249057025  -44  6.5
5.55914637529756  -44  4.4375
5.55301045214602  -44  5.25
2.39914595225314  -44  -4.0625
2.3930100291016  -43.5  4.0625
2.40528187540469  -44  8.9375
5.56835026002488  -44  4.4375
5.56528229844911  -44  4.4375
2.38687410595006  -43.5  21.9375
5.54687452899448  -44  9.75
5.57141822160065  -44  3.25
5.56528229844911  -44  7.6875
5.56528229844911  -44  6.5
5.56528229844911  -44  7.6875
5.55607841372179  -44  10.9375
2.41755372170777  -44  -17.0625
2.3930100291016  -44  8.9375
5.54073860584294  -44  15
5.55607841372179  -44  1.1875
2.40528187540469  -44  -4.0625
5.54073860584294  -44  5.25
5.54380656741871  -44  2
2.38073818279852  -44  -8.9375
5.52846675953985  -44  8.5
5.54687452899448  -44  9.75
2.40528187540469  -44  -4.0625
5.57755414475219  -44  -2
5.53460268269139  -44  19.5
5.57448618317642  -44  -1.1875
5.57141822160065  -44  5.25
2.3930100291016  -44  17.0625
5.55301045214602  -44  11.75
5.54380656741871  -44  10.9375
5.54380656741871  -44  15
5.54994249057025  -44  11.75
5.57755414475219  -44  -1.1875
5.55607841372179  -44  7.6875
2.38687410595006  -44  8.9375
5.52846675953985  -44  3.25
5.50392306693368  -44  14.1875
5.52539879796408  -44  6.5
2.36233041334389  -44  4.0625
5.54380656741871  -44  3.25
5.54687452899448  -44  2
5.55301045214602  -44  3.25
5.54073860584294  -44  6.5
2.37460225964697  -43.5  8.9375
2.38073818279852  -44  4.0625
5.54380656741871  -44  5.25
5.52846675953985  -44  11.75
2.39914595225314  -43.5  0
5.55914637529756  -44  -3.25
2.38073818279852  -44  -4.0625
5.51619491323677  -44  7.6875
