6.02240857323903  -42.5  4.4375
2.84093241916421  -42  26
6.01320468851171  -42.5  8.5
6.00706876536017  -42.5  8.5
2.85934018861884  -42  17.0625
6.02240857323903  -42.5  2
6.03774838111788  -42.5  -3.25
2.85320426546729  -42  13
6.01320468851171  -42.5  7.6875
6.0040008037844  -42.5  13
6.01627265008749  -42.5  5.25
6.03774838111788  -42.5  -4.4375
6.03161245796634  -42.5  1.1875
6.03161245796634  -42.5  0
6.00093284220863  -42.5  14.1875
6.02240857323903  -42.5  6.5
6.0040008037844  -42.5  11.75
2.82866057286112  -42  13
6.01627265008749  -42.5  3.25
2.83479649601267  -42  17.0625
6.01320468851171  -42.5  2
6.0040008037844  -42.5  5.25
5.99786488063286  -42.5  7.6875
5.99786488063286  -42.5  8.5
6.00706876536017  -42.5  7.6875
2.81025280340649  -42  26
5.99479691905709  -42.5  8.5
2.83479649601267  -42  17.0625
6.00706876536017  -42.5  5.25
5.99786488063286  -42.5  5.25
2.82866057286112  -42  21.9375
2.83479649601267  -42  21.9375
5.98866099590554  -42.5  14.1875
5.99172895748131  -42.5  6.5
2.82866057286112  -42  21.9375
5.99786488063286  -42.5  7.6875
2.84706834231575  -42  0
6.00706876536017  -42.5  7.6875
2.84093241916421  -42  17.0625
6.01934061166326  -42.5  -1.1875
2.83479649601267  -42  21.9375
6.01320468851171  -42.5  4.4375
6.01627265008749  -42.5  -3.25
5.99172895748131  -42.5  9.75
5.99479691905709  -42.5  8.5
6.02240857323903  -42.5  -7.6875
5.97025322645092  -42.5  20.75
5.99479691905709  -42.5  10.9375
5.99786488063286  -42.5  10.9375
2.84706834231575  -42  13
6.00093284220863  -42.5  7.6875
5.99786488063286  -42.5  5.25
6.01320468851171  -42.5  3.25
6.0254765348148  -42.5  1.1875
5.99786488063286  -42.5  9.75
6.0040008037844  -42.5  7.6875
6.01627265008749  -42.5  1.1875
6.01627265008749  -42.5  3.25
2.83479649601267  -42  13
6.01013672693594  -42.5  9.75
5.99172895748131  -42.5  7.6875
5.99479691905709  -42.5  7.6875
5.98866099590554  -42.5  11.75
2.84706834231575  -42  13
2.85320426546729  -42  8.9375
6.02240857323903  -42.5  2
6.00093284220863  -42.5  6.5
6.01627265008749  -42.5  5.25
5.99786488063286  -42.5  9.75
6.00706876536017  -42.5  8.5
6.01320468851171  -42.5  6.5
5.99786488063286  -42.5  10.9375
2.84093241916421  -42  13
6.01934061166326  -42.5  -4.4375
6.02240857323903  -42.5  -1.1875
5.99786488063286  -42.5  6.5
2.84093241916421  -42  17.0625
6.0254765348148  -42.5  -6.5
6.01934061166326  -42.5  -1.1875
6.0254765348148  -42.5  -5.25
2.84093241916421  -42  0
6.01320468851171  -42.5  5.25
2.82866057286112  -42.5  17.4375
6.01320468851171  -42.5  4.4375
6.01320468851171  -42.5  5.25
2.84706834231575  -42  13
5.99479691905709  -42.5  14.1875
5.99786488063286  -42.5  6.5
6.01320468851171  -42.5  2
6.01013672693594  -42.5  4.4375
6.01320468851171  -42.5  5.25
6.01627265008749  -42.5  4.4375
5.99786488063286  -42.5  5.25
2.83479649601267  -42  17.0625
6.01320468851171  -42.5  2
2.84093241916421  -42  17.0625
6.02240857323903  -42.5  1.1875
2.84706834231575  -42  8.9375
6.01320468851171  -42.5  2
6.00093284220863  -42.5  8.5
6.01934061166326  -42.5  -1.1875
6.02240857323903  -42.5  -5.25
2.84706834231575  -42  8.9375
6.0040008037844  -42.5  3.25
5.99479691905709  -42.5  7.6875
5.99479691905709  -42.5  8.5
5.96718526487514  -42.5  16.25
6.00706876536017  -42.5  1.1875
6.00093284220863  -42.5  8.5
2.84706834231575  -42  13
5.99479691905709  -42.5  7.6875
6.01013672693594  -42.5  3.25
2.83479649601267  -42  13
6.0040008037844  -42.5  4.4375
2.84093241916421  -42  8.9375
6.0040008037844  -42.5  2
5.99786488063286  -42.5  10.9375
6.00706876536017  -42.5  0
2.83479649601267  -42  8.9375
6.01627265008749  -42.5  -5.25
5.98866099590554  -42.5  9.75
5.99786488063286  -42.5  3.25
6.01320468851171  -42.5  2
2.83479649601267  -42  17.0625
2.83479649601267  -42  17.0625
2.83479649601267  -42.5  13
2.84093241916421  -42  0
6.0040008037844  -42.5  7.6875
2.84093241916421  -42  21.9375
2.85320426546729  -42  4.0625
6.00706876536017  -42.5  3.25
6.01013672693594  -42.5  2
