3.77972866135022  -39.5  17.0625
0.671883585093911  -39.5  -3.25
0.656543777215054  -39.5  3.25
0.659611738790826  -39.5  3.25
3.77972866135022  -39.5  26
0.681087469821225  -39.5  1.1875
0.665747661942368  -39.5  3.25
3.78586458450176  -39.5  21.9375
0.665747661942368  -39.5  1.1875
0.671883585093911  -39.5  1.1875
3.7920005076533  -39.5  13
0.665747661942368  -39.5  3.25
0.66881562351814  -39.5  -2
3.76745681504713  -39.5  30.0625
3.77972866135022  -39.5  21.9375
0.635068046184655  -39.5  11.75
3.77359273819868  -39.5  21.9375
3.77359273819868  -39.5  26
3.7920005076533  -39.5  17.0625
0.66881562351814  -39.5  0
0.674951546669682  -39.5  3.25
0.678019508245453  -39.5  1.1875
3.78586458450176  -39.5  26
3.77972866135022  -39.5  26
0.678019508245453  -39.5  0
3.78586458450176  -39.5  26
0.671883585093911  -39.5  4.4375
3.77972866135022  -39.5  26
0.665747661942368  -39.5  1.1875
3.76745681504713  -39.5  30.0625
3.77359273819868  -39.5  30.0625
3.77359273819868  -39.5  21.9375
0.656543777215054  -39.5  4.4375
3.77359273819868  -39.5  21.9375
3.76745681504713  -39.5  26
3.76745681504713  -39.5  34.9375
3.77359273819868  -39.5  30.0625
0.659611738790826  -39.5  4.4375
3.76745681504713  -39.5  30.0625
3.78586458450176  -39.5  13
0.650407854063512  -39.5  0
3.77359273819868  -39.5  26
0.656543777215054  -39.5  0
3.76132089189559  -39.5  30.0625
0.653475815639283  -39.5  1.1875
3.76132089189559  -39.5  30.0625
3.77359273819868  -39.5  21.9375
3.76745681504713  -39.5  21.9375
3.77972866135022  -39.5  21.9375
0.647339892487741  -39.5  5.25
3.76745681504713  -39.5  21.9375
3.76745681504713  -39.5  26
3.78586458450176  -39.5  8.9375
3.80427235395639  -39.5  17.0625
0.681087469821225  -39.5  2
3.77359273819868  -39.5  26
3.76132089189559  -39.5  43.125
3.77972866135022  -39.5  30.0625
0.638136007760427  -39.5  15
3.82268012341102  -40  0
3.7920005076533  -39.5  26
3.80427235395639  -39.5  13
0.674951546669682  -39.5  2
0.681087469821225  -39.5  1.1875
3.79813643080485  -40  17.0625
3.7920005076533  -39.5  21.9375
0.66881562351814  -39.5  2
3.77972866135022  -39.5  26
0.665747661942368  -39.5  0
3.77972866135022  -39.5  30.0625
3.78586458450176  -39.5  30.0625
3.78586458450176  -39.5  26
3.7920005076533  -39.5  13
3.77972866135022  -39.5  26
0.665747661942368  -39.5  3.25
0.656543777215054  -39.5  4.4375
3.76132089189559  -39.5  34.9375
3.78586458450176  -39.5  21.9375
0.671883585093911  -39.5  1.1875
3.7920005076533  -39.5  21.9375
0.665747661942368  -39.5  0
0.66881562351814  -39.5  0
0.671883585093911  -39.5  0
3.76745681504713  -39.5  30.0625
3.77972866135022  -39.5  17.0625
3.77359273819868  -39.5  26
0.644271930911969  -39.5  3.25
3.77359273819868  -39.5  13
0.656543777215054  -39.5  4.4375
0.656543777215054  -39.5  4.4375
3.77972866135022  -39.5  17.0625
3.76132089189559  -39.5  26
0.659611738790826  -39.5  2
3.78586458450176  -39.5  13
0.653475815639283  -39.5  3.25
0.653475815639283  -39.5  4.4375
3.76745681504713  -39.5  30.0625
0.656543777215054  -39.5  0
3.77359273819868  -39.5  30.0625
3.76132089189559  -39.5  30.0625
3.76132089189559  -39.5  34.9375
3.76745681504713  -39.5  34.9375
3.76745681504713  -39.5  30.0625
3.77359273819868  -39.5  34.9375
0.66881562351814  -39.5  -3.25
0.662679700366597  -39.5  3.25
3.77972866135022  -39.5  26
0.66881562351814  -39.5  2
3.77972866135022  -39.5  26
0.66881562351814  -39.5  -1.1875
3.76132089189559  -39.5  30.0625
0.662679700366597  -39.5  0
0.66881562351814  -39.5  2
0.662679700366597  -39.5  3.25
0.659611738790826  -39.5  2
3.77972866135022  -39.5  17.0625
0.662679700366597  -39.5  2
3.78586458450176  -39.5  17.0625
0.662679700366597  -39.5  2
3.78586458450176  -39.5  13
3.77972866135022  -39.5  17.0625
3.7920005076533  -39.5  8.9375
0.665747661942368  -39.5  0
0.656543777215054  -39.5  2
0.659611738790826  -39.5  1.1875
3.77359273819868  -39.5  30.0625
0.659611738790826  -39.5  0
3.76132089189559  -39.5  26
3.77359273819868  -39.5  21.9375
3.75518496874405  -39.5  34.9375
3.76745681504713  -39.5  21.9375
3.78586458450176  -39.5  17.0625
