0.0828349625458246  -39  7.6875
0.0889708856973672  -39  8.5
0.0889708856973672  -39  8.5
0.101242732000452  -39  0
3.2366994624387  -39  4.4375
0.0951068088489097  -39  11.75
0.141126232485479  -39  -21.9375
0.101242732000452  -39  8.5
0.141126232485479  -39  -17.0625
0.104310693576224  -39  7.6875
0.107378655151995  -39  6.5
3.25203927031756  -39  1.1875
0.104310693576224  -39  9.75
0.101242732000452  -39  7.6875
0.104310693576224  -39  7.6875
3.23976742401447  -39  6.5
0.113514578303537  -39  2
0.110446616727766  -39  5.25
0.107378655151995  -39  7.6875
3.22442761613562  -39  13
0.107378655151995  -39  6.5
0.122718463030851  -39  -4.0625
0.134990309333936  -39  -4.0625
0.104310693576224  -39  7.6875
0.110446616727766  -39  10.9375
0.0889708856973672  -39  9.75
0.0920388472731385  -39  7.6875
0.110446616727766  -39  -8.9375
3.22749557771139  -39  2
0.0889708856973672  -39  9.75
0.128854386182394  -39  -17.0625
0.0889708856973672  -39  9.75
0.122718463030851  -39  -21.9375
0.122718463030851  -39  -8.9375
0.0889708856973672  -39  5.25
0.116582539879309  -39  -8.9375
0.128854386182394  -39  -17.0625
0.116582539879309  -39  -8.9375
0.098174770424681  -39  1.1875
0.0797670009700533  -39  11.75
0.0951068088489097  -39  8.5
0.110446616727766  -39  -13
0.110446616727766  -39  -4.0625
0.0859029241215959  -39  13
0.128854386182394  -39  -8.9375
0.0889708856973672  -39  8.5
0.116582539879309  -39  -17.0625
0.0889708856973672  -39  9.75
3.25510723189333  -39  -2
0.0920388472731385  -39  10.9375
0.0859029241215959  -39  8.5
0.0889708856973672  -39  9.75
0.0889708856973672  -39  7.6875
0.0828349625458246  -39  11.75
0.0889708856973672  -39  6.5
0.098174770424681  -39  0
0.098174770424681  -39  0
0.0828349625458246  -39  11.75
0.122718463030851  -39  -13
3.24897130874179  -39  -3.25
0.104310693576224  -39  -4.0625
0.0828349625458246  -39  9.75
0.0859029241215959  -39  9.75
0.098174770424681  -39  0
0.110446616727766  -39  0
0.0797670009700533  -39  11.75
0.110446616727766  -39  -13
0.0859029241215959  -39  7.6875
0.110446616727766  -39  -8.9375
0.0889708856973672  -39  8.5
0.104310693576224  -39  -4.0625
3.21215576983253  -39  11.75
0.0797670009700533  -39  11.75
0.098174770424681  -39  0
0.116582539879309  -39  -13
0.0889708856973672  -39  1.1875
0.0889708856973672  -39  5.25
0.0797670009700533  -39  9.75
0.0889708856973672  -39  6.5
0.107378655151995  -39  -3.25
0.0859029241215959  -39  9.75
0.098174770424681  -39  0
0.0951068088489097  -39  5.25
0.122718463030851  -39  -17.0625
0.0859029241215959  -39  10.9375
0.104310693576224  -39  0
0.098174770424681  -39  -4.0625
3.23363150086293  -39  0
0.104310693576224  -39  -4.0625
0.098174770424681  -39  4.4375
0.098174770424681  -39  5.25
0.128854386182394  -39  -13
0.0951068088489097  -39  9.75
0.116582539879309  -39  -13
0.101242732000452  -39  8.5
0.110446616727766  -39  0
0.0828349625458246  -39  13
0.0920388472731385  -39  10.9375
0.110446616727766  -39  -4.0625
0.098174770424681  -39  8.5
0.110446616727766  -39  0
0.0920388472731385  -39  8.5
0.110446616727766  -39  -8.9375
0.0951068088489097  -39  10.9375
0.098174770424681  -39  7.6875
0.110446616727766  -39  -4.0625
0.0951068088489097  -39  7.6875
0.110446616727766  -39  0
0.0920388472731385  -39  9.75
0.0920388472731385  -39  7.6875
0.116582539879309  -39  -4.0625
0.134990309333936  -39  -13
0.0920388472731385  -39  9.75
0.0920388472731385  -39  10.9375
0.0920388472731385  -39  10.9375
0.116582539879309  -39  -13
3.22749557771139  -39  6.5
3.23056353928716  -39  4.4375
0.122718463030851  -39  -13
0.0859029241215959  -39  9.75
0.0951068088489097  -39  6.5
0.116582539879309  -39  -13
0.0951068088489097  -39  6.5
0.110446616727766  -39  -8.9375
0.116582539879309  -39  -8.9375
0.122718463030851  -39  -17.0625
0.0889708856973672  -39  11.75
0.110446616727766  -39  0
0.0859029241215959  -39  8.5
0.0920388472731385  -39  9.75
0.0920388472731385  -39  8.5
0.0951068088489097  -39  8.5
