6.15739888257296  -46  17.4375
6.16967072887605  -46  10.9375
6.18501053675491  -46  6.5
3.04955380631665  -46  4.0625
6.19421442148222  -46  3.25
6.18501053675491  -46  5.25
3.02501011371048  -46  21.9375
3.04955380631665  -46  8.9375
3.04955380631665  -46  4.0625
3.04955380631665  -46  0
3.04955380631665  -46  8.9375
3.04341788316511  -46  13
6.18194257517913  -46  9.75
6.17580665202759  -46  10.9375
6.17887461360336  -46  5.25
6.18807849833068  -46  -1.1875
6.17273869045182  -46  6.5
6.18807849833068  -46  -1.1875
6.16046684414874  -46  15
6.17580665202759  -46  6.5
6.17273869045182  -46  8.5
6.18194257517913  -46  -2
6.17580665202759  -46  3.25
3.01887419055894  -46  8.9375
6.18501053675491  -46  0
6.17580665202759  -46  4.4375
6.17273869045182  -46  7.6875
3.01887419055894  -46  21.9375
6.16046684414874  -46  11.75
6.18194257517913  -46  0
6.17580665202759  -46  0
6.18194257517913  -46  4.4375
6.16660276730028  -46  6.5
6.16046684414874  -46  9.75
6.17580665202759  -46  3.25
6.16660276730028  -46  7.6875
6.16660276730028  -46  8.5
6.16967072887605  -46  5.25
6.18501053675491  -46  0
6.16967072887605  -46  8.5
6.18501053675491  -46  -4.4375
6.16046684414874  -46  11.75
6.16967072887605  -46  6.5
6.17580665202759  -46  2
6.17273869045182  -46  6.5
6.19114645990645  -46  -4.4375
3.04955380631665  -46  -8.9375
6.16660276730028  -46  8.5
6.18194257517913  -46  2
6.16967072887605  -46  5.25
6.16660276730028  -46  8.5
6.17580665202759  -46  2
3.01887419055894  -46  30.0625
6.16660276730028  -46  6.5
6.16353480572451  -46  8.5
6.17887461360336  -46  0
6.16660276730028  -46  7.6875
3.03114603686203  -46  13
6.16660276730028  -46  7.6875
6.18807849833068  -46  -3.25
3.02501011371048  -46  8.9375
6.17580665202759  -46  2
6.19114645990645  -46  -6.5
6.18501053675491  -46  -2
6.15433092099719  -46  11.75
6.16967072887605  -46  8.5
6.16660276730028  -46  9.75
6.18501053675491  -46  0
6.17273869045182  -46  2
6.16967072887605  -46  4.4375
6.17580665202759  -46  3.25
6.14819499784565  -46  16.25
3.03114603686203  -46  0
6.16660276730028  -46  10.9375
6.16353480572451  -46  10.9375
6.18807849833068  -46  0
6.16046684414874  -46  10.9375
6.16046684414874  -46  10.9375
3.03114603686203  -46  8.9375
6.16353480572451  -46  9.75
6.17887461360336  -46  0
6.15433092099719  -46  13
3.02501011371048  -46  13
3.03114603686203  -46  4.0625
6.16967072887605  -46  6.5
6.16046684414874  -46  8.5
3.0127382674074  -46  21.9375
6.17273869045182  -46  5.25
6.17887461360336  -46  1.1875
6.17580665202759  -46  3.25
3.01887419055894  -46  13
3.00046642110431  -46  26
6.18194257517913  -46  -1.1875
6.16353480572451  -46  8.5
3.01887419055894  -46  13
6.16046684414874  -46  9.75
6.18194257517913  -46  -2
6.17580665202759  -46  0
3.01887419055894  -46  13
3.03728196001357  -46  0
6.18194257517913  -46  -4.4375
3.03114603686203  -46  4.0625
3.01887419055894  -46  8.9375
6.16046684414874  -46  6.5
3.02501011371048  -46  8.9375
6.16660276730028  -46  6.5
6.16967072887605  -46  4.4375
6.15739888257296  -46  10.9375
3.02501011371048  -46  13
6.16660276730028  -46  10.9375
3.01887419055894  -46  26
6.19114645990645  -46  -1.1875
6.18807849833068  -46  -5.25
6.16967072887605  -46  8.5
3.01887419055894  -46  17.0625
6.16967072887605  -46  3.25
3.04341788316511  -46  4.0625
6.16967072887605  -46  6.5
6.17273869045182  -46  9.75
3.04341788316511  -46  0
3.00967030583163  -46  16.25
3.0127382674074  -46  17.0625
6.19421442148222  -46  -6.5
3.04955380631665  -46  -4.0625
6.18807849833068  -46  1.1875
6.19114645990645  -46  -1.1875
6.18194257517913  -46  6.5
6.18501053675491  -46  7.6875
6.17887461360336  -46  10.9375
6.20035034463376  -46  -2
6.19421442148222  -46  3.25
6.19728238305799  -46  2
