6.23409792196725  -47  -4.0625
6.19728238305799  -46.5  16.25
6.19421442148222  -46.5  16.25
6.25250569142187  -47  -4.0625
6.19421442148222  -46.5  14.1875
6.2064862677853  -46.5  8.5
6.19421442148222  -46.5  17.4375
6.25250569142187  -46.5  -26
6.19114645990645  -46.5  15
6.19421442148222  -46.5  15
6.18194257517913  -46.5  15
6.18501053675491  -46.5  16.25
6.23409792196725  -47  -13
6.18194257517913  -46.5  17.4375
6.2279619988157  -46.5  -4.0625
6.18807849833068  -46.5  15
6.21569015251262  -47  4.0625
6.22182607566416  -47  -17.0625
6.23409792196725  -46.5  -8.9375
6.19728238305799  -46.5  10.9375
6.20955422936108  -47  8.9375
6.19728238305799  -46.5  13
6.19728238305799  -46.5  10.9375
6.17887461360336  -46.5  17.4375
6.19114645990645  -46.5  13
6.18194257517913  -46.5  19.5
6.18194257517913  -46.5  17.4375
6.18807849833068  -46.5  16.25
6.18501053675491  -46.5  17.4375
6.17580665202759  -46.5  19.5
6.2279619988157  -46.5  -13
6.18194257517913  -46.5  15
6.18501053675491  -46.5  13
6.19114645990645  -46.5  16.25
6.18807849833068  -46.5  13
3.06796157577128  -46.5  0
6.18807849833068  -46.5  13
6.18807849833068  -46.5  16.25
6.22182607566416  -47  -4.0625
6.21875811408839  -46.5  -1.1875
6.18194257517913  -46.5  10.9375
6.18501053675491  -46.5  15
6.23409792196725  -46.5  -21.9375
6.23409792196725  -46.5  -17.0625
6.18501053675491  -46.5  15
6.19421442148222  -46.5  13
6.20341830620953  -46.5  4.0625
6.19421442148222  -46.5  14.1875
6.18807849833068  -46.5  14.1875
6.18194257517913  -46.5  15
6.19728238305799  -46.5  13
6.2279619988157  -47  -13
6.18194257517913  -46.5  16.25
6.21262219093685  -46.5  1.1875
6.18194257517913  -46.5  13
6.18807849833068  -46.5  15
6.19114645990645  -46.5  15
6.18807849833068  -46.5  15
6.18807849833068  -46.5  17.4375
6.17887461360336  -46.5  17.4375
6.19421442148222  -46.5  13
3.07409749892282  -46.5  2
6.18501053675491  -46.5  15
6.23409792196725  -46.5  -13
6.18194257517913  -46.5  18.25
6.18807849833068  -46.5  14.1875
6.18807849833068  -46.5  14.1875
6.19421442148222  -46.5  14.1875
6.19114645990645  -46.5  17.4375
6.18807849833068  -46.5  13
6.21569015251262  -47  -8.9375
6.18501053675491  -46.5  18.25
6.18501053675491  -46.5  15
6.24023384511879  -46.5  -21.9375
6.21569015251262  -46.5  0
6.19114645990645  -46.5  15
6.18194257517913  -46.5  17.4375
6.22182607566416  -47  -8.9375
6.18807849833068  -46.5  15
6.21569015251262  -46.5  4.0625
6.17580665202759  -46.5  16.25
6.18501053675491  -46.5  11.75
6.17580665202759  -46.5  18.25
6.18501053675491  -46.5  17.4375
6.18194257517913  -46.5  15
6.17887461360336  -46.5  14.1875
6.18807849833068  -46.5  15
6.18501053675491  -46.5  14.1875
6.17887461360336  -46.5  16.25
6.24023384511879  -46.5  -17.0625
6.18807849833068  -46.5  11.75
6.18194257517913  -46.5  16.25
6.18501053675491  -46.5  14.1875
6.18501053675491  -46.5  11.75
6.19421442148222  -46.5  10.9375
6.17580665202759  -46.5  16.25
6.18501053675491  -46.5  17.4375
6.2279619988157  -46.5  -4.0625
6.21569015251262  -46.5  8.9375
6.18501053675491  -46.5  16.25
6.19114645990645  -46.5  10.9375
6.20955422936108  -46.5  0
6.18501053675491  -46.5  17.4375
6.19114645990645  -46.5  14.1875
6.18807849833068  -46.5  14.1875
6.19421442148222  -46.5  8.5
6.19114645990645  -46.5  15
6.19421442148222  -46.5  13
6.18501053675491  -46.5  13
6.24023384511879  -46.5  -13
6.20955422936108  -46.5  5.25
6.17887461360336  -46.5  15
6.18807849833068  -46.5  13
6.20341830620953  -46.5  8.5
6.19421442148222  -46.5  16.25
6.19728238305799  -46.5  16.25
6.20955422936108  -46.5  11.75
6.20341830620953  -46.5  17.4375
6.20341830620953  -46.5  19.5
6.22182607566416  -46.5  17.4375
6.22182607566416  -46.5  15
0  -47  -21.9375
6.21875811408839  -46.5  19.5
6.22182607566416  -46.5  16.25
6.21569015251262  -46.5  17.4375
6.21875811408839  -46.5  16.25
6.21875811408839  -46.5  16.25
6.21262219093685  -46.5  16.25
6.21875811408839  -46.5  13
6.20341830620953  -46.5  16.25
6.20341830620953  -46.5  11.75
6.25864161457342  -46.5  -30.0625
