0.748582624488193  -43  0
0.730174855033565  -43  14.1875
0.760854470791278  -43  -8.9375
0.773126317094363  -43  -1.1875
3.8993791628053  -43  5.25
0.739378739760879  -43  14.1875
0.797670009700533  -43  -34.9375
3.90858304753261  -43  3.25
0.751650586063964  -43  7.6875
0.74244670133665  -43  15
3.91471897068416  -43  2
3.90858304753261  -43  3.25
0.751650586063964  -43  11.75
0.748582624488193  -43  15
0.760854470791278  -43  -4.0625
3.91471897068416  -43  0
3.91165100910839  -43  4.4375
0.760854470791278  -43.5  -13
3.90551508595684  -43  6.5
3.91165100910839  -43  1.1875
0.757786509215507  -43  9.75
3.90551508595684  -43  3.25
3.90551508595684  -43  5.25
0.757786509215507  -43  5.25
0.74244670133665  -43  15
0.74244670133665  -43  14.1875
0.720970970306251  -43  17.4375
0.720970970306251  -43  16.25
0.736310778185108  -43  6.5
3.89324323965376  -43  1.1875
3.88710731650221  -43  5.25
0.720970970306251  -43  13
3.88403935492644  -43  3.25
0.74244670133665  -43  -13
0.745514662912422  -43  1.1875
0.711767085578938  -43  17.4375
3.88403935492644  -43  2
0.748582624488193  -43  2
0.748582624488193  -43  -8.9375
0.714835047154709  -43  16.25
0.724038931882023  -43  14.1875
0.720970970306251  -43  16.25
0.724038931882023  -43  9.75
0.730174855033565  -43  4.0625
0.711767085578938  -43  17.4375
3.88710731650221  -43  5.25
0.711767085578938  -43  19.5
0.714835047154709  -43  17.4375
0.754718547639735  -43  -21.9375
0.714835047154709  -43  18.25
0.724038931882023  -43  14.1875
0.71790300873048  -43  14.1875
0.714835047154709  -43  13
0.745514662912422  -43  1.1875
0.74244670133665  -43  -8.9375
3.89017527807799  -43  3.25
0.74244670133665  -43  -17.0625
0.730174855033565  -43  5.25
0.745514662912422  -43  5.25
0.748582624488193  -43  -8.9375
0.711767085578938  -43  16.25
3.89017527807799  -43  -1.1875
3.88403935492644  -43  4.4375
0.748582624488193  -43  -8.9375
0.724038931882023  -43  10.9375
0.724038931882023  -43  14.1875
0.766990393942821  -43  -30.0625
0.74244670133665  -43  0
0.71790300873048  -43  16.25
0.724038931882023  -43  15
3.89324323965376  -43  -2
0.751650586063964  -43  1.1875
0.720970970306251  -43  17.4375
0.724038931882023  -43  17.4375
0.748582624488193  -43  -4.0625
3.88710731650221  -43  6.5
0.71790300873048  -43  18.25
0.754718547639735  -43.5  -17.0625
0.745514662912422  -43  6.5
3.89324323965376  -43  1.1875
0.705631162427395  -43  22.75
0.754718547639735  -43  -17.0625
3.89324323965376  -43  2
3.88710731650221  -43  0
3.89631120122953  -43  1.1875
0.727106893457794  -43  11.75
3.89324323965376  -43  2
0.71790300873048  -43  19.5
3.88710731650221  -43  7.6875
0.748582624488193  -43.5  -8.9375
0.727106893457794  -43  9.75
0.733242816609336  -43  10.9375
3.88710731650221  -43  2
3.88403935492644  -43  1.1875
0.766990393942821  -43  -26
3.88710731650221  -43  2
3.89324323965376  -43  1.1875
0.748582624488193  -43  -8.9375
0.730174855033565  -43  14.1875
0.754718547639735  -43  -17.0625
0.730174855033565  -43  11.75
0.727106893457794  -43  9.75
0.74244670133665  -43  -8.9375
0.745514662912422  -43  3.25
0.736310778185108  -43  7.6875
3.88403935492644  -43  4.4375
3.88710731650221  -43  5.25
0.74244670133665  -43  -4.0625
0.733242816609336  -43  6.5
0.754718547639735  -43  -13
0.71790300873048  -43  17.4375
0.724038931882023  -43  14.1875
3.88097139335067  -43  4.4375
0.748582624488193  -43  -13
0.71790300873048  -43  15
0.748582624488193  -43  -17.0625
0.71790300873048  -43  16.25
0.730174855033565  -43  11.75
0.720970970306251  -43  16.25
3.89017527807799  -43  1.1875
0.760854470791278  -43  -8.9375
3.89324323965376  -43  -1.1875
0.74244670133665  -43  -4.0625
3.89324323965376  -43  2
3.88097139335067  -43  6.5
0.736310778185108  -43.5  -13
0.730174855033565  -43  13
3.88403935492644  -43  4.4375
0.71790300873048  -43  18.25
3.89017527807799  -43  3.25
3.88403935492644  -43  4.4375
3.88710731650221  -43  2
