0.512349583153804  -41  11.75
3.68155389092554  -41  -2
0.521553467881118  -41  11.75
3.69382573722862  -41  -4.4375
3.6968936988044  -41  -1.1875
3.6968936988044  -41  -3.25
0.539961237335746  -41  9.75
3.69382573722862  -41  1.1875
0.536893275759974  -41  8.5
0.546097160487288  -41  3.25
0.54916512206306  -41  8.5
0.543029198911517  -41  10.9375
3.69075777565285  -41  1.1875
0.539961237335746  -41  6.5
0.527689391032661  -41  11.75
0.527689391032661  -41  8.9375
0.512349583153804  -41  9.75
0.533825314184203  -41  0
3.66621408304668  -41  -2
0.518485506305347  -41  2
0.509281621578033  -41  5.25
0.497009775274948  -41  17.4375
3.66007815989514  -41  0
3.66314612147091  -41  -3.25
0.50314569842649  -41  9.75
0.500077736850719  -41  6.5
0.50314569842649  -41  2
0.497009775274948  -41  9.75
0.497009775274948  -41  9.75
3.64780631359205  -41  0
0.497009775274948  -41  0
0.500077736850719  -41  6.5
0.487805890547634  -41  11.75
0.50314569842649  -41  -4.0625
0.509281621578033  -41  -1.1875
0.490873852123405  -41  9.75
0.497009775274948  -40.5  4.0625
0.500077736850719  -41  6.5
0.493941813699176  -41  9.75
3.66007815989514  -41  -4.4375
0.493941813699176  -41  7.6875
0.490873852123405  -41  7.6875
0.490873852123405  -41  10.9375
3.64473835201628  -41  -2
0.497009775274948  -40.5  0
0.490873852123405  -41  11.75
0.497009775274948  -40.5  4.0625
3.64780631359205  -41  -2
0.487805890547634  -41  11.75
0.484737928971863  -41  11.75
0.487805890547634  -41  8.5
0.490873852123405  -41  8.5
0.484737928971863  -40.5  13
0.521553467881118  -41  -13
0.50314569842649  -41  -1.1875
3.6539422367436  -41  -4.4375
0.497009775274948  -41  -8.9375
0.487805890547634  -41  14.1875
0.497009775274948  -40.5  -4.0625
3.64167039044051  -41  -2
0.484737928971863  -41  8.5
0.475534044244549  -41  13
3.64473835201628  -41  -2
0.475534044244549  -41  13
3.62939854413743  -41  0
0.481669967396091  -41  5.25
3.64167039044051  -41  -1.1875
0.484737928971863  -41  9.75
3.61712669783434  -41  7.6875
3.64167039044051  -41  -1.1875
0.497009775274948  -40.5  -4.0625
3.61712669783434  -41  5.25
0.481669967396091  -41  14.1875
0.481669967396091  -41  7.6875
0.490873852123405  -41  0
0.484737928971863  -41  9.75
3.64780631359205  -41  -2
0.47860200582032  -41  10.9375
0.481669967396091  -41  11.75
0.487805890547634  -41  8.5
0.47860200582032  -41  15
0.484737928971863  -41  9.75
3.64473835201628  -41  -2
3.62326262098588  -41  5.25
3.62019465941011  -41  6.5
0.47860200582032  -41  10.9375
0.487805890547634  -41  10.9375
0.490873852123405  -40.5  8.9375
0.50314569842649  -40.5  0
0.50314569842649  -40.5  -4.0625
3.6324665057132  -41  5.25
3.65087427516783  -41  -4.4375
0.487805890547634  -41  9.75
0.484737928971863  -41  11.75
0.487805890547634  -41  9.75
0.497009775274948  -40.5  4.0625
3.6324665057132  -41  1.1875
0.497009775274948  -40.5  0
0.484737928971863  -41  9.75
3.64780631359205  -41  -1.1875
0.490873852123405  -41  1.1875
0.481669967396091  -41  13
0.490873852123405  -41  7.6875
0.490873852123405  -40.5  0
3.64780631359205  -41  -3.25
0.50314569842649  -40.5  -8.9375
0.493941813699176  -41  6.5
0.50314569842649  -41  -13
0.481669967396091  -41  8.5
0.487805890547634  -41  9.75
0.481669967396091  -41  10.9375
0.50314569842649  -40.5  4.0625
3.64473835201628  -41  -1.1875
3.64473835201628  -41  -1.1875
3.60485485153126  -41  15
3.64780631359205  -41  0
3.64780631359205  -41  -2
3.64167039044051  -41  0
0.497009775274948  -41  5.25
3.66007815989514  -41  -1.1875
0.509281621578033  -41  6.5
0.512349583153804  -41  10.9375
0.521553467881118  -41  5.25
3.66928204462245  -41  1.1875
0.527689391032661  -41  8.5
0.536893275759974  -41  3.25
0.533825314184203  -41  13
0.533825314184203  -41  10.9375
3.69382573722862  -41  0
3.68155389092554  -41  2
0.527689391032661  -41  11.75
0.536893275759974  -41  7.6875
