6.24636976827033  -39.5  14.1875
6.25864161457342  -39.5  18.25
6.2709134608765  -39.5  13
6.2709134608765  -39.5  15
0.0245436926061703  -39.5  -13
6.27704938402804  -39.5  13
0.0184077694546277  -40  -17.0625
6.25250569142187  -39.5  15
6.27704938402804  -39.5  -4.0625
6.25250569142187  -39.5  13
6.2494377298461  -39.5  10.9375
6.25557365299764  -39.5  13
6.24330180669456  -39.5  14.1875
6.2494377298461  -39.5  15
6.2494377298461  -39.5  22.75
0.00613592315154256  -39.5  -17.0625
6.25864161457342  -39.5  13
6.27704938402804  -40  -8.9375
6.25250569142187  -39.5  13
6.2494377298461  -39.5  15
6.24023384511879  -39.5  15
6.25250569142187  -39.5  11.75
6.25250569142187  -39.5  13
6.25864161457342  -39.5  15
6.25557365299764  -39.5  15
6.25557365299764  -39.5  14.1875
6.2709134608765  -39.5  0
6.25250569142187  -39.5  13
6.26477753772496  -40  0
6.25864161457342  -39.5  10.9375
6.27704938402804  -40  -8.9375
6.25250569142187  -39.5  13
6.26170957614919  -39.5  11.75
6.25250569142187  -39.5  14.1875
6.27704938402804  -39.5  -4.0625
6.25864161457342  -39.5  15
6.2494377298461  -39.5  14.1875
6.2494377298461  -39.5  11.75
6.25557365299764  -39.5  14.1875
6.25864161457342  -39.5  13
6.25557365299764  -39.5  19.5
6.28011734560381  -39.5  -3.25
6.2709134608765  -40  0
6.25864161457342  -39.5  13
6.25557365299764  -39.5  13
6.24023384511879  -39.5  17.4375
6.2494377298461  -39.5  18.25
6.25250569142187  -39.5  14.1875
6.25250569142187  -39.5  14.1875
0  -40  -13
6.25250569142187  -39.5  14.1875
0.00306796157577128  -39.5  3.25
6.27704938402804  -40  -4.0625
6.25250569142187  -39.5  13
6.26477753772496  -39.5  14.1875
6.24330180669456  -39.5  13
6.25250569142187  -39.5  11.75
6.25557365299764  -39.5  11.75
6.25864161457342  -39.5  15
6.25864161457342  -39.5  11.75
6.26477753772496  -39.5  13
6.26170957614919  -39.5  14.1875
6.24636976827033  -39.5  15
6.24636976827033  -39.5  14.1875
3.14466061516556  -39.5  -4.4375
6.25557365299764  -39.5  10.9375
6.24636976827033  -39.5  14.1875
6.25864161457342  -39.5  13
6.24636976827033  -39.5  14.1875
6.25557365299764  -39.5  15
6.24330180669456  -39.5  16.25
6.2494377298461  -39.5  11.75
6.2494377298461  -39.5  15
6.25250569142187  -39.5  10.9375
6.26477753772496  -39.5  1.1875
6.25864161457342  -40  4.0625
6.2494377298461  -39.5  15
6.26477753772496  -40  -4.0625
6.24636976827033  -39.5  13
6.24636976827033  -39.5  18.25
6.24636976827033  -39.5  11.75
6.25250569142187  -39.5  4.0625
6.24636976827033  -39.5  13
6.2709134608765  -39.5  -4.0625
6.24636976827033  -39.5  17.4375
6.2494377298461  -39.5  10.9375
6.24636976827033  -39.5  19.5
6.25864161457342  -40  -4.0625
6.2494377298461  -39.5  16.25
6.24330180669456  -39.5  13
6.25250569142187  -39.5  13
6.25557365299764  -39.5  10.9375
6.25864161457342  -39.5  13
6.27704938402804  -39.5  -1.1875
6.25864161457342  -39.5  11.75
6.25864161457342  -39.5  11.75
6.2494377298461  -39.5  14.1875
6.2494377298461  -39.5  14.1875
6.25250569142187  -39.5  11.75
6.26784549930073  -39.5  3.25
6.25250569142187  -39.5  11.75
6.25864161457342  -39.5  11.75
6.24330180669456  -39.5  15
6.26170957614919  -39.5  13
6.25864161457342  -39.5  10.9375
6.25864161457342  -39.5  14.1875
6.25250569142187  -39.5  11.75
6.2494377298461  -39.5  15
6.2494377298461  -39.5  10.9375
6.24023384511879  -39.5  14.1875
6.24330180669456  -39.5  16.25
6.25250569142187  -39.5  15
6.2494377298461  -39.5  13
6.25250569142187  -39.5  14.1875
6.2494377298461  -39.5  11.75
6.25250569142187  -39.5  8.9375
6.25557365299764  -39.5  13
6.25250569142187  -39.5  13
6.24636976827033  -39.5  16.25
6.24636976827033  -39.5  10.9375
6.26784549930073  -39.5  0
6.24636976827033  -39.5  11.75
6.25557365299764  -39.5  10.9375
6.2494377298461  -39.5  16.25
6.24330180669456  -39.5  14.1875
6.25557365299764  -39.5  10.9375
6.2494377298461  -39.5  14.1875
6.25864161457342  -39.5  11.75
6.24636976827033  -39.5  16.25
6.25557365299764  -39.5  11.75
0.00613592315154256  -39.5  -17.0625
6.25250569142187  -39.5  10.9375
