4.42706855383796  -45  7.6875
4.43627243856527  -45  9.75
1.30695163127857  -45  5.25
1.27013609236931  -45  8.9375
4.4546802080199  -45  2
1.30388366970279  -45  7.6875
4.44547632329259  -45  6.5
1.28854386182394  -45  8.9375
1.30081570812702  -45  9.75
1.27627201552085  -45  4.0625
4.45161224644413  -45  5.25
4.44854428486836  -45  3.25
4.44547632329259  -45  7.6875
4.43627243856527  -45.5  6.5
1.28547590024817  -45.5  10.9375
4.43934040014105  -45.5  3.25
4.44240836171682  -45.5  1.1875
4.44854428486836  -45  0
4.4332044769895  -45.5  8.5
1.29161182339971  -45  8.5
1.29161182339971  -45  10.9375
4.44547632329259  -45  1.1875
4.4332044769895  -45.5  6.5
4.4332044769895  -45  6.5
1.28854386182394  -45  7.6875
1.26400016921777  -45  4.0625
4.43013651541373  -45  8.5
4.42706855383796  -45  8.5
4.44854428486836  -45  1.1875
4.44547632329259  -45  4.4375
4.42400059226219  -45  13
1.2824079386724  -45  -8.9375
4.43934040014105  -45  2
4.4332044769895  -45  7.6875
1.27013609236931  -45  17.0625
1.29161182339971  -45  10.9375
4.4332044769895  -45.5  9.75
1.29774774655125  -45  8.5
1.29467978497548  -45  9.75
1.29774774655125  -45  8.5
4.43627243856527  -45.5  7.6875
1.28854386182394  -45  0
4.44240836171682  -45  6.5
1.29161182339971  -45  10.9375
4.4332044769895  -45  8.5
4.44240836171682  -45  4.4375
1.28854386182394  -45  0
4.44240836171682  -45  6.5
1.28854386182394  -45  10.9375
1.29161182339971  -45  13
1.29774774655125  -45  10.9375
4.43627243856527  -45  5.25
4.43627243856527  -45  6.5
4.43627243856527  -45  7.6875
4.43934040014105  -45  4.4375
4.42706855383796  -45  9.75
4.44854428486836  -45  -3.25
1.29161182339971  -45  8.5
4.4332044769895  -45  7.6875
4.43627243856527  -45  4.4375
1.28854386182394  -45  6.5
1.29467978497548  -45  9.75
1.28547590024817  -45  10.9375
4.44547632329259  -45  1.1875
4.42706855383796  -45  10.9375
4.45161224644413  -45  0
1.25786424606623  -45  26
4.42706855383796  -45  8.5
4.43934040014105  -45  4.4375
1.2824079386724  -45  -13
1.29161182339971  -45  8.5
4.4332044769895  -45  1.1875
4.43013651541373  -45  4.4375
4.43013651541373  -45  4.4375
4.42400059226219  -45  4.4375
1.28547590024817  -45  8.5
1.25786424606623  -45  4.0625
4.42400059226219  -45.5  2
4.42400059226219  -45.5  10.9375
4.42093263068642  -45.5  1.1875
1.27320405394508  -45  8.5
1.27933997709662  -45  2
4.39945689965602  -45.5  14.1875
4.42706855383796  -45.5  6.5
1.27933997709662  -45.5  7.6875
1.260932207642  -45.5  13
4.41479670753488  -45.5  6.5
4.41786466911065  -45.5  8.5
1.27933997709662  -45  4.4375
1.24559239976314  -45  8.9375
4.38718505335293  -45.5  24.8125
4.41786466911065  -45.5  6.5
4.41479670753488  -45.5  10.9375
1.2824079386724  -45  8.5
4.41786466911065  -45  5.25
4.40866078438333  -45  10.9375
4.4117287459591  -45.5  5.25
4.42400059226219  -45  4.4375
4.42400059226219  -45.5  1.1875
4.42400059226219  -45.5  1.1875
4.41786466911065  -45.5  4.4375
1.24559239976314  -45  13
4.42093263068642  -45.5  6.5
4.4117287459591  -45.5  8.5
4.41786466911065  -45.5  3.25
4.42706855383796  -45  0
4.42400059226219  -45  3.25
1.27320405394508  -45  7.6875
1.27320405394508  -45  8.5
4.42093263068642  -45.5  6.5
1.25172832291468  -45  -8.9375
4.42093263068642  -45.5  6.5
4.40866078438333  -45.5  8.5
4.4332044769895  -45  -2
1.25786424606623  -45  -4.0625
1.26400016921777  -45  13
4.42093263068642  -45.5  10.9375
4.42706855383796  -45.5  1.1875
4.41479670753488  -45  6.5
4.42706855383796  -45  1.1875
1.25786424606623  -45  -4.0625
4.42093263068642  -45.5  3.25
4.41479670753488  -45.5  4.4375
4.42093263068642  -45.5  2
1.2394564766116  -45  8.9375
4.41786466911065  -45  3.25
4.42400059226219  -45  3.25
4.41786466911065  -45  8.5
4.42093263068642  -45  3.25
1.2824079386724  -45  11.75
4.43013651541373  -45  0
1.29161182339971  -45  1.1875
