6.14819499784565  -46.5  8.5
6.16967072887605  -46.5  7.6875
6.19114645990645  -46.5  1.1875
3.0556897294682  -46.5  0
6.16967072887605  -46.5  7.6875
2.97592272849814  -46.5  52.0625
6.14512703626988  -46.5  5.25
6.13285518996679  -47  8.5
6.14819499784565  -47  14.1875
6.20035034463376  -47  -3.25
6.16046684414874  -47  6.5
6.21262219093685  -47  -3.25
6.19421442148222  -46.5  2
6.2064862677853  -46.5  6.5
6.19728238305799  -46.5  6.5
3.04341788316511  -46.5  17.0625
6.17273869045182  -46.5  11.75
3.03728196001357  -46.5  13
6.17273869045182  -46.5  2
3.0556897294682  -47  -4.0625
3.04955380631665  -47  8.9375
6.18501053675491  -46.5  4.4375
6.17887461360336  -46.5  1.1875
6.16046684414874  -46.5  13
6.15739888257296  -46.5  6.5
3.02501011371048  -46.5  0
6.16353480572451  -46.5  7.6875
3.0127382674074  -46.5  34.9375
6.16660276730028  -46.5  5.25
6.17580665202759  -46.5  2
6.17580665202759  -46.5  1.1875
6.15739888257296  -46.5  6.5
3.02501011371048  -46.5  1.1875
6.14819499784565  -46.5  11.75
3.0127382674074  -46.5  5.25
3.02501011371048  -47  4.0625
6.17887461360336  -46.5  -4.4375
3.02501011371048  -47  -4.0625
6.15739888257296  -46.5  5.25
6.14819499784565  -46.5  8.5
6.14512703626988  -46.5  9.75
6.15739888257296  -46.5  5.25
6.14205907469411  -46.5  8.5
6.14819499784565  -46.5  6.5
6.15126295942142  -46.5  7.6875
6.14512703626988  -46.5  7.6875
6.13592315154256  -46.5  11.75
6.14512703626988  -46.5  9.75
6.15126295942142  -46.5  3.25
6.14205907469411  -46.5  9.75
6.12671926681525  -46.5  14.1875
6.16046684414874  -46.5  -2
6.14819499784565  -46.5  2
6.14512703626988  -46.5  6.5
6.13285518996679  -46.5  11.75
6.10524353578485  -46.5  16.25
2.98205865164969  -46.5  13
6.13285518996679  -46.5  4.4375
6.14512703626988  -46.5  1.1875
6.15433092099719  -46.5  -1.1875
2.96365088219506  -46.5  21.9375
2.98205865164969  -46.5  8.9375
2.98205865164969  -46.5  0
6.11137945893639  -46.5  16.25
2.97592272849814  -46.5  17.0625
6.12365130523948  -46.5  11.75
6.12671926681525  -46.5  9.75
6.13899111311834  -46.5  1.1875
2.98205865164969  -46.5  21.9375
6.12058334366371  -46.5  13
6.13592315154256  -46.5  1.1875
2.98819457480123  -46.5  8.9375
6.12671926681525  -46.5  9.75
2.98205865164969  -46.5  17.0625
6.13899111311834  -46.5  4.4375
6.12058334366371  -46.5  8.5
6.13899111311834  -46.5  2
6.13592315154256  -46.5  4.4375
2.96365088219506  -46.5  21.9375
6.12058334366371  -46.5  7.6875
3.01887419055894  -46.5  0
6.11137945893639  -46.5  17.4375
6.13285518996679  -46.5  5.25
6.14819499784565  -46.5  0
2.95751495904352  -46.5  39
6.12671926681525  -46.5  8.5
6.13899111311834  -46.5  5.25
6.13592315154256  -46.5  4.4375
2.9697868053466  -46.5  17.0625
6.09603965105754  -46.5  20.75
6.12978722839102  -46.5  7.6875
6.11751538208794  -46.5  16.25
2.9697868053466  -46.5  17.0625
6.12978722839102  -46.5  8.5
3.00046642110431  -47  0
6.13285518996679  -46.5  6.5
6.12365130523948  -46.5  9.75
6.14819499784565  -46.5  -3.25
6.12671926681525  -46.5  8.5
6.13285518996679  -46.5  5.25
2.98205865164969  -46.5  13
6.13285518996679  -46.5  7.6875
2.9697868053466  -46.5  21.9375
6.12978722839102  -46.5  6.5
6.12671926681525  -46.5  7.6875
6.12365130523948  -46.5  11.75
6.11137945893639  -46.5  10.9375
6.12365130523948  -46.5  8.5
2.97592272849814  -46.5  4.0625
6.11751538208794  -46.5  11.75
2.98205865164969  -46.5  17.0625
6.14205907469411  -46.5  -1.1875
6.13899111311834  -46.5  2
6.12671926681525  -46.5  7.6875
2.95751495904352  -46.5  30.0625
6.13592315154256  -46.5  2
2.95137903589197  -46.5  39
6.11444742051217  -46.5  9.75
6.13592315154256  -46.5  3.25
2.97592272849814  -46.5  17.0625
6.14205907469411  -46.5  0
2.99433049795277  -46.5  8.9375
6.14205907469411  -46.5  0
2.98205865164969  -46.5  8.9375
6.13285518996679  -46.5  5.25
2.98205865164969  -46.5  13
6.13285518996679  -46.5  3.25
6.09603965105754  -46.5  21.5625
6.13592315154256  -46.5  3.25
2.95137903589197  -47  30.0625
6.12978722839102  -46.5  6.5
6.11751538208794  -46.5  11.75
