2.81945668813381  -41.5  5.25
2.85013630389152  -41.5  1.1875
5.97025322645092  -41.5  19.5
5.98559303432977  -41.5  18.25
5.982525072754  -41.5  15
6.00093284220863  -41.5  4.4375
5.98559303432977  -41.5  13
2.88388388122501  -41.5  -4.4375
5.99172895748131  -41.5  14.1875
5.98866099590554  -41.5  11.75
5.98559303432977  -41.5  17.4375
6.01320468851171  -41  -13
6.00093284220863  -41.5  4.4375
2.85627222704306  -41.5  2
5.98866099590554  -41.5  17.4375
5.97945711117823  -41.5  15
2.85627222704306  -41.5  8.5
6.0254765348148  -41  -21.9375
5.982525072754  -41.5  16.25
5.99172895748131  -41.5  13
5.98559303432977  -41.5  17.4375
5.98559303432977  -41.5  17.4375
5.982525072754  -41.5  24
6.04388430426943  -41  -17.0625
5.98559303432977  -41.5  15
5.99172895748131  -41.5  11.75
2.84706834231575  -41.5  9.75
5.98559303432977  -41.5  17.4375
2.88388388122501  -41.5  -3.25
5.98866099590554  -41.5  14.1875
6.00093284220863  -41  0
5.99786488063286  -41.5  13
5.98559303432977  -41.5  17.4375
5.98866099590554  -41.5  14.1875
5.99786488063286  -41.5  15
6.0254765348148  -41  -13
5.99479691905709  -41.5  20.75
2.89001980437655  -41.5  -4.4375
5.98559303432977  -41.5  15
2.88081591964923  -41.5  -3.25
2.82866057286112  -41.5  5.25
2.85934018861884  -41.5  -1.1875
5.97332118802669  -41.5  13
5.97025322645092  -41.5  24
2.86854407334615  -41.5  -8.5
5.97025322645092  -41.5  17.4375
2.84706834231575  -41.5  2
2.85934018861884  -41.5  -4.4375
6.00706876536017  -41  -17.0625
5.9610493417236  -41.5  14.1875
5.97332118802669  -41.5  17.4375
5.97332118802669  -41.5  13
5.95798138014783  -41.5  18.25
5.9610493417236  -41.5  16.25
5.96411730329937  -41.5  19.5
5.97025322645092  -41.5  15
5.97638914960246  -41.5  11.75
5.97332118802669  -41.5  16.25
5.9610493417236  -41.5  15
5.982525072754  -41  -8.9375
5.9610493417236  -41.5  21.5625
5.96718526487514  -41.5  16.25
5.96718526487514  -41.5  13
5.97638914960246  -41.5  15
6.00706876536017  -41  -8.9375
5.97025322645092  -41.5  15
5.99479691905709  -41  -17.0625
5.97025322645092  -41.5  13
6.00706876536017  -41  -13
2.85934018861884  -41.5  0
5.982525072754  -41  -13
5.97025322645092  -41.5  10.9375
5.97638914960246  -41.5  16.25
2.85013630389152  -41.5  3.25
5.96718526487514  -41.5  14.1875
5.97025322645092  -41.5  14.1875
5.98866099590554  -41  -13
5.9610493417236  -41.5  14.1875
5.97332118802669  -41.5  14.1875
2.85320426546729  -41.5  -4.4375
5.9610493417236  -41.5  17.4375
5.97025322645092  -41.5  14.1875
6.00706876536017  -41  -17.0625
5.96411730329937  -41.5  16.25
5.97025322645092  -41  19.5
5.96718526487514  -41.5  17.4375
5.98866099590554  -41  4.0625
2.85627222704306  -41.5  -4.4375
5.98559303432977  -41  2
5.96411730329937  -41.5  15
5.99479691905709  -41  -21.9375
6.01320468851171  -41  -30.0625
5.95798138014783  -41.5  18.25
2.84400038073998  -41.5  4.4375
5.97025322645092  -41.5  15
5.96718526487514  -41.5  14.1875
6.00706876536017  -41  -21.9375
5.982525072754  -41.5  3.25
5.95798138014783  -41  16.25
5.9610493417236  -41.5  20.75
5.97025322645092  -41  0
5.96411730329937  -41  13
6.00093284220863  -41  -8.9375
2.82252464970958  -41.5  6.5
5.98559303432977  -41.5  -1.1875
5.95491341857206  -41.5  20.75
5.982525072754  -41.5  0
2.85320426546729  -41.5  -5.25
5.99786488063286  -41.5  -2
5.9610493417236  -41.5  14.1875
5.9610493417236  -41.5  14.1875
5.97638914960246  -41.5  4.4375
5.97025322645092  -41.5  13
5.9610493417236  -41.5  20.75
5.96718526487514  -41.5  16.25
2.84093241916421  -41.5  -1.1875
5.95798138014783  -41.5  14.1875
2.85627222704306  -41.5  -8.5
5.95491341857206  -41.5  18.25
5.96411730329937  -41.5  18.25
5.95798138014783  -41.5  14.1875
5.97025322645092  -41.5  16.25
5.96718526487514  -41.5  15
5.96411730329937  -41  15
5.97332118802669  -41.5  13
5.97025322645092  -41.5  17.4375
5.9610493417236  -41.5  14.1875
5.98866099590554  -41.5  0
5.95184545699629  -41  16.25
5.97025322645092  -41.5  10.9375
5.97025322645092  -41.5  14.1875
5.9610493417236  -41.5  16.25
