4.40559282280756  -47.5  -13
4.39332097650448  -47.5  -4.0625
1.25786424606623  -47.5  1.1875
4.43013651541373  -47  -21.9375
4.37798116862562  -47.5  9.75
1.25172832291468  -47.5  7.6875
1.24866036133891  -47.5  4.4375
1.2394564766116  -47.5  5.25
1.25479628449045  -47.5  -1.1875
1.24866036133891  -47.5  0
1.25172832291468  -47.5  1.1875
1.25479628449045  -47.5  -1.1875
1.25479628449045  -47.5  -1.1875
1.24866036133891  -47.5  1.1875
1.25172832291468  -47.5  3.25
1.25479628449045  -47.5  0
1.24559239976314  -47.5  4.4375
1.25479628449045  -47.5  1.1875
1.24559239976314  -47.5  3.25
4.38718505335293  -47.5  7.6875
1.2394564766116  -47.5  3.25
1.24559239976314  -47.5  2
4.37798116862562  -47.5  9.75
1.24559239976314  -47.5  0
1.24559239976314  -47.5  1.1875
1.22718463030851  -47.5  6.5
1.2394564766116  -47.5  1.1875
1.2394564766116  -47.5  3.25
1.24252443818737  -47.5  3.25
1.23332055346006  -47.5  4.4375
1.2394564766116  -47.5  2
1.21184482242966  -47.5  11.75
1.24559239976314  -47.5  -2
4.37491320704985  -47.5  4.0625
1.23638851503583  -47.5  1.1875
1.22411666873274  -47.5  10.9375
1.24559239976314  -47.5  2
1.23332055346006  -47.5  4.4375
1.21491278400543  -47.5  14.1875
1.24559239976314  -47.5  -2
1.23332055346006  -47.5  4.4375
1.22411666873274  -47.5  7.6875
4.35036951444368  -47.5  16.25
4.4117287459591  -47  -34.9375
1.20570889927811  -47.5  18.25
4.35650543759522  -47.5  11.75
1.20570889927811  -47.5  17.4375
1.23638851503583  -47.5  4.4375
4.38718505335293  -47  -13
1.2394564766116  -47.5  2
1.22718463030851  -47.5  7.6875
1.23638851503583  -47.5  -1.1875
1.22104870715697  -47.5  11.75
1.24252443818737  -47.5  0
1.2394564766116  -47.5  4.4375
1.2394564766116  -47.5  4.4375
1.22411666873274  -47.5  14.1875
1.24252443818737  -47.5  0
1.24559239976314  -47.5  0
4.38104913020139  -47  0
1.24559239976314  -47.5  -1.1875
1.23638851503583  -47.5  4.4375
4.36264136074676  -47  8.9375
4.39945689965602  -47  -4.0625
1.24559239976314  -47.5  2
1.24252443818737  -47.5  6.5
1.24866036133891  -47.5  2
1.22104870715697  -47.5  13
1.24252443818737  -47.5  2
4.38104913020139  -47  8.9375
1.24559239976314  -47.5  3.25
1.24866036133891  -47.5  3.25
4.40559282280756  -47  -30.0625
1.24252443818737  -47.5  7.6875
4.39332097650448  -47  4.0625
1.24252443818737  -47.5  3.25
4.42400059226219  -47  -34.9375
1.24559239976314  -47.5  2
1.2394564766116  -47.5  3.25
4.36877728389831  -47.5  14.1875
1.2394564766116  -47.5  7.6875
1.24559239976314  -47.5  7.6875
1.23332055346006  -47.5  7.6875
4.39332097650448  -47  -13
1.23025259188428  -47.5  15
4.37184524547408  -47.5  8.5
1.24559239976314  -47.5  2
4.42400059226219  -47  -21.9375
1.23332055346006  -47.5  6.5
4.4117287459591  -47.5  -26
1.24252443818737  -47.5  2
4.39945689965602  -47  -21.9375
1.24252443818737  -47.5  5.25
1.2394564766116  -47.5  4.4375
1.23332055346006  -47.5  7.6875
4.40559282280756  -47  -21.9375
1.23332055346006  -47.5  10.9375
4.40559282280756  -47  -13
1.24866036133891  -47.5  3.25
1.24559239976314  -47.5  3.25
1.25172832291468  -47.5  -2
4.37184524547408  -47.5  7.6875
1.25172832291468  -47.5  1.1875
1.23638851503583  -47.5  9.75
1.24559239976314  -47.5  -2
1.22411666873274  -47.5  1.1875
1.1965050145508  -47.5  9.75
1.18730112982349  -47.5  10.9375
1.19957297612657  -47.5  8.5
1.23025259188428  -47.5  1.1875
1.24866036133891  -47.5  -2
1.25172832291468  -47.5  7.6875
4.38718505335293  -47.5  0
1.24559239976314  -47.5  6.5
4.39332097650448  -47  8.9375
4.39332097650448  -47.5  4.0625
1.25479628449045  -47.5  1.1875
4.37798116862562  -47.5  11.75
1.23638851503583  -47.5  16.25
1.27320405394508  -47.5  4.4375
4.36877728389831  -47.5  17.0625
1.26706813079354  -47.5  2
1.260932207642  -47.5  6.5
1.27013609236931  -47.5  0
1.27627201552085  -47.5  -1.1875
1.24559239976314  -47.5  19.5
4.41786466911065  -47  -4.0625
4.39945689965602  -47  0
1.27320405394508  -47.5  5.25
1.27013609236931  -47.5  3.25
1.27933997709662  -47.5  -1.1875
1.26400016921777  -47.5  5.25
