0.156466040364335  -43  14.1875
0.174873809818963  -43  10.9375
0.162601963515878  -43  17.4375
0.184077694546277  -43  9.75
0.174873809818963  -43  14.1875
0.208621387152447  -43  4.0625
0.171805848243192  -43  15
0.21475731030399  -43  -13
0.171805848243192  -43  14.1875
0.184077694546277  -43  14.1875
0.187145656122048  -43  10.9375
3.33794219443916  -43  4.4375
0.171805848243192  -43  14.1875
0.168737886667421  -43  15
0.187145656122048  -43  11.75
0.181009732970506  -43  14.1875
0.171805848243192  -43  16.25
0.21475731030399  -43  -13
0.181009732970506  -43  15
0.190213617697819  -43  9.75
0.187145656122048  -43  14.1875
0.227029156607075  -43  -17.0625
0.181009732970506  -43  14.1875
0.21475731030399  -43  -4.0625
0.196349540849362  -43  6.5
0.202485464000905  -43  4.0625
0.184077694546277  -43  10.9375
3.33180627128761  -43  8.5
0.156466040364335  -43  14.1875
0.162601963515878  -43  13
0.190213617697819  -43  0
0.174873809818963  -43  9.75
0.156466040364335  -43  16.25
0.168737886667421  -43  15
0.165669925091649  -43  14.1875
3.31339850183298  -43  1.1875
3.32873830971184  -43  -1.1875
0.174873809818963  -43  11.75
0.168737886667421  -43  13
0.21475731030399  -43  -17.0625
0.168737886667421  -43  9.75
3.30726257868144  -43  2
0.162601963515878  -43  11.75
0.202485464000905  -43  -13
0.156466040364335  -43  13
0.190213617697819  -43  -4.0625
0.141126232485479  -43  16.25
3.31033054025721  -43  5.25
0.159534001940107  -43  14.1875
0.177941771394734  -43  13
0.174873809818963  -43  15
0.159534001940107  -43  14.1875
0.165669925091649  -43  17.4375
0.171805848243192  -43  13
0.168737886667421  -43  16.25
0.168737886667421  -43  15
3.34101015601493  -43  -2
0.220893233455532  -43  -17.0625
3.34714607916647  -43  -5.25
0.205553425576676  -43  -5.25
3.33487423286338  -43  0
0.184077694546277  -43  13
0.220893233455532  -43  -17.0625
3.35328200231801  -43  -4.4375
0.220893233455532  -43  -17.0625
3.33180627128761  -43.5  -1.1875
0.171805848243192  -43.5  10.9375
0.174873809818963  -43  10.9375
0.171805848243192  -43  13
0.162601963515878  -43  11.75
0.177941771394734  -43  4.0625
0.165669925091649  -43  9.75
0.162601963515878  -43  10.9375
0.165669925091649  -43  13
0.159534001940107  -43  14.1875
0.156466040364335  -43  16.25
0.150330117212793  -43  13
0.168737886667421  -43  13
0.168737886667421  -43  13
0.165669925091649  -43  11.75
0.162601963515878  -43  14.1875
0.171805848243192  -43  10.9375
3.30726257868144  -43  2
0.168737886667421  -43  11.75
3.32567034813607  -43  -2
0.162601963515878  -43  9.75
0.150330117212793  -43  14.1875
0.156466040364335  -43  15
3.32567034813607  -43  -3.25
0.184077694546277  -43  0
0.162601963515878  -43  15
0.190213617697819  -43  -3.25
3.3226023865603  -43  4.4375
0.159534001940107  -43  13
3.33487423286338  -43  -7.6875
0.165669925091649  -43  11.75
0.159534001940107  -43  14.1875
0.168737886667421  -43  13
0.162601963515878  -43  13
0.153398078788564  -43  13
0.168737886667421  -43  11.75
0.196349540849362  -43  -6.5
0.156466040364335  -43  13
0.153398078788564  -43  18.25
0.184077694546277  -43  2
0.196349540849362  -43  -3.25
0.181009732970506  -43  6.5
0.168737886667421  -43  14.1875
0.171805848243192  -43  13
0.181009732970506  -43  6.5
0.196349540849362  -43  0
0.162601963515878  -43  15
0.177941771394734  -43  6.5
0.196349540849362  -43  0
0.159534001940107  -43  18.25
3.34101015601493  -43  0
0.184077694546277  -43  13
0.202485464000905  -43  0
0.220893233455532  -43  -17.0625
0.184077694546277  -43  13
0.21475731030399  -43  -4.0625
0.193281579273591  -43  3.25
0.165669925091649  -43  15
0.177941771394734  -43  8.5
0.171805848243192  -43  11.75
0.165669925091649  -43  14.1875
0.162601963515878  -43  14.1875
0.174873809818963  -43  13
0.196349540849362  -43  0
0.168737886667421  -43  14.1875
0.181009732970506  -43  13
0.174873809818963  -43  11.75
