0.331339850183298  -37.5  0
0.349747619637926  -37.5  0
0.33440781175907  -38  10.9375
0.355883542789469  -38  -8.9375
3.48520435007618  -38  3.25
0.343611696486384  -38  8.5
0.349747619637926  -37.5  8.9375
3.50974804268235  -38  -2
0.346679658062155  -38  6.5
0.349747619637926  -38  7.6875
3.51281600425812  -38  -4.4375
0.349747619637926  -38  4.0625
0.362019465941011  -37.5  4.0625
0.362019465941011  -37.5  -4.0625
0.343611696486384  -38  8.5
0.362019465941011  -37.5  0
0.337475773334841  -38  6.5
0.343611696486384  -37.5  13
0.337475773334841  -38  8.5
3.47906842692463  -38  -3.25
0.331339850183298  -37.5  -8.9375
0.337475773334841  -37.5  -8.9375
0.325203927031756  -38  7.6875
0.316000042304442  -38  11.75
0.325203927031756  -37.5  -4.0625
0.325203927031756  -38  0
3.46066065747001  -38  5.25
0.319068003880213  -38  8.5
0.325203927031756  -38  9.75
0.325203927031756  -38  7.6875
0.33440781175907  -38  0
0.319068003880213  -38  9.75
0.325203927031756  -38  2
0.322135965455985  -38  7.6875
0.331339850183298  -38  -4.0625
3.46066065747001  -38  1.1875
0.337475773334841  -37.5  0
0.328271888607527  -38  14.1875
0.337475773334841  -37.5  0
0.340543734910612  -38  6.5
0.362019465941011  -37.5  -17.0625
3.47600046534886  -38  3.25
0.340543734910612  -38  6.5
0.337475773334841  -38  4.0625
3.49134027322772  -38  -4.4375
0.349747619637926  -37.5  -4.0625
0.355883542789469  -37.5  -8.9375
0.33440781175907  -38  9.75
0.343611696486384  -38  4.4375
3.49747619637926  -38  -1.1875
0.355883542789469  -37.5  0
0.33440781175907  -38  10.9375
3.48213638850041  -38  3.25
0.349747619637926  -37.5  0
0.355883542789469  -37.5  -4.0625
0.349747619637926  -37.5  0
3.5036121195308  -38  -5.25
0.368155389092554  -37.5  -8.9375
0.33440781175907  -38  11.75
0.340543734910612  -38  7.6875
0.362019465941011  -38  -4.0625
3.47293250377309  -38  5.25
0.343611696486384  -37.5  4.0625
0.343611696486384  -38  -4.0625
0.349747619637926  -37.5  4.0625
0.352815581213697  -38  0
0.337475773334841  -38  10.9375
3.47293250377309  -38  7.6875
0.355883542789469  -38  -2
0.349747619637926  -38  -4.0625
0.362019465941011  -37.5  -17.0625
0.337475773334841  -38  8.5
0.337475773334841  -38  4.0625
0.331339850183298  -38  7.6875
0.337475773334841  -38  3.25
0.331339850183298  -38  1.1875
0.355883542789469  -37.5  -17.0625
0.328271888607527  -38  8.5
0.331339850183298  -38  6.5
0.325203927031756  -38  8.5
0.331339850183298  -38  7.6875
0.319068003880213  -37.5  4.0625
0.322135965455985  -38  9.75
0.337475773334841  -37.5  -8.9375
0.340543734910612  -38  -3.25
0.343611696486384  -37.5  -4.0625
0.325203927031756  -38  11.75
0.349747619637926  -37.5  -8.9375
0.325203927031756  -38  8.5
0.319068003880213  -38  8.5
0.328271888607527  -38  0
3.49134027322772  -38  -4.4375
0.331339850183298  -38  4.0625
3.48827231165195  -38  -3.25
0.355883542789469  -37.5  -8.9375
0.331339850183298  -38  6.5
3.49134027322772  -38  -2
0.328271888607527  -38  6.5
3.49440823480349  -38  -4.4375
3.48827231165195  -38  -1.1875
0.331339850183298  -38  6.5
0.325203927031756  -37.5  8.9375
0.362019465941011  -37.5  -21.9375
0.362019465941011  -37.5  -13
0.337475773334841  -37.5  -4.0625
3.47600046534886  -38  2
3.48213638850041  -38  1.1875
0.322135965455985  -38  8.5
0.337475773334841  -37.5  0
3.47293250377309  -38  3.25
0.331339850183298  -37.5  13
0.328271888607527  -38  8.5
0.337475773334841  -37.5  0
0.325203927031756  -38  13
0.343611696486384  -37.5  -8.9375
0.319068003880213  -37.5  8.9375
0.331339850183298  -38  0
0.343611696486384  -37.5  -4.0625
0.337475773334841  -38  -8.9375
0.337475773334841  -37.5  -8.9375
0.343611696486384  -37.5  -4.0625
0.331339850183298  -37.5  4.0625
0.319068003880213  -38  15
3.48213638850041  -38  -2
3.46066065747001  -38  5.25
3.47906842692463  -38  -2
3.46372861904578  -38  3.25
0.325203927031756  -37.5  0
3.47906842692463  -38  -3.25
0.325203927031756  -37.5  4.0625
3.47600046534886  -38  0
3.48520435007618  -38  -1.1875
