1.28547590024817  -40  2
1.31615551600588  -40.5  1.1875
4.4117287459591  -40  4.0625
1.29161182339971  -40  -2
1.27627201552085  -40  5.25
4.42400059226219  -40  -4.0625
1.29774774655125  -40.5  0
1.29467978497548  -40  -3.25
4.39945689965602  -40  17.0625
4.42400059226219  -40  -8.9375
4.4117287459591  -40  -4.0625
1.29467978497548  -40.5  -3.25
4.41786466911065  -40  -4.0625
1.28854386182394  -40  0
4.39945689965602  -40  13
1.29467978497548  -40  -4.4375
4.42400059226219  -40  4.0625
4.41786466911065  -40  -4.0625
4.41786466911065  -40  -8.9375
1.29161182339971  -40  -3.25
1.28547590024817  -40  2
1.28547590024817  -40  -1.1875
1.25479628449045  -40  15
4.4117287459591  -40  -4.0625
4.42093263068642  -40  10.9375
1.29774774655125  -40  -4.4375
4.43627243856527  -40  -4.0625
1.28854386182394  -40  -1.1875
4.42400059226219  -40  4.0625
1.27933997709662  -40  2
4.41786466911065  -40  -4.0625
1.29774774655125  -40  -2
4.42400059226219  -40  4.0625
1.29161182339971  -40  -2
1.28547590024817  -40.5  0
1.2824079386724  -40  5.25
4.42093263068642  -40  8.5
1.29467978497548  -40  -1.1875
1.28854386182394  -40  -2
1.29774774655125  -40.5  -4.4375
4.41786466911065  -40  0
1.29774774655125  -40  -1.1875
1.29774774655125  -40.5  -4.4375
1.28854386182394  -40  1.1875
4.4117287459591  -40  4.0625
4.4117287459591  -40  -4.0625
1.29161182339971  -40  1.1875
1.29161182339971  -40  1.1875
4.4117287459591  -40  4.0625
1.29161182339971  -40  -3.25
4.42400059226219  -40  -13
4.4117287459591  -40  -8.9375
1.29161182339971  -40  -2
4.40559282280756  -40  17.0625
1.26400016921777  -40  5.25
4.4117287459591  -40  4.0625
4.40559282280756  -40  4.0625
1.29161182339971  -40  -2
1.27933997709662  -40  1.1875
4.41786466911065  -40  -8.9375
4.41786466911065  -40  4.0625
1.2824079386724  -40  -2
1.29161182339971  -40  -4.4375
4.40866078438333  -40  11.75
1.2824079386724  -40  -1.1875
1.2824079386724  -40  -2
4.39332097650448  -40  8.9375
4.4117287459591  -40  7.6875
1.2824079386724  -40.5  0
1.28854386182394  -40  -1.1875
1.28854386182394  -40  -3.25
4.41786466911065  -40  4.0625
1.28854386182394  -40  -3.25
4.4117287459591  -40  0
4.40559282280756  -40  -4.0625
4.39945689965602  -40  13
1.25786424606623  -40  10.9375
4.40559282280756  -40  -8.9375
4.4117287459591  -40  -13
4.39638893808025  -40  15
1.27933997709662  -40  0
4.41786466911065  -40  0
4.42400059226219  -40  -4.0625
1.27933997709662  -40  1.1875
1.27933997709662  -40  0
1.27627201552085  -40  2
4.40559282280756  -40  -8.9375
1.27627201552085  -40  1.1875
4.4117287459591  -40  -8.9375
1.28547590024817  -40  -5.25
4.4117287459591  -40  4.0625
1.27627201552085  -40  1.1875
4.38104913020139  -40  13
1.26400016921777  -40  6.5
4.4117287459591  -40  8.9375
1.27627201552085  -40  1.1875
4.40559282280756  -40  13
1.27013609236931  -40  -1.1875
1.29467978497548  -40  -5.25
1.28547590024817  -40  -3.25
1.27933997709662  -40  0
1.28547590024817  -40  0
4.39945689965602  -40  -4.0625
1.260932207642  -40  6.5
4.4117287459591  -40  0
1.26400016921777  -40  5.25
4.39332097650448  -40  21.9375
4.40559282280756  -40  13
1.26400016921777  -40  1.1875
4.38718505335293  -39.5  17.0625
4.39332097650448  -39.5  8.9375
4.4117287459591  -39.5  -4.0625
4.38718505335293  -40  0
1.27320405394508  -40  1.1875
4.4117287459591  -39.5  4.0625
4.40559282280756  -40  -13
1.25786424606623  -40  4.4375
4.39332097650448  -40  4.0625
1.25479628449045  -40  6.5
4.39945689965602  -40  -8.9375
4.39945689965602  -39.5  8.9375
1.27013609236931  -40  0
4.39945689965602  -40  -4.0625
1.26706813079354  -40  2
1.26400016921777  -40  4.4375
4.40252486123179  -40  9.75
4.39332097650448  -39.5  17.0625
1.25172832291468  -40  6.5
4.40559282280756  -40  -8.9375
4.38718505335293  -40  0
4.39332097650448  -40  -8.9375
1.27933997709662  -40  -1.1875
