3.05262176789243  -46.5  2
6.16660276730028  -46.5  13
6.17887461360336  -46.5  14.1875
6.22182607566416  -47  -13
6.19728238305799  -46.5  0
6.17580665202759  -46.5  16.25
6.17887461360336  -46.5  11.75
6.22182607566416  -46.5  -17.0625
6.17273869045182  -46.5  18.25
6.19114645990645  -47  13
6.16660276730028  -46.5  18.25
6.20341830620953  -46.5  0
6.17887461360336  -46.5  14.1875
6.17887461360336  -46.5  15
6.18501053675491  -46.5  11.75
6.16967072887605  -46.5  13
6.17580665202759  -46.5  16.25
6.16967072887605  -46.5  17.4375
6.16967072887605  -46.5  19.5
6.16967072887605  -46.5  17.4375
6.17580665202759  -46.5  15
6.20341830620953  -47  -8.9375
6.17580665202759  -46.5  15
6.18194257517913  -46.5  17.4375
6.18807849833068  -46.5  17.4375
6.20035034463376  -47  10.9375
6.20035034463376  -47  6.5
3.05262176789243  -47  8.5
6.16967072887605  -47  14.1875
6.16967072887605  -47  18.25
6.21875811408839  -47  16.25
6.20955422936108  -47  15
6.15433092099719  -47  13
6.17887461360336  -47  0
6.12671926681525  -47  19.5
6.13592315154256  -47  21.9375
6.18194257517913  -46.5  11.75
6.18194257517913  -46.5  15
6.20035034463376  -46.5  17.4375
6.19421442148222  -46.5  17.4375
6.21875811408839  -46.5  4.4375
6.19114645990645  -46.5  16.25
6.18501053675491  -46.5  16.25
6.19421442148222  -47  17.4375
6.18807849833068  -47  17.4375
6.23409792196725  -47  -4.0625
6.19114645990645  -46.5  18.25
6.20341830620953  -47  4.0625
6.21569015251262  -47  -13
6.20341830620953  -46.5  13
6.20955422936108  -46.5  16.25
6.18501053675491  -46.5  14.1875
6.17887461360336  -47  9.75
6.19728238305799  -47  8.9375
6.21875811408839  -47  -2
6.2279619988157  -47  4.0625
6.22489403723993  -47  15
6.21569015251262  -47  16.25
6.17273869045182  -46.5  18.25
6.16967072887605  -46.5  11.75
6.17887461360336  -47  0
6.14205907469411  -46.5  16.25
6.14819499784565  -46.5  15
6.15126295942142  -46.5  10.9375
6.13592315154256  -47  19.5
6.14819499784565  -47  16.25
6.16046684414874  -47  0
6.13899111311834  -46.5  14.1875
6.13592315154256  -47  13
6.15739888257296  -46.5  11.75
6.15433092099719  -46.5  16.25
6.16660276730028  -46.5  15
6.20955422936108  -47  -13
6.19114645990645  -47  2
6.15433092099719  -47  18.25
6.19114645990645  -47  8.9375
6.17887461360336  -46.5  15
6.22182607566416  -47  4.0625
6.19421442148222  -46.5  14.1875
6.17273869045182  -47  17.4375
6.20035034463376  -46.5  15
6.19728238305799  -46.5  19.5
6.18501053675491  -46.5  17.4375
6.21569015251262  -47  -4.0625
6.18501053675491  -47  8.9375
6.19114645990645  -47  0
6.17273869045182  -46.5  13
3.05875769104397  -46.5  -1.1875
6.20955422936108  -47  -17.0625
6.18807849833068  -46.5  13
6.18194257517913  -46.5  14.1875
6.22182607566416  -46.5  -13
6.22182607566416  -47  -13
6.19114645990645  -46.5  17.4375
6.20955422936108  -47  13
6.21569015251262  -47  8.9375
6.24023384511879  -47  -8.9375
6.2064862677853  -46.5  16.25
6.20341830620953  -47  14.1875
6.19421442148222  -46.5  19.5
6.19421442148222  -47  17.4375
6.21262219093685  -46.5  9.75
6.19728238305799  -46.5  17.4375
6.20955422936108  -47  13
6.18501053675491  -46.5  16.25
6.20341830620953  -47  -4.0625
6.2064862677853  -47  4.4375
6.24023384511879  -47  -13
6.19728238305799  -47  17.4375
6.21262219093685  -46.5  13
6.21875811408839  -46.5  18.25
6.24330180669456  -47  4.4375
6.23409792196725  -47  13
6.21569015251262  -46.5  20.75
6.23409792196725  -47  2
6.20955422936108  -47  19.5
6.2064862677853  -47  18.25
6.21875811408839  -47  13
6.24636976827033  -47  -1.1875
6.23409792196725  -47  8.5
6.22182607566416  -47  17.0625
6.23716588354302  -47  8.5
6.21875811408839  -47  13
6.22182607566416  -47  10.9375
6.22489403723993  -47  10.9375
6.19421442148222  -47  17.4375
6.18194257517913  -47  19.5
6.16660276730028  -47  16.25
6.16660276730028  -47  15
6.16353480572451  -47  14.1875
6.20341830620953  -47  -17.0625
6.15739888257296  -47  18.25
