6.21262219093685  -41.5  -4.4375
6.2279619988157  -42  -17.0625
6.18807849833068  -41.5  11.75
6.17273869045182  -41.5  15
6.17273869045182  -41.5  16.25
6.16046684414874  -41.5  11.75
6.16660276730028  -41.5  10.9375
6.21569015251262  -42  -26
6.20341830620953  -41.5  4.4375
6.18194257517913  -41.5  15
6.17887461360336  -41.5  17.4375
6.24023384511879  -42  -26
6.19114645990645  -41.5  24.8125
6.22182607566416  -41.5  -17.0625
6.18501053675491  -41.5  13
6.16967072887605  -41.5  16.25
6.22182607566416  -42  -17.0625
6.17887461360336  -41.5  11.75
6.21569015251262  -41.5  -8.9375
6.20341830620953  -42  -4.0625
6.16046684414874  -41.5  13
6.19114645990645  -41.5  -8.9375
6.16660276730028  -41.5  14.1875
6.19421442148222  -41.5  13
6.24636976827033  -41.5  -21.9375
3.09557322995322  -41.5  -2
6.25250569142187  -42  -8.9375
6.2709134608765  -42  -26
6.22182607566416  -41.5  10.9375
6.24023384511879  -42  0
6.22182607566416  -41.5  8.5
6.2064862677853  -41.5  13
6.2279619988157  -42  0
6.20035034463376  -41.5  15
6.20035034463376  -41.5  11.75
6.17887461360336  -41.5  17.4375
6.22182607566416  -41.5  -4.0625
6.18194257517913  -41.5  16.25
6.17887461360336  -41.5  18.25
6.19114645990645  -41.5  11.75
3.06796157577128  -41.5  -3.25
6.17580665202759  -41.5  13
6.19728238305799  -41.5  0
6.16660276730028  -41.5  14.1875
6.15739888257296  -41.5  17.4375
6.17887461360336  -42  -13
6.20341830620953  -42  -26
6.20341830620953  -42  8.9375
6.23409792196725  -42  -13
6.2279619988157  -42  -13
6.20955422936108  -42  4.4375
6.21569015251262  -42  -13
6.18501053675491  -41.5  9.75
6.16967072887605  -41.5  13
6.19728238305799  -42  -13
6.17273869045182  -41.5  16.25
6.16353480572451  -41.5  14.1875
6.20955422936108  -41.5  -26
6.15126295942142  -41.5  16.25
6.15126295942142  -41.5  18.25
6.17887461360336  -41.5  11.75
6.24023384511879  -41.5  -34.9375
6.18194257517913  -41.5  11.75
6.20955422936108  -41.5  -5.25
6.20955422936108  -42  -8.9375
3.0556897294682  -41.5  -1.1875
6.20035034463376  -41.5  -5.25
6.21569015251262  -42  -8.9375
6.16353480572451  -41.5  15
6.15739888257296  -41.5  15
6.17273869045182  -41.5  0
6.15126295942142  -41.5  16.25
6.19114645990645  -41.5  -21.9375
6.19728238305799  -42  -26
6.19728238305799  -41.5  -13
6.16046684414874  -41.5  13
6.19728238305799  -41.5  -8.9375
6.15433092099719  -41.5  14.1875
6.14819499784565  -41.5  13
6.19728238305799  -41.5  -21.9375
6.15739888257296  -42  10.9375
6.16046684414874  -42  8.9375
6.17273869045182  -41.5  -8.9375
6.16353480572451  -42  10.9375
6.17887461360336  -42  -13
6.19114645990645  -42  -8.9375
6.16353480572451  -42  11.75
6.19114645990645  -42  0
6.16660276730028  -42  13
6.16967072887605  -42  8.5
6.17887461360336  -42  -8.9375
6.19114645990645  -42  -4.0625
6.16967072887605  -41.5  6.5
6.16046684414874  -41.5  13
6.16353480572451  -41.5  10.9375
6.18501053675491  -42  -17.0625
6.16660276730028  -41.5  7.6875
6.17273869045182  -42  7.6875
6.20341830620953  -42  -17.0625
6.15739888257296  -42  11.75
6.15433092099719  -41.5  15
6.16046684414874  -42  9.75
6.17887461360336  -42  -17.0625
6.14819499784565  -41.5  14.1875
6.13285518996679  -41.5  15
6.17887461360336  -41.5  -26
6.13285518996679  -41.5  15
6.18501053675491  -41.5  -26
6.13285518996679  -41.5  15
6.16046684414874  -41.5  -2
6.18501053675491  -41.5  -21.9375
3.01580622898317  -41.5  1.1875
6.16046684414874  -42  -8.9375
6.13592315154256  -41.5  13
6.12978722839102  -41.5  14.1875
6.16660276730028  -41.5  -17.0625
6.15433092099719  -42  8.5
6.17273869045182  -42  -17.0625
3.01887419055894  -42  4.4375
6.15739888257296  -41.5  7.6875
6.17887461360336  -41.5  -8.9375
6.15126295942142  -41.5  13
3.04955380631665  -41.5  -5.25
6.15433092099719  -41.5  15
6.16660276730028  -41.5  14.1875
6.16967072887605  -41.5  14.1875
6.18501053675491  -42  13
6.21569015251262  -41.5  -4.0625
6.17580665202759  -42  10.9375
6.19421442148222  -42  5.25
6.18501053675491  -42  10.9375
6.20955422936108  -42  -8.9375
