3.2796509244995  -39  9.75
0.190213617697819  -39  -8.9375
0.202485464000905  -38.5  -4.0625
0.187145656122048  -39  10.9375
0.184077694546277  -39  9.75
3.35021404074224  -39  -3.25
0.208621387152447  -38.5  0
0.181009732970506  -39  10.9375
3.3440781175907  -39  -3.25
0.150330117212793  -39  9.75
0.147262155637022  -39  10.9375
0.165669925091649  -38.5  -4.0625
0.134990309333936  -39  14.1875
0.138058270909708  -39  13
0.138058270909708  -39  14.1875
0.171805848243192  -39  -8.9375
0.141126232485479  -39  15
3.3011266555299  -39  2
3.3011266555299  -39  7.6875
0.184077694546277  -39  -17.0625
0.14419419406125  -39  10.9375
0.165669925091649  -38.5  -8.9375
0.171805848243192  -38.5  -4.0625
0.159534001940107  -39  9.75
0.184077694546277  -38.5  0
0.171805848243192  -39  9.75
0.202485464000905  -39  -8.9375
0.193281579273591  -39  7.6875
0.21475731030399  -39  0
0.199417502425133  -39  8.5
0.220893233455532  -39  -8.9375
0.211689348728218  -39  0
0.21475731030399  -38.5  0
3.33487423286338  -39  6.5
0.21475731030399  -39  -4.0625
3.31953442498453  -39  13
0.21475731030399  -38.5  0
0.208621387152447  -39  4.0625
0.208621387152447  -39  -4.0625
0.190213617697819  -39  11.75
0.21475731030399  -38.5  -8.9375
0.187145656122048  -39  9.75
0.193281579273591  -39  1.1875
0.193281579273591  -39  6.5
0.196349540849362  -38.5  4.0625
0.187145656122048  -39  8.5
0.190213617697819  -39  9.75
0.190213617697819  -39  8.5
0.196349540849362  -39  8.5
0.196349540849362  -39  9.75
0.220893233455532  -39  -8.9375
3.32567034813607  -39  13
0.208621387152447  -39  0
0.193281579273591  -39  8.5
0.202485464000905  -39  3.25
0.208621387152447  -38.5  0
0.202485464000905  -39  6.5
0.21475731030399  -39  0
0.202485464000905  -39  5.25
0.208621387152447  -38.5  0
0.193281579273591  -39  7.6875
3.35021404074224  -39  0
0.196349540849362  -39  7.6875
0.190213617697819  -39  13
0.21475731030399  -38.5  -4.0625
0.184077694546277  -39  8.5
0.177941771394734  -39  10.9375
0.184077694546277  -39  6.5
0.190213617697819  -39  -4.0625
0.181009732970506  -39  6.5
0.171805848243192  -39  8.5
0.174873809818963  -39  8.5
0.162601963515878  -39  8.5
0.177941771394734  -38.5  4.0625
0.156466040364335  -39  8.5
0.159534001940107  -39  9.75
0.184077694546277  -39  -13
3.32567034813607  -39  -3.25
0.165669925091649  -39  5.25
0.153398078788564  -39  9.75
0.162601963515878  -39  8.5
3.30419461710567  -39  4.4375
0.156466040364335  -39  9.75
0.156466040364335  -39  7.6875
0.159534001940107  -39  9.75
0.156466040364335  -39  8.5
3.32873830971184  -39  -4.4375
0.165669925091649  -39  8.9375
0.202485464000905  -38.5  -21.9375
0.159534001940107  -39  9.75
0.150330117212793  -39  11.75
0.177941771394734  -39  -4.0625
0.177941771394734  -39  -8.9375
0.190213617697819  -38.5  -13
0.177941771394734  -39  0
0.162601963515878  -39  8.5
0.150330117212793  -39  10.9375
0.147262155637022  -39  11.75
0.184077694546277  -38.5  -4.0625
0.159534001940107  -39  8.5
0.196349540849362  -38.5  -4.0625
0.162601963515878  -39  9.75
0.162601963515878  -39  9.75
0.171805848243192  -38.5  -4.0625
0.153398078788564  -39  9.75
0.190213617697819  -38.5  -8.9375
0.156466040364335  -39  10.9375
0.153398078788564  -39  10.9375
0.177941771394734  -38.5  -8.9375
0.138058270909708  -39  14.1875
0.177941771394734  -38.5  -8.9375
0.147262155637022  -39  10.9375
0.190213617697819  -38.5  -17.0625
0.150330117212793  -39  13
0.138058270909708  -39  14.1875
0.159534001940107  -39  5.25
0.184077694546277  -38.5  -8.9375
0.138058270909708  -39  15
0.138058270909708  -39  15
0.184077694546277  -38.5  -8.9375
0.14419419406125  -39  13
0.147262155637022  -39  11.75
0.171805848243192  -39  0
0.147262155637022  -39  10.9375
0.190213617697819  -38.5  -21.9375
0.134990309333936  -39  17.4375
0.190213617697819  -39  -21.9375
0.165669925091649  -39  4.0625
0.14419419406125  -39  15
0.147262155637022  -39  15
0.190213617697819  -38.5  -8.9375
0.14419419406125  -39  11.75
