0.0582912699396544  -39.5  8.5
0.0613592315154256  -39.5  15
0.0674951546669682  -39.5  13
0.098174770424681  -39  -8.9375
0.0674951546669682  -39.5  17.4375
0.0613592315154256  -39.5  16.25
0.0613592315154256  -39.5  15
0.110446616727766  -39  -8.9375
0.0705631162427395  -39.5  11.75
0.098174770424681  -39.5  -4.0625
0.0859029241215959  -39.5  3.25
0.104310693576224  -39  -4.0625
0.104310693576224  -39.5  -8.9375
3.24590334716602  -39.5  -4.4375
0.0674951546669682  -39.5  14.1875
0.0828349625458246  -39.5  7.6875
0.116582539879309  -39  -13
0.0674951546669682  -39.5  13
0.110446616727766  -39  -17.0625
0.0582912699396544  -39.5  16.25
0.0736310778185108  -39.5  17.4375
0.098174770424681  -39  0
3.24590334716602  -39.5  -5.25
0.0766990393942821  -39.5  10.9375
0.098174770424681  -39.5  -4.0625
0.0736310778185108  -39.5  15
0.0644271930911969  -39  7.6875
3.20601984668099  -39.5  2
0.0797670009700533  -39  -8.9375
0.0736310778185108  -39.5  0
0.0674951546669682  -39.5  5.25
0.0859029241215959  -39.5  -13
0.0613592315154256  -39  9.75
0.0797670009700533  -39.5  -4.0625
0.0582912699396544  -39.5  8.5
0.0920388472731385  -39.5  -13
0.0920388472731385  -39  -8.9375
0.0582912699396544  -39  11.75
0.0582912699396544  -39  7.6875
0.098174770424681  -39  -13
0.0705631162427395  -39  0
0.0920388472731385  -39  -13
0.0736310778185108  -39.5  -4.0625
0.0859029241215959  -39  -4.0625
0.0859029241215959  -39  -13
0.098174770424681  -39  -17.0625
0.0613592315154256  -39  7.6875
0.0613592315154256  -39  6.5
0.098174770424681  -39.5  -21.9375
0.0644271930911969  -39  9.75
0.0859029241215959  -39.5  -4.0625
3.19988392352945  -39  3.25
0.0582912699396544  -39  6.5
0.0582912699396544  -39  7.6875
0.0552233083638831  -39  9.75
0.0613592315154256  -39  9.75
0.0797670009700533  -39  -4.0625
0.104310693576224  -39  -17.0625
0.0644271930911969  -39  4.4375
0.0582912699396544  -39  7.6875
0.0613592315154256  -39  7.6875
0.0736310778185108  -39.5  0
3.20295188510522  -39  3.25
0.0797670009700533  -39  -8.9375
0.0552233083638831  -39  8.5
0.0521553467881118  -39  10.9375
0.0736310778185108  -39.5  -8.9375
0.0705631162427395  -39  1.1875
0.0859029241215959  -39  -17.0625
0.0613592315154256  -39  6.5
0.0797670009700533  -39  -4.0625
0.0582912699396544  -39  10.9375
0.0674951546669682  -39  4.0625
0.0644271930911969  -39  1.1875
0.0736310778185108  -39  0
0.0490873852123405  -39  6.5
0.0736310778185108  -39  -8.9375
0.0490873852123405  -39  8.5
0.0552233083638831  -39  8.5
0.0859029241215959  -39  -17.0625
0.0613592315154256  -39  8.5
0.098174770424681  -39  -17.0625
0.0797670009700533  -39.5  -8.9375
0.0613592315154256  -39.5  8.5
0.0859029241215959  -39  -13
0.0797670009700533  -39.5  -8.9375
0.0736310778185108  -39  0
0.0797670009700533  -39  -13
0.0582912699396544  -39.5  7.6875
0.0552233083638831  -39  9.75
0.0920388472731385  -39  -8.9375
0.0582912699396544  -39  9.75
0.0797670009700533  -39  -4.0625
0.0644271930911969  -39  7.6875
0.098174770424681  -39.5  -21.9375
0.0613592315154256  -39  10.9375
0.0613592315154256  -39  8.5
0.0920388472731385  -39  -4.0625
0.0644271930911969  -39  6.5
0.0582912699396544  -39  13
0.0797670009700533  -39.5  -13
0.0797670009700533  -39  -17.0625
0.0490873852123405  -39  11.75
0.0797670009700533  -39  -4.0625
0.0644271930911969  -39  5.25
0.0736310778185108  -39  -4.0625
0.0552233083638831  -39  8.5
0.0736310778185108  -39  -4.0625
0.0521553467881118  -39  8.5
0.0490873852123405  -39  8.5
0.0859029241215959  -39.5  -8.9375
0.0552233083638831  -39  6.5
0.0859029241215959  -39  -8.9375
0.0736310778185108  -39.5  4.0625
0.0552233083638831  -39  10.9375
0.0859029241215959  -39  -8.9375
0.0613592315154256  -39  10.9375
0.0859029241215959  -39.5  -4.0625
0.104310693576224  -39  -13
0.0705631162427395  -39  8.5
0.0859029241215959  -39  0
0.0613592315154256  -39  8.5
0.0736310778185108  -39.5  4.0625
0.0644271930911969  -39  8.5
0.0797670009700533  -39.5  0
0.0859029241215959  -39  -13
0.0644271930911969  -39  9.75
0.0797670009700533  -39  0
0.0613592315154256  -39  9.75
0.0736310778185108  -39  -13
0.0582912699396544  -39  8.5
0.0552233083638831  -39  11.75
