0.343611696486384  -45.5  8.5
0.362019465941011  -45.5  5.25
0.35895150436524  -45.5  9.75
0.355883542789469  -45.5  8.5
3.49747619637926  -45  17.0625
0.362019465941011  -45.5  8.5
0.371223350668325  -45.5  5.25
3.5036121195308  -45  4.0625
0.362019465941011  -45.5  8.5
0.368155389092554  -45.5  6.5
0.377359273819868  -45.5  -1.1875
0.377359273819868  -45.5  0
0.355883542789469  -45.5  11.75
3.52815581213697  -45  -8.9375
0.349747619637926  -45.5  11.75
0.365087427516783  -45.5  4.4375
0.352815581213697  -45.5  4.4375
0.368155389092554  -45.5  1.1875
0.355883542789469  -45.5  4.4375
0.362019465941011  -45.5  6.5
3.51281600425812  -45.5  -4.4375
0.362019465941011  -45.5  3.25
3.49134027322772  -45.5  21.9375
0.35895150436524  -45.5  7.6875
3.5036121195308  -45  8.9375
0.355883542789469  -45.5  3.25
0.365087427516783  -45.5  1.1875
3.5036121195308  -45  8.9375
0.328271888607527  -45.5  14.1875
0.349747619637926  -45.5  5.25
0.362019465941011  -45.5  -2
0.352815581213697  -45.5  3.25
3.48520435007618  -45  17.0625
0.349747619637926  -45.5  4.4375
3.5036121195308  -45.5  4.0625
0.349747619637926  -45.5  6.5
0.337475773334841  -45.5  8.5
3.48520435007618  -45  13
0.355883542789469  -45.5  4.4375
0.355883542789469  -45.5  3.25
0.355883542789469  -45.5  6.5
0.35895150436524  -45.5  1.1875
0.346679658062155  -45.5  6.5
3.49134027322772  -45  17.0625
0.365087427516783  -45.5  1.1875
0.362019465941011  -45.5  3.25
0.355883542789469  -45.5  5.25
0.355883542789469  -45.5  5.25
0.365087427516783  -45.5  4.4375
0.365087427516783  -45.5  -1.1875
0.362019465941011  -45.5  2
0.355883542789469  -45.5  3.25
3.50974804268235  -45.5  0
0.355883542789469  -45.5  -1.1875
0.365087427516783  -45.5  -1.1875
0.365087427516783  -45.5  2
3.51588396583389  -45  -4.0625
0.349747619637926  -45.5  6.5
3.49747619637926  -45  4.0625
0.35895150436524  -45.5  2
0.365087427516783  -45.5  2
3.49134027322772  -45.5  17.0625
0.362019465941011  -45.5  3.25
0.346679658062155  -45.5  7.6875
3.49747619637926  -45.5  13
0.349747619637926  -45.5  6.5
3.49747619637926  -45  4.0625
0.35895150436524  -45.5  2
0.346679658062155  -45.5  9.75
3.49747619637926  -45.5  8.9375
0.368155389092554  -45.5  4.4375
0.352815581213697  -45.5  6.5
0.355883542789469  -45.5  4.4375
0.346679658062155  -45.5  8.5
0.352815581213697  -45.5  6.5
3.51588396583389  -45  4.0625
0.355883542789469  -45.5  3.25
3.52815581213697  -45  -4.0625
0.365087427516783  -45.5  -1.1875
0.352815581213697  -45.5  4.4375
0.343611696486384  -45.5  8.5
3.47293250377309  -45.5  16.25
0.355883542789469  -45.5  5.25
0.349747619637926  -45.5  8.5
3.49134027322772  -45.5  13
3.49747619637926  -45  8.9375
0.362019465941011  -45.5  3.25
0.35895150436524  -45.5  5.25
0.362019465941011  -45.5  0
3.49134027322772  -45.5  17.0625
0.355883542789469  -45.5  3.25
0.362019465941011  -45.5  -1.1875
0.346679658062155  -45.5  8.5
0.362019465941011  -45.5  0
0.349747619637926  -45.5  5.25
0.352815581213697  -45.5  4.4375
3.48520435007618  -45  17.0625
0.355883542789469  -45.5  2
0.362019465941011  -45.5  3.25
0.349747619637926  -45.5  8.5
3.50974804268235  -45  4.0625
0.362019465941011  -45.5  4.4375
0.349747619637926  -45.5  7.6875
0.352815581213697  -45.5  3.25
0.346679658062155  -45.5  8.5
0.349747619637926  -45.5  6.5
0.352815581213697  -45.5  4.4375
3.49747619637926  -45.5  0
0.352815581213697  -45.5  5.25
3.50974804268235  -45  0
0.35895150436524  -45.5  0
0.365087427516783  -45.5  1.1875
0.349747619637926  -45.5  2
0.322135965455985  -45.5  18.25
0.35895150436524  -45.5  3.25
0.349747619637926  -45.5  8.5
0.362019465941011  -45.5  2
0.362019465941011  -45.5  1.1875
0.35895150436524  -45.5  3.25
0.365087427516783  -45.5  2
3.5036121195308  -45.5  13
0.362019465941011  -45.5  -2
0.371223350668325  -45.5  -2
0.352815581213697  -45.5  5.25
0.365087427516783  -45.5  3.25
0.365087427516783  -45.5  -2
0.352815581213697  -45.5  7.6875
0.355883542789469  -45.5  8.5
0.35895150436524  -45.5  5.25
0.355883542789469  -45.5  2
0.362019465941011  -45.5  -1.1875
3.49134027322772  -45  4.0625
