0.193281579273591  -39  9.75
0.230097118182846  -39  2
0.227029156607075  -38.5  8.9375
0.223961195031304  -39  0
0.205553425576676  -39  9.75
0.233165079758617  -39  -8.9375
0.223961195031304  -39  7.6875
0.245436926061703  -39  -13
0.21475731030399  -39  11.75
3.35941792546955  -39  6.5
0.230097118182846  -39  3.25
3.36248588704533  -39  5.25
0.245436926061703  -38.5  0
0.220893233455532  -39  6.5
0.245436926061703  -38.5  -8.9375
0.217825271879761  -39  8.5
0.223961195031304  -39  8.5
0.202485464000905  -39  0
0.220893233455532  -38.5  -4.0625
0.199417502425133  -39  4.4375
0.21475731030399  -38.5  -4.0625
3.35021404074224  -39  -4.4375
0.21475731030399  -39  -13
0.177941771394734  -39  14.1875
0.21475731030399  -39  -8.9375
0.21475731030399  -39  -13
0.199417502425133  -39  0
0.227029156607075  -38.5  -17.0625
0.208621387152447  -38.5  -13
0.208621387152447  -39  0
0.181009732970506  -39  10.9375
0.196349540849362  -38.5  0
0.171805848243192  -39  11.75
0.227029156607075  -39  -21.9375
3.3440781175907  -39  -2
0.190213617697819  -39  0
0.165669925091649  -39  13
0.202485464000905  -38.5  -4.0625
0.177941771394734  -39  8.5
0.21475731030399  -38.5  -8.9375
0.177941771394734  -39  11.75
0.202485464000905  -38.5  0
3.32567034813607  -39  3.25
0.196349540849362  -38.5  0
0.193281579273591  -39  2
0.168737886667421  -39  14.1875
0.190213617697819  -39  3.25
0.174873809818963  -39  10.9375
0.196349540849362  -38.5  4.0625
0.208621387152447  -38.5  -4.0625
0.174873809818963  -39  11.75
0.208621387152447  -38.5  -13
0.168737886667421  -39  14.1875
0.21475731030399  -39  -13
0.202485464000905  -38.5  -13
3.32567034813607  -39  2
0.21475731030399  -38.5  -4.0625
0.165669925091649  -39  15
0.208621387152447  -38.5  -8.9375
0.202485464000905  -38.5  -8.9375
0.190213617697819  -39  4.0625
0.165669925091649  -39  16.25
0.181009732970506  -39  10.9375
0.196349540849362  -39  -1.1875
0.165669925091649  -39  16.25
0.202485464000905  -38.5  -4.0625
3.3440781175907  -39  -3.25
0.227029156607075  -38.5  -21.9375
0.165669925091649  -39  14.1875
0.208621387152447  -38.5  -4.0625
0.187145656122048  -39  2
0.199417502425133  -39  -1.1875
0.202485464000905  -38.5  0
0.202485464000905  -38.5  0
0.196349540849362  -39  4.0625
0.202485464000905  -38.5  0
0.165669925091649  -39  13
0.220893233455532  -38.5  -17.0625
0.187145656122048  -39  3.25
0.208621387152447  -39  -8.9375
0.208621387152447  -39  -17.0625
0.181009732970506  -39  13
0.162601963515878  -39  14.1875
3.33180627128761  -39  0
0.190213617697819  -38.5  4.0625
0.193281579273591  -39  0
0.168737886667421  -39  14.1875
0.21475731030399  -38.5  -8.9375
0.190213617697819  -39  4.4375
0.21475731030399  -38.5  -4.0625
0.187145656122048  -39  11.75
0.251572849213245  -38.5  -26
3.33794219443916  -39  6.5
0.233165079758617  -39  -13
0.211689348728218  -39  1.1875
0.199417502425133  -39  10.9375
0.199417502425133  -39  11.75
0.233165079758617  -38.5  -13
0.196349540849362  -39  11.75
3.36862181019687  -39  -2
0.220893233455532  -38.5  0
0.193281579273591  -39  14.1875
0.233165079758617  -38.5  0
0.193281579273591  -39  13
0.193281579273591  -39  14.1875
0.233165079758617  -38.5  -8.9375
0.193281579273591  -39  11.75
0.220893233455532  -38.5  0
3.37168977177264  -39  -4.4375
0.23930100291016  -38.5  -4.0625
0.193281579273591  -39  13
0.233165079758617  -38.5  -13
3.37475773334841  -39  -5.25
0.202485464000905  -39  11.75
0.245436926061703  -38.5  -17.0625
0.220893233455532  -39  2
0.233165079758617  -38.5  -4.0625
0.227029156607075  -38.5  0
0.199417502425133  -39  11.75
0.23930100291016  -39  -13
0.193281579273591  -39  16.25
0.196349540849362  -39  15
0.233165079758617  -38.5  -8.9375
0.23930100291016  -38.5  -13
3.33487423286338  -39  8.5
0.220893233455532  -38.5  -13
0.187145656122048  -39  11.75
0.220893233455532  -39  4.0625
0.208621387152447  -39  4.0625
0.21475731030399  -38.5  4.0625
3.34101015601493  -39  4.4375
0.199417502425133  -39  13
