4.0067578179573  -45.5  0
0.883572933822129  -45.5  1.1875
3.98221412535112  -45.5  18.25
0.880504972246358  -45.5  2
0.877437010670587  -45.5  -1.1875
0.886640895397901  -45.5  3.25
0.883572933822129  -45.5  6.5
0.880504972246358  -45.5  2
0.883572933822129  -45.5  4.4375
0.883572933822129  -45.5  6.5
4.01902966426038  -45  4.0625
0.886640895397901  -45.5  5.25
0.892776818549443  -45.5  -2
0.889708856973672  -45.5  2
0.883572933822129  -45.5  5.25
0.883572933822129  -45.5  3.25
3.99448597165421  -45.5  13
3.98835004850267  -45.5  15
0.868233125943273  -45.5  -1.1875
0.880504972246358  -45.5  4.4375
3.99448597165421  -45.5  14.1875
0.86209720279173  -45.5  8.5
0.871301087519044  -45.5  0
0.880504972246358  -45.5  -4.4375
0.865165164367502  -45.5  3.25
3.9852820869269  -45.5  17.4375
0.874369049094815  -45.5  -3.25
0.868233125943273  -45.5  6.5
0.86209720279173  -45.5  1.1875
0.840621471761331  -45.5  17.4375
0.883572933822129  -45.5  -4.4375
0.880504972246358  -45.5  -4.4375
0.865165164367502  -45.5  4.4375
0.871301087519044  -45.5  -1.1875
0.868233125943273  -45.5  6.5
0.846757394912874  -45.5  14.1875
3.99448597165421  -45.5  8.9375
0.871301087519044  -45.5  0
0.859029241215959  -45.5  7.6875
3.99141801007844  -45.5  14.1875
0.86209720279173  -45.5  4.4375
0.86209720279173  -45.5  5.25
0.865165164367502  -45.5  9.75
0.86209720279173  -45.5  5.25
0.874369049094815  -45.5  2
4.00062189480575  -45  4.0625
0.86209720279173  -45.5  1.1875
0.871301087519044  -45.5  3.25
4.03130151056347  -45.5  -13
0.865165164367502  -45.5  2
0.871301087519044  -45.5  3.25
0.871301087519044  -45.5  2
0.880504972246358  -45.5  4.4375
0.874369049094815  -45.5  4.4375
4.02516558741192  -45.5  -8.9375
3.98835004850267  -45.5  13
0.877437010670587  -45.5  0
4.00062189480575  -45.5  13
0.874369049094815  -45.5  2
0.868233125943273  -45.5  3.25
0.871301087519044  -45.5  0
0.871301087519044  -45.5  -1.1875
3.99141801007844  -45.5  16.25
0.874369049094815  -45.5  4.4375
0.849825356488645  -45.5  15
0.883572933822129  -45.5  0
0.871301087519044  -45.5  5.25
0.868233125943273  -45.5  3.25
4.0067578179573  -45.5  4.0625
0.871301087519044  -45.5  4.4375
3.97914616377535  -45.5  18.25
3.99448597165421  -45.5  13
0.86209720279173  -45.5  4.4375
0.865165164367502  -45.5  5.25
0.83755351018556  -45.5  14.1875
0.868233125943273  -45.5  0
0.868233125943273  -45.5  -1.1875
0.868233125943273  -45.5  5.25
0.868233125943273  -45.5  2
0.868233125943273  -45.5  3.25
0.868233125943273  -45.5  2
0.874369049094815  -45.5  4.4375
0.834485548609789  -45.5  17.4375
0.868233125943273  -45.5  0
3.9852820869269  -45.5  15
0.871301087519044  -45.5  2
0.843689433337103  -45.5  14.1875
4.0067578179573  -45.5  -8.9375
0.871301087519044  -45.5  4.4375
0.859029241215959  -45.5  5.25
0.871301087519044  -45.5  0
3.97914616377535  -45.5  17.4375
0.859029241215959  -45.5  4.4375
3.97914616377535  -45.5  21.5625
0.865165164367502  -45.5  -1.1875
0.859029241215959  -45.5  5.25
0.859029241215959  -45.5  8.5
0.874369049094815  -45.5  0
0.86209720279173  -45.5  0
0.865165164367502  -45.5  6.5
3.97607820219958  -45.5  17.4375
0.871301087519044  -45.5  2
0.865165164367502  -45.5  0
0.83755351018556  -45.5  17.4375
4.03130151056347  -45.5  -13
0.859029241215959  -45.5  2
0.865165164367502  -45.5  3.25
0.868233125943273  -45.5  1.1875
0.865165164367502  -45.5  4.4375
3.99755393322998  -45.5  7.6875
0.859029241215959  -45.5  3.25
0.840621471761331  -45.5  13
0.86209720279173  -45.5  3.25
0.871301087519044  -45.5  3.25
0.859029241215959  -45.5  9.75
4.0067578179573  -45.5  0
0.831417587034017  -45.5  19.5
0.868233125943273  -45.5  -1.1875
0.86209720279173  -45.5  4.4375
0.877437010670587  -45.5  -3.25
0.868233125943273  -45.5  4.4375
0.868233125943273  -45.5  2
0.843689433337103  -45.5  15
0.86209720279173  -45.5  8.5
0.865165164367502  -45.5  5.25
3.97607820219958  -45.5  19.5
0.871301087519044  -45.5  3.25
0.877437010670587  -45.5  1.1875
0.883572933822129  -45.5  5.25
0.880504972246358  -45.5  1.1875
0.874369049094815  -45.5  -2
4.01902966426038  -45.5  0
