3.32567034813607  -47  26
0.199417502425133  -47.5  5.25
0.208621387152447  -47  6.5
3.36862181019687  -47  17.0625
0.220893233455532  -47  2
0.208621387152447  -47.5  10.9375
0.223961195031304  -47  2
0.223961195031304  -47.5  7.6875
0.208621387152447  -47.5  10.9375
0.230097118182846  -47.5  2
0.205553425576676  -47.5  10.9375
0.217825271879761  -47  10.9375
0.227029156607075  -47.5  4.4375
0.202485464000905  -47.5  16.25
0.220893233455532  -47.5  3.25
0.223961195031304  -47.5  3.25
0.227029156607075  -47.5  5.25
0.230097118182846  -47.5  2
0.227029156607075  -47.5  8.5
0.217825271879761  -47.5  6.5
0.208621387152447  -47.5  13
0.21475731030399  -47.5  9.75
0.220893233455532  -47  8.5
0.21475731030399  -47.5  7.6875
0.233165079758617  -47.5  2
0.217825271879761  -47.5  5.25
3.32567034813607  -47.5  24
0.220893233455532  -47.5  6.5
0.236233041334389  -47  3.25
3.33794219443916  -47.5  17.4375
0.21475731030399  -47.5  7.6875
0.227029156607075  -47  6.5
0.227029156607075  -47.5  6.5
0.23930100291016  -47.5  7.6875
0.233165079758617  -47  -2
0.220893233455532  -47.5  8.5
0.236233041334389  -47  5.25
0.208621387152447  -47.5  16.25
3.36862181019687  -47  8.9375
0.230097118182846  -47.5  4.4375
0.227029156607075  -47.5  9.75
0.217825271879761  -47.5  9.75
3.3870295796515  -47  4.0625
0.230097118182846  -47.5  4.4375
0.23930100291016  -47.5  4.4375
3.38089365649995  -47  4.0625
3.37475773334841  -47  4.0625
0.217825271879761  -47.5  7.6875
0.242368964485931  -47.5  1.1875
0.223961195031304  -47.5  7.6875
3.36862181019687  -47  17.0625
0.23930100291016  -47  0
0.233165079758617  -47.5  5.25
3.37475773334841  -47  13
0.223961195031304  -47.5  9.75
0.220893233455532  -47.5  9.75
0.227029156607075  -47.5  3.25
3.34101015601493  -47.5  18.25
0.23930100291016  -47  2
0.23930100291016  -47  1.1875
0.233165079758617  -47.5  1.1875
0.217825271879761  -47.5  11.75
3.35634996389378  -47.5  7.6875
0.223961195031304  -47.5  9.75
0.220893233455532  -47.5  8.5
0.223961195031304  -47.5  9.75
0.230097118182846  -47.5  5.25
0.233165079758617  -47.5  1.1875
0.23930100291016  -47.5  2
0.223961195031304  -47.5  8.5
0.196349540849362  -47.5  21.5625
0.223961195031304  -47.5  9.75
0.223961195031304  -47.5  7.6875
3.36862181019687  -47  8.9375
0.227029156607075  -47.5  5.25
0.202485464000905  -47.5  17.4375
0.227029156607075  -47  8.5
0.187145656122048  -47.5  20.75
0.223961195031304  -47  4.4375
0.208621387152447  -47.5  6.5
0.205553425576676  -47.5  7.6875
0.202485464000905  -47.5  8.5
0.199417502425133  -47.5  7.6875
0.181009732970506  -47.5  18.25
0.211689348728218  -47  5.25
3.36862181019687  -47  4.0625
0.202485464000905  -47.5  6.5
0.202485464000905  -47.5  7.6875
0.211689348728218  -47.5  6.5
0.21475731030399  -47  5.25
0.227029156607075  -47.5  0
0.208621387152447  -47.5  6.5
0.220893233455532  -47.5  3.25
0.223961195031304  -47  0
0.21475731030399  -47.5  5.25
0.220893233455532  -47.5  8.5
0.190213617697819  -47.5  18.25
0.205553425576676  -47.5  8.5
3.33180627128761  -47.5  18.25
0.223961195031304  -47.5  2
0.211689348728218  -47.5  6.5
0.187145656122048  -47.5  17.4375
0.205553425576676  -47.5  10.9375
3.35021404074224  -47  13
3.36248588704533  -47  13
3.37475773334841  -47  4.0625
0.217825271879761  -47.5  7.6875
0.184077694546277  -47.5  20.75
3.36862181019687  -47  8.9375
0.211689348728218  -47.5  7.6875
0.211689348728218  -47.5  10.9375
0.236233041334389  -47.5  -3.25
0.220893233455532  -47.5  10.9375
0.227029156607075  -47.5  6.5
3.3440781175907  -47.5  17.4375
0.233165079758617  -47.5  3.25
0.23930100291016  -47.5  0
0.236233041334389  -47.5  2
0.230097118182846  -47.5  5.25
3.36862181019687  -47  13
0.223961195031304  -47.5  10.9375
0.217825271879761  -47.5  13
3.35021404074224  -47.5  17.4375
3.34714607916647  -47.5  20.75
0.233165079758617  -47.5  7.6875
3.37475773334841  -47  13
0.245436926061703  -47.5  3.25
0.230097118182846  -47  6.5
0.233165079758617  -47  3.25
3.36248588704533  -47  21.9375
3.37475773334841  -47  8.9375
0.208621387152447  -47.5  13
