3.58337912050086  -37.5  21.9375
0.466330159517235  -38  0
0.469398121093006  -38  -5.25
0.447922390062607  -38  9.75
0.460194236365692  -38  2
3.5895150436524  -37.5  21.9375
0.45405831321415  -38  7.6875
0.460194236365692  -38  3.25
0.475534044244549  -38  -1.1875
0.45405831321415  -38  6.5
0.457126274789921  -38  3.25
0.457126274789921  -38  -2
0.45405831321415  -38  2
3.56497135104623  -37.5  21.9375
0.450990351638379  -38  -1.1875
3.58337912050086  -37.5  13
3.5895150436524  -37.5  8.9375
3.57110727419777  -37.5  21.9375
0.457126274789921  -38  0
3.5895150436524  -37.5  8.9375
0.45405831321415  -38  -2
3.57724319734932  -37.5  13
0.463262197941464  -38  -3.25
3.58337912050086  -37.5  13
3.57724319734932  -37.5  26
0.447922390062607  -38  -1.1875
0.45405831321415  -38  -3.25
0.447922390062607  -38  0
0.450990351638379  -38  1.1875
0.441786466911065  -38  3.25
3.57110727419777  -37.5  26
0.447922390062607  -38  2
0.447922390062607  -38  1.1875
0.444854428486836  -38  -1.1875
3.57724319734932  -37.5  13
0.457126274789921  -38  -2
3.57724319734932  -37.5  13
0.450990351638379  -38  0
0.444854428486836  -38  2
3.5895150436524  -37.5  8.9375
3.57724319734932  -37.5  8.9375
3.57724319734932  -37.5  17.0625
3.57110727419777  -37.5  21.9375
0.460194236365692  -38  -3.25
0.450990351638379  -38  0
3.57724319734932  -37.5  8.9375
0.438718505335293  -38  4.4375
3.59565096680394  -37.5  -4.0625
3.57724319734932  -37.5  21.9375
0.444854428486836  -38  2
0.450990351638379  -38  -1.1875
3.5895150436524  -37.5  4.0625
0.45405831321415  -38  -1.1875
0.444854428486836  -38  0
0.45405831321415  -38  -1.1875
0.447922390062607  -38  2
3.5895150436524  -37.5  0
0.444854428486836  -38  1.1875
3.57110727419777  -37.5  21.9375
0.463262197941464  -38  -2
3.58337912050086  -37.5  13
0.450990351638379  -38  0
3.57724319734932  -37.5  8.9375
0.444854428486836  -38  0
3.60178688995549  -37.5  0
3.58337912050086  -37.5  13
3.59565096680394  -37.5  0
0.45405831321415  -38  0
3.59565096680394  -37.5  8.9375
0.460194236365692  -38  -1.1875
0.444854428486836  -38  3.25
0.457126274789921  -38  -1.1875
0.460194236365692  -38  -2
0.45405831321415  -38  1.1875
0.441786466911065  -38  8.5
0.444854428486836  -38  2
0.450990351638379  -38  0
3.58337912050086  -37.5  17.0625
0.450990351638379  -38  0
3.57110727419777  -37.5  21.9375
0.457126274789921  -38  -3.25
0.45405831321415  -38  -2
0.457126274789921  -38  -1.1875
0.460194236365692  -38  -4.4375
0.441786466911065  -38  5.25
3.57724319734932  -37.5  17.0625
3.58337912050086  -37.5  13
3.59565096680394  -37.5  8.9375
0.457126274789921  -38  0
0.460194236365692  -38  0
3.60178688995549  -37.5  4.0625
0.450990351638379  -38  2
0.457126274789921  -38  -2
0.460194236365692  -38  -2
0.450990351638379  -38  1.1875
3.57724319734932  -37.5  13
0.460194236365692  -38  -3.25
0.45405831321415  -38  1.1875
0.457126274789921  -38  -3.25
0.457126274789921  -38  -1.1875
3.57724319734932  -37.5  8.9375
0.444854428486836  -38  2
3.56497135104623  -37.5  26
0.45405831321415  -38  0
3.59565096680394  -37.5  4.0625
3.57724319734932  -37.5  17.0625
0.447922390062607  -38  2
3.58337912050086  -37.5  17.0625
0.450990351638379  -38  0
3.57110727419777  -37.5  17.0625
0.463262197941464  -38  -5.25
3.58337912050086  -37.5  13
0.450990351638379  -38  2
0.457126274789921  -38  -2
3.57724319734932  -37.5  13
3.57110727419777  -37.5  21.9375
3.57110727419777  -38  11.75
0.432582582183751  -38  8.5
0.441786466911065  -38  0
0.441786466911065  -38  1.1875
0.441786466911065  -38  1.1875
0.447922390062607  -38  -1.1875
0.441786466911065  -38  0
3.57110727419777  -37.5  21.9375
0.444854428486836  -38  -1.1875
3.56497135104623  -37.5  17.0625
0.444854428486836  -38  -3.25
0.450990351638379  -38  -1.1875
0.441786466911065  -38  0
3.57110727419777  -37.5  13
3.56497135104623  -37.5  17.0625
0.438718505335293  -38  1.1875
