0.0153398078788564  -39.5  2
6.2709134608765  -39.5  16.25
0.0184077694546277  -40  -13
6.27704938402804  -39.5  13
0.0306796157577128  -40  -13
0.0245436926061703  -40  -13
6.26170957614919  -39.5  14.1875
6.27398142245227  -39.5  13
0.0306796157577128  -40  -13
0.0184077694546277  -40  0
0.0306796157577128  -40  -17.0625
6.27704938402804  -39.5  11.75
3.13852469201402  -39.5  2
0.0368155389092554  -40  -21.9375
0.0306796157577128  -40  -21.9375
0.0245436926061703  -40  -17.0625
6.26170957614919  -39.5  16.25
0.0306796157577128  -40  -21.9375
6.2709134608765  -39.5  11.75
0.0245436926061703  -40  -21.9375
6.26784549930073  -40  15
0.0122718463030851  -40  18.25
0.0337475773334841  -40  9.75
0.042951462060798  -40  0
3.17840819249905  -40  2
0.0674951546669682  -40  -13
0.0184077694546277  -39.5  17.4375
0.00920388472731385  -40  15
0.00920388472731385  -40  16.25
0.0490873852123405  -40  -17.0625
0.0122718463030851  -39.5  10.9375
0.00613592315154256  -40  16.25
6.28011734560381  -40  14.1875
0.00613592315154256  -40  15
6.27704938402804  -40  14.1875
0.0184077694546277  -39.5  4.4375
0.0306796157577128  -40  -8.9375
0.0368155389092554  -39.5  -4.0625
6.2709134608765  -39.5  16.25
0.0490873852123405  -40  -21.9375
0.00306796157577128  -40  11.75
0.0490873852123405  -40  -13
0.0122718463030851  -39.5  9.75
0.0306796157577128  -40  -8.9375
0.042951462060798  -40  -8.9375
0.0306796157577128  -40  -8.9375
0  -39.5  13
6.27704938402804  -40  16.25
0.0490873852123405  -40  -21.9375
0.0490873852123405  -40  -17.0625
6.28011734560381  -40  17.4375
0.0490873852123405  -40  -17.0625
0.0153398078788564  -40  13
0.0245436926061703  -40  0
0.0368155389092554  -40  0
0.00613592315154256  -40  15
0.00613592315154256  -40  13
0.00920388472731385  -40  14.1875
0.0490873852123405  -40  -17.0625
0.00306796157577128  -39.5  17.4375
0.0368155389092554  -40  -4.0625
0.0153398078788564  -40  11.75
0.0122718463030851  -39.5  13
0  -40  14.1875
0.0368155389092554  -40  -4.0625
0.00920388472731385  -40  11.75
0.0306796157577128  -40  4.0625
0.00306796157577128  -40  14.1875
0.00306796157577128  -40  15
0.0368155389092554  -40  0
3.17840819249905  -40  -2
0.00920388472731385  -40  16.25
0  -40  17.4375
0  -40  17.4375
0.042951462060798  -40  -13
0.042951462060798  -40  -8.9375
0.0122718463030851  -40  11.75
0.0552233083638831  -40  -17.0625
0.0368155389092554  -40  -4.0625
6.28011734560381  -40  15
0.042951462060798  -40  -8.9375
0.00920388472731385  -40  9.75
0.0552233083638831  -40  -17.0625
6.27398142245227  -40  14.1875
0.00306796157577128  -40  14.1875
0.0245436926061703  -40  0
0.0245436926061703  -40  8.9375
0.00613592315154256  -39.5  13
0.0245436926061703  -40  5.25
0  -40  14.1875
0.0490873852123405  -40  -17.0625
0.0245436926061703  -40  2
0.0306796157577128  -40  -4.0625
6.28011734560381  -40  15
0.0122718463030851  -40  11.75
0.0245436926061703  -40  -4.0625
0.00306796157577128  -40  15
0.0306796157577128  -40  -8.9375
0.00613592315154256  -40  15
6.27704938402804  -40  16.25
0.00306796157577128  -40  13
0.0184077694546277  -40  14.1875
0.042951462060798  -40  -17.0625
0.00306796157577128  -40  14.1875
0.0490873852123405  -40  -17.0625
0.0153398078788564  -39.5  9.75
0.0368155389092554  -40  -4.0625
0  -40  13
0.042951462060798  -40  -13
0.00613592315154256  -39.5  11.75
0.042951462060798  -40  -13
0.0122718463030851  -40  11.75
6.27398142245227  -40  15
0.042951462060798  -40  -8.9375
6.28011734560381  -40  14.1875
0.0306796157577128  -40  -4.0625
3.17534023092328  -40  -3.25
0.042951462060798  -40  -13
6.27398142245227  -40  19.5
6.27398142245227  -40  17.4375
0.0368155389092554  -40  -8.9375
0  -40  15
0.0306796157577128  -40  0
0.00613592315154256  -39.5  13
0.0490873852123405  -40  -21.9375
0.00613592315154256  -40  14.1875
6.28011734560381  -40  14.1875
0.042951462060798  -40  -13
0.0153398078788564  -40  11.75
0.0552233083638831  -40  -17.0625
6.27704938402804  -40  15
0.042951462060798  -40  -8.9375
