0.26384469551633  -40  13
0.260776733940559  -40.5  14.1875
0.288388388122501  -40.5  -8.9375
0.248504887637474  -40.5  11.75
0.300660234425586  -40.5  0
0.288388388122501  -40.5  -4.0625
0.266912657092102  -40.5  10.9375
0.288388388122501  -40  -4.0625
0.257708772364788  -40.5  13
0.294524311274043  -40  -8.9375
3.40850531068189  -40.5  -2
0.269980618667873  -40  -4.0625
0.227029156607075  -40.5  18.25
0.269980618667873  -40.5  0
3.40850531068189  -40.5  -5.25
0.269980618667873  -40.5  -8.9375
0.276116541819415  -40.5  -13
0.269980618667873  -40  -8.9375
0.245436926061703  -40.5  8.9375
0.233165079758617  -40.5  17.4375
0.269980618667873  -40  0
0.236233041334389  -40.5  13
0.276116541819415  -40  -8.9375
0.233165079758617  -40.5  15
0.288388388122501  -40.5  -17.0625
0.269980618667873  -40  0
0.26384469551633  -40  4.0625
0.276116541819415  -40.5  -8.9375
0.26384469551633  -40.5  -4.0625
0.242368964485931  -40.5  14.1875
0.276116541819415  -40.5  -8.9375
0.288388388122501  -40.5  -17.0625
0.269980618667873  -40.5  -4.0625
0.269980618667873  -40.5  -8.9375
0.257708772364788  -40.5  0
0.257708772364788  -40.5  4.0625
0.257708772364788  -40.5  0
0.257708772364788  -40.5  -8.9375
0.282252464970958  -40.5  -17.0625
0.257708772364788  -40.5  0
0.23930100291016  -40.5  11.75
0.257708772364788  -40  4.0625
0.257708772364788  -40  0
0.251572849213245  -40.5  -4.0625
0.227029156607075  -40.5  16.25
0.257708772364788  -40.5  -4.0625
0.251572849213245  -40.5  2
0.257708772364788  -40  -4.0625
0.251572849213245  -40  4.0625
0.251572849213245  -40  0
0.230097118182846  -40.5  16.25
0.251572849213245  -40.5  3.25
0.26384469551633  -40.5  -13
0.26384469551633  -40  -4.0625
0.269980618667873  -40.5  -17.0625
0.26384469551633  -40  -8.9375
0.257708772364788  -40  4.0625
0.269980618667873  -40  -8.9375
0.26384469551633  -40.5  -13
3.3870295796515  -40.5  2
0.26384469551633  -40.5  -8.9375
3.36248588704533  -40.5  13
0.282252464970958  -40  -17.0625
0.26384469551633  -40  -8.9375
0.236233041334389  -40.5  11.75
0.269980618667873  -40  -4.0625
0.257708772364788  -40  4.0625
0.23930100291016  -40.5  15
0.26384469551633  -40  0
3.41157327225767  -40.5  -4.4375
0.236233041334389  -40.5  9.75
0.276116541819415  -40.5  -8.9375
0.257708772364788  -40.5  0
0.269980618667873  -40.5  -4.0625
0.257708772364788  -40.5  0
0.257708772364788  -40.5  0
0.257708772364788  -40.5  -8.9375
0.251572849213245  -40.5  8.9375
0.23930100291016  -40.5  14.1875
0.257708772364788  -40  4.0625
0.257708772364788  -40  0
0.26384469551633  -40  -8.9375
0.257708772364788  -40  0
0.269980618667873  -40.5  -4.0625
0.276116541819415  -40.5  -8.9375
3.40543734910612  -40.5  0
0.276116541819415  -40.5  -8.9375
3.40543734910612  -40.5  0
0.276116541819415  -40  -4.0625
0.276116541819415  -40  -13
3.40543734910612  -40.5  1.1875
0.227029156607075  -40.5  18.25
0.257708772364788  -40.5  4.0625
0.26384469551633  -40  -4.0625
0.269980618667873  -40.5  -8.9375
0.276116541819415  -40.5  0
0.23930100291016  -40.5  8.5
0.269980618667873  -40.5  0
3.40850531068189  -40.5  -2
0.276116541819415  -40  -8.9375
0.230097118182846  -40.5  16.25
0.269980618667873  -40  -4.0625
0.223961195031304  -40.5  17.4375
0.276116541819415  -40  -4.0625
0.276116541819415  -40  -4.0625
0.276116541819415  -40  -13
0.26384469551633  -40  -4.0625
0.257708772364788  -40  4.0625
0.276116541819415  -40.5  -13
0.26384469551633  -40.5  1.1875
0.26384469551633  -40  4.0625
0.230097118182846  -40.5  14.1875
3.41157327225767  -40.5  -1.1875
0.276116541819415  -40.5  -13
0.227029156607075  -40.5  17.4375
0.276116541819415  -40.5  -4.0625
0.242368964485931  -40.5  16.25
0.236233041334389  -40.5  16.25
0.269980618667873  -40  -8.9375
0.26384469551633  -40  -4.0625
0.276116541819415  -40.5  -13
3.40543734910612  -40.5  -3.25
0.276116541819415  -40  -13
0.276116541819415  -40  -8.9375
0.242368964485931  -40.5  10.9375
0.282252464970958  -40  -8.9375
0.276116541819415  -40.5  -4.0625
0.242368964485931  -40.5  15
0.26384469551633  -40  4.0625
0.276116541819415  -40  -8.9375
0.282252464970958  -40.5  -13
0.257708772364788  -40.5  5.25
