0.257708772364788  -41.5  4.4375
0.279184503395187  -41.5  2
3.41157327225767  -41.5  4.4375
0.260776733940559  -41.5  15
0.306796157577128  -41  -13
0.260776733940559  -41.5  15
0.266912657092102  -41.5  14.1875
3.41464123383344  -41.5  4.4375
0.269980618667873  -41.5  6.5
0.294524311274043  -41  -8.9375
0.269980618667873  -41.5  8.5
0.260776733940559  -41.5  16.25
0.269980618667873  -41.5  15
3.39930142595458  -41.5  13
0.269980618667873  -41.5  11.75
0.288388388122501  -41.5  -4.0625
0.282252464970958  -41  0
0.266912657092102  -41.5  10.9375
0.260776733940559  -41.5  11.75
0.288388388122501  -41  0
0.260776733940559  -41.5  14.1875
0.294524311274043  -41.5  -4.0625
0.285320426546729  -41.5  3.25
0.260776733940559  -41.5  16.25
0.257708772364788  -41.5  18.25
0.260776733940559  -41.5  15
0.279184503395187  -41.5  6.5
0.266912657092102  -41.5  14.1875
0.257708772364788  -41.5  16.25
3.38396161807572  -41.5  7.6875
0.254640810789016  -41.5  1.1875
0.236233041334389  -41.5  15
0.233165079758617  -41.5  16.25
0.233165079758617  -41.5  13
0.245436926061703  -41.5  7.6875
0.230097118182846  -41.5  17.4375
0.233165079758617  -41.5  14.1875
0.236233041334389  -41.5  11.75
0.26384469551633  -41.5  4.0625
0.26384469551633  -41.5  -3.25
0.236233041334389  -41.5  14.1875
0.236233041334389  -41.5  13
0.26384469551633  -41  0
0.242368964485931  -41.5  7.6875
0.227029156607075  -41.5  15
0.227029156607075  -41.5  16.25
0.230097118182846  -41.5  13
0.227029156607075  -41.5  13
0.23930100291016  -41.5  11.75
0.223961195031304  -41.5  17.4375
0.236233041334389  -41.5  10.9375
0.223961195031304  -41.5  18.25
0.233165079758617  -41.5  14.1875
0.230097118182846  -41.5  14.1875
0.276116541819415  -41.5  -17.0625
0.230097118182846  -41.5  11.75
0.223961195031304  -41.5  15
0.233165079758617  -41.5  13
0.230097118182846  -41.5  13
0.233165079758617  -41.5  11.75
0.223961195031304  -41.5  14.1875
3.38089365649995  -41.5  5.25
3.40543734910612  -41.5  -5.25
0.269980618667873  -41.5  0
0.220893233455532  -41.5  15
0.220893233455532  -41.5  15
0.276116541819415  -41.5  -17.0625
0.220893233455532  -41.5  15
0.230097118182846  -41.5  13
0.220893233455532  -41.5  11.75
3.37475773334841  -41.5  9.75
0.230097118182846  -41.5  13
0.223961195031304  -41.5  13
0.227029156607075  -41.5  10.9375
0.217825271879761  -41.5  11.75
0.236233041334389  -41.5  9.75
0.254640810789016  -41.5  1.1875
0.245436926061703  -41.5  4.4375
0.223961195031304  -41.5  14.1875
0.223961195031304  -41.5  16.25
0.23930100291016  -41.5  9.75
0.227029156607075  -41.5  16.25
0.220893233455532  -41.5  17.4375
0.220893233455532  -41.5  16.25
0.217825271879761  -41.5  15
0.21475731030399  -41.5  20.75
0.251572849213245  -41  0
0.220893233455532  -41.5  15
0.217825271879761  -41.5  17.4375
0.220893233455532  -41.5  17.4375
3.39623346437881  -41.5  -2
3.40236938753035  -41.5  -6.5
0.227029156607075  -41.5  11.75
3.39623346437881  -41.5  -3.25
0.230097118182846  -41.5  14.1875
0.21475731030399  -41.5  18.25
0.223961195031304  -41.5  14.1875
0.245436926061703  -41.5  3.25
3.37168977177264  -41.5  7.6875
0.211689348728218  -41.5  17.4375
0.230097118182846  -41.5  8.5
3.37168977177264  -41.5  5.25
0.242368964485931  -41.5  1.1875
0.230097118182846  -41.5  9.75
0.21475731030399  -41.5  15
0.217825271879761  -41.5  14.1875
0.227029156607075  -41.5  15
0.257708772364788  -41  -4.0625
0.282252464970958  -41  -21.9375
0.245436926061703  -41.5  1.1875
0.220893233455532  -41.5  15
0.227029156607075  -41.5  14.1875
0.26384469551633  -41.5  -8.9375
0.257708772364788  -41.5  4.0625
0.233165079758617  -41.5  14.1875
0.245436926061703  -41.5  15
0.282252464970958  -41.5  -4.0625
0.269980618667873  -41.5  8.9375
0.245436926061703  -41.5  14.1875
3.38396161807572  -41.5  10.9375
0.233165079758617  -41.5  13
3.41157327225767  -41.5  -2
3.41157327225767  -41.5  -2
0.266912657092102  -41.5  0
0.233165079758617  -41.5  18.25
0.233165079758617  -41.5  17.4375
0.236233041334389  -41.5  13
0.23930100291016  -41.5  9.75
0.233165079758617  -41.5  11.75
3.40543734910612  -41.5  -3.25
3.39930142595458  -41.5  0
0.26384469551633  -41  4.0625
