0.763922432367049  -40  20.75
3.94846654801764  -40  0
0.776194278670134  -40  16.25
3.93619470171456  -40  0
3.9423306248661  -40  2
0.785398163397448  -40  11.75
0.806873894427847  -40  -1.1875
0.776194278670134  -40  21.5625
0.776194278670134  -40  21.5625
3.9423306248661  -40  3.25
3.94846654801764  -40  -1.1875
3.94539858644187  -40  1.1875
0.794602048124762  -40  -1.1875
3.92699081698724  -40  2
0.763922432367049  -40  21.5625
0.766990393942821  -40  13
0.766990393942821  -40  14.1875
0.785398163397448  -40.5  -8.9375
3.93312674013878  -40  1.1875
0.770058355518592  -40  16.25
0.785398163397448  -40  4.4375
0.797670009700533  -40  -8.9375
3.93619470171456  -40  -2
0.754718547639735  -40  17.4375
3.93619470171456  -40  -2
3.93312674013878  -40  -3.25
0.766990393942821  -40  19.5
0.770058355518592  -40  13
3.93619470171456  -40  0
3.92699081698724  -40  5.25
3.93619470171456  -40  1.1875
0.797670009700533  -40  -4.0625
3.92699081698724  -40  2
0.776194278670134  -40  15
3.93312674013878  -40  0
0.766990393942821  -40  16.25
3.93312674013878  -40  3.25
0.770058355518592  -40  11.75
0.791534086548991  -40  -4.0625
0.766990393942821  -40  15
0.763922432367049  -40  13
0.766990393942821  -40  13
0.770058355518592  -40  13
3.92699081698724  -40  4.4375
3.93005877856301  -40  -2
3.92699081698724  -40  3.25
0.785398163397448  -40  -4.0625
3.92392285541147  -40  2
3.93312674013878  -40  0
0.779262240245906  -40  0
3.93312674013878  -40  3.25
0.763922432367049  -40  21.5625
3.93926266329033  -40  -1.1875
3.93926266329033  -40  4.4375
0.770058355518592  -40  15
3.93312674013878  -40  3.25
0.766990393942821  -40  16.25
0.770058355518592  -40  17.4375
3.93312674013878  -40  4.4375
3.93312674013878  -40  0
0.803805932852076  -40  -17.0625
3.93619470171456  -40  -2
0.791534086548991  -40  2
3.93619470171456  -40  -3.25
3.92392285541147  -40  6.5
0.770058355518592  -40  11.75
3.93619470171456  -40  3.25
0.782330201821677  -40  11.75
3.93926266329033  -40  2
3.93619470171456  -40  1.1875
3.93619470171456  -40  3.25
0.773126317094363  -40  13
0.791534086548991  -40  -13
0.794602048124762  -40  3.25
0.797670009700533  -40  -2
0.803805932852076  -40  -4.0625
3.95153450959341  -40  1.1875
3.93926266329033  -40  2
0.785398163397448  -40  -4.0625
3.93619470171456  -40  2
0.785398163397448  -40  3.25
3.93312674013878  -40  3.25
0.797670009700533  -40  -4.0625
3.95153450959341  -40  2
3.93619470171456  -40  2
0.785398163397448  -40  4.0625
3.93619470171456  -40  5.25
3.93005877856301  -40  0
3.9423306248661  -40  3.25
0.809941856003619  -40  -13
0.773126317094363  -40  16.25
3.91165100910839  -40  11.75
3.9423306248661  -40  2
3.93005877856301  -40  9.75
3.93619470171456  -40  2
3.93619470171456  -40  2
3.90858304753261  -40  11.75
0.766990393942821  -40  20.75
3.93005877856301  -40  1.1875
0.78846612497322  -40  1.1875
0.785398163397448  -40  -4.0625
0.770058355518592  -40  16.25
0.770058355518592  -40  17.4375
0.797670009700533  -40  -8.9375
3.92699081698724  -40  4.4375
0.763922432367049  -40  16.25
3.93619470171456  -40  -2
0.782330201821677  -40  2
0.803805932852076  -40  -13
3.93005877856301  -40  4.4375
0.763922432367049  -40  14.1875
0.763922432367049  -40  13
3.93312674013878  -40  2
0.797670009700533  -40  -4.0625
0.766990393942821  -40  20.75
3.93619470171456  -40  4.4375
3.92699081698724  -40  1.1875
0.797670009700533  -40  -13
3.93619470171456  -40  2
0.763922432367049  -40  19.5
0.763922432367049  -40  24
3.93619470171456  -40  5.25
3.93005877856301  -40  2
0.773126317094363  -40  13
0.773126317094363  -40  13
0.797670009700533  -40.5  -13
3.93312674013878  -40  2
0.773126317094363  -40  20.75
3.94539858644187  -40  2
3.93312674013878  -40  2
3.93005877856301  -40  4.4375
0.785398163397448  -40.5  -4.0625
