6.23409792196725  -45.5  15
0.00613592315154256  -46  -8.9375
6.25250569142187  -45.5  16.25
6.25864161457342  -45.5  14.1875
0.0245436926061703  -46  -13
6.26477753772496  -45.5  17.4375
0.042951462060798  -45.5  -26
6.26477753772496  -45.5  13
0.0368155389092554  -45.5  -21.9375
6.2709134608765  -45.5  16.25
6.27398142245227  -45.5  14.1875
6.27398142245227  -45.5  14.1875
6.26170957614919  -45.5  14.1875
6.23716588354302  -45.5  16.25
6.25557365299764  -45.5  15
0.00613592315154256  -46  -17.0625
6.23716588354302  -45.5  16.25
6.24330180669456  -45.5  13
6.2494377298461  -45.5  22.75
0.00920388472731385  -45.5  3.25
0.0276116541819415  -45.5  -5.25
0.042951462060798  -46  -13
3.16613634619596  -46  2
0.0552233083638831  -46  -13
0.0613592315154256  -45.5  -13
0.0184077694546277  -46  8.5
0.042951462060798  -46  -21.9375
6.27398142245227  -46  9.75
0  -46  0
6.26477753772496  -45.5  14.1875
6.25864161457342  -45.5  14.1875
0  -46  0
0.00613592315154256  -46  -13
6.2494377298461  -45.5  11.75
6.26477753772496  -46  -4.0625
6.27704938402804  -46  0
6.25250569142187  -46  8.9375
6.24023384511879  -45.5  16.25
6.24023384511879  -45.5  16.25
6.24023384511879  -45.5  15
6.26477753772496  -45.5  0
6.23716588354302  -45.5  17.4375
6.2709134608765  -46  -13
6.24330180669456  -45.5  14.1875
6.24023384511879  -45.5  13
6.23409792196725  -45.5  16.25
6.24330180669456  -45.5  16.25
6.22489403723993  -45.5  19.5
6.24023384511879  -45.5  10.9375
6.24636976827033  -45.5  10.9375
6.27704938402804  -46  -13
6.23716588354302  -45.5  14.1875
6.27704938402804  -46  -17.0625
6.26477753772496  -45.5  3.25
6.25864161457342  -46  4.0625
6.23716588354302  -45.5  16.25
6.24636976827033  -46  0
6.23409792196725  -45.5  15
6.2494377298461  -45.5  10.9375
6.24636976827033  -45.5  6.5
6.24023384511879  -46  13
6.23716588354302  -45.5  15
0.00613592315154256  -46  -21.9375
6.2709134608765  -46  -4.0625
6.23716588354302  -45.5  14.1875
0  -46  -13
6.23102996039147  -45.5  16.25
6.2709134608765  -46  -13
6.23409792196725  -45.5  17.4375
6.25864161457342  -46  4.0625
6.23716588354302  -45.5  16.25
6.23716588354302  -45.5  15
6.23716588354302  -45.5  13
6.24330180669456  -45.5  15
6.24636976827033  -46  8.9375
6.23716588354302  -45.5  13
0  -46  -21.9375
6.23102996039147  -45.5  15
6.25864161457342  -46  -8.9375
6.26477753772496  -45.5  0
6.23716588354302  -45.5  19.5
6.23409792196725  -45.5  17.4375
6.24023384511879  -46  13
0  -46  -21.9375
6.24330180669456  -45.5  16.25
6.24023384511879  -45.5  11.75
0  -46  -21.9375
6.23716588354302  -45.5  13
6.24636976827033  -45.5  13
6.24636976827033  -45.5  9.75
6.23716588354302  -45.5  13
6.27704938402804  -46  -13
6.23716588354302  -45.5  13
6.23102996039147  -45.5  18.25
6.25250569142187  -46  -4.0625
6.26477753772496  -45.5  -1.1875
0.00613592315154256  -46  -17.0625
6.24636976827033  -45.5  11.75
6.27704938402804  -46  -13
6.24023384511879  -45.5  13
0  -46  -8.9375
6.24023384511879  -45.5  13
6.24023384511879  -45.5  16.25
6.26477753772496  -46  -4.0625
6.23716588354302  -45.5  16.25
6.2709134608765  -46  -8.9375
6.24636976827033  -45.5  13
0.00613592315154256  -46  -26
6.25250569142187  -45.5  6.5
6.2709134608765  -46  -13
6.23716588354302  -45.5  17.4375
6.2709134608765  -46  0
6.24330180669456  -45.5  13
6.24023384511879  -45.5  15
6.25250569142187  -45.5  11.75
0  -46  -17.0625
6.24330180669456  -45.5  17.4375
6.24023384511879  -45.5  13
6.23409792196725  -45.5  15
6.23716588354302  -45.5  15
6.25557365299764  -45.5  4.4375
6.25864161457342  -45.5  8.9375
6.25557365299764  -45.5  1.1875
6.23716588354302  -45.5  11.75
0  -46  -8.9375
6.24330180669456  -45.5  13
6.25864161457342  -46  -4.0625
6.26477753772496  -46  -4.0625
6.24330180669456  -45.5  13
6.24636976827033  -45.5  4.0625
6.25864161457342  -45.5  5.25
6.23716588354302  -45.5  15
