0.00613592315154256  -43.5  17.4375
0  -43.5  18.25
0.0797670009700533  -43.5  -17.0625
0.0674951546669682  -43  0
0.0460194236365692  -43.5  15
0.0552233083638831  -43.5  14.1875
0.0920388472731385  -43.5  -21.9375
0.0368155389092554  -43.5  11.75
0.0276116541819415  -43.5  16.25
0.0122718463030851  -43.5  20.75
0.0521553467881118  -43  3.25
0.042951462060798  -43  13
0.0552233083638831  -43  8.5
0.0613592315154256  -43  14.1875
0.0705631162427395  -43  10.9375
0.0828349625458246  -43.5  13
0.0828349625458246  -43  15
3.23363150086293  -43  4.4375
0.0705631162427395  -43  18.25
0.0705631162427395  -43  21.5625
0.0613592315154256  -43.5  17.4375
0.122718463030851  -43  -21.9375
0.0674951546669682  -43.5  16.25
0.0552233083638831  -43.5  17.4375
0.0613592315154256  -43.5  8.5
3.20601984668099  -43.5  -3.25
0.021475731030399  -43.5  15
0.0552233083638831  -43.5  -3.25
0.042951462060798  -43.5  8.9375
0.00920388472731385  -43.5  14.1875
6.28011734560381  -43.5  17.4375
0  -43.5  18.25
0.00306796157577128  -43.5  14.1875
0.042951462060798  -43.5  -17.0625
0.0490873852123405  -43.5  -26
0.0368155389092554  -43.5  -21.9375
6.2709134608765  -43  14.1875
0.0122718463030851  -43.5  -8.9375
0  -43.5  15
0  -43.5  16.25
6.27398142245227  -43.5  15
0.0368155389092554  -43.5  -13
0.0368155389092554  -43.5  -4.0625
0.0184077694546277  -43.5  4.0625
6.27704938402804  -43.5  17.4375
0.00306796157577128  -43.5  17.4375
0.00613592315154256  -43.5  17.4375
0.0368155389092554  -43.5  -13
0.0306796157577128  -43.5  -8.9375
6.28011734560381  -43.5  17.4375
0.00306796157577128  -43.5  13
0.0122718463030851  -43.5  13
0.00306796157577128  -43.5  14.1875
0.00306796157577128  -43.5  14.1875
0.0490873852123405  -43.5  -13
0.00613592315154256  -43.5  17.4375
0.0552233083638831  -43.5  -26
0.042951462060798  -43.5  -17.0625
0.0245436926061703  -43.5  -8.9375
0.0245436926061703  -43.5  -8.9375
6.28011734560381  -43.5  11.75
6.27704938402804  -43.5  11.75
0.0368155389092554  -43.5  -17.0625
0.0122718463030851  -43.5  -4.0625
6.27398142245227  -43.5  14.1875
6.2709134608765  -43.5  15
0.0245436926061703  -43.5  -21.9375
6.26170957614919  -43.5  13
0.00613592315154256  -43.5  -8.9375
0.0153398078788564  -43.5  -3.25
6.26784549930073  -43.5  15
0  -43.5  4.0625
0.00613592315154256  -43.5  3.25
6.27704938402804  -43.5  5.25
6.26477753772496  -43.5  13
6.26170957614919  -43.5  14.1875
0.0245436926061703  -43.5  -17.0625
6.25864161457342  -43.5  15
6.25557365299764  -43  21.5625
0.00613592315154256  -43.5  -4.0625
6.26170957614919  -43.5  13
0.0184077694546277  -43.5  -4.0625
6.28011734560381  -43  11.75
0.042951462060798  -43.5  -21.9375
0.0368155389092554  -43.5  -13
0.0184077694546277  -43.5  -4.0625
0.00613592315154256  -43  11.75
6.27398142245227  -43  15
0.0306796157577128  -43.5  -13
6.27704938402804  -43  11.75
6.2709134608765  -43  20.75
0.042951462060798  -43.5  -21.9375
6.28011734560381  -43  13
0.00613592315154256  -43  13
0.021475731030399  -43  5.25
0.0613592315154256  -43.5  -21.9375
0.0184077694546277  -43.5  0
0.00306796157577128  -43  13
6.2709134608765  -43  17.4375
0.0368155389092554  -43.5  -13
0.0306796157577128  -43.5  -8.9375
0.00306796157577128  -43  15
0.042951462060798  -43.5  -13
0.00613592315154256  -43  9.75
0  -43  17.4375
0.0368155389092554  -43.5  -17.0625
6.27704938402804  -43  16.25
6.28011734560381  -43  16.25
6.28011734560381  -43  14.1875
0.00920388472731385  -43  3.25
0.0245436926061703  -43.5  -13
0.042951462060798  -43.5  -26
6.26784549930073  -43.5  14.1875
6.28011734560381  -43.5  11.75
0.00613592315154256  -43.5  16.25
0.00920388472731385  -43.5  11.75
0.0122718463030851  -43.5  17.4375
0.021475731030399  -43.5  14.1875
0.0153398078788564  -43.5  15
3.17227226934751  -43.5  13
0.0552233083638831  -43.5  -8.9375
0.021475731030399  -43.5  13
0.0276116541819415  -43.5  15
0.0674951546669682  -43.5  -8.9375
0.021475731030399  -43.5  21.5625
0.0736310778185108  -43.5  -8.9375
0.0337475773334841  -43.5  8.5
0.0153398078788564  -43.5  15
0.0245436926061703  -43.5  14.1875
0.0276116541819415  -43.5  8.5
0.0184077694546277  -43.5  15
0.00920388472731385  -43.5  13
