1.58306817309798  -38  -5.25
1.55852448049181  -38  6.5
1.58920409624952  -38  -2
4.7430685961424  -38.5  -13
1.59840798097684  -38  -4.4375
4.73079674983932  -38.5  -4.0625
1.59534001940107  -38  -2
1.5707963267949  -38  8.5
1.58613613467375  -38  -1.1875
1.55852448049181  -38  11.75
1.56466040364335  -38  2
1.56772836521913  -38  6.5
1.58613613467375  -38  -5.25
1.55238855734027  -37.5  10.9375
4.72466082668778  -38.5  -13
1.56772836521913  -38  4.4375
4.71852490353623  -38  -8.9375
1.55852448049181  -38  2
4.71852490353623  -38  -8.9375
1.57693224994644  -38  -3.25
4.71852490353623  -38  -4.0625
1.57693224994644  -38  -1.1875
4.71238898038469  -38  -8.9375
1.56159244206758  -38  2
4.70625305723315  -38  0
4.71852490353623  -38  -4.0625
4.72466082668778  -38  -17.0625
4.71238898038469  -38  -4.0625
1.54625263418873  -38  9.75
1.57693224994644  -38  -2
1.56159244206758  -38  3.25
1.58306817309798  -38  -3.25
4.70625305723315  -38  4.0625
1.54625263418873  -38  13
4.69704917250583  -38  13
1.54625263418873  -38  9.75
1.54318467261295  -38  17.4375
1.57386428837067  -38  0
4.71852490353623  -38  -4.0625
1.54625263418873  -38  6.5
1.54011671103718  -38  15
4.72466082668778  -38  -8.9375
4.71238898038469  -38.5  0
4.68477732620275  -38  17.4375
1.57693224994644  -38  -4.4375
1.56466040364335  -38  5.25
4.72466082668778  -38  -8.9375
1.58306817309798  -38  -7.6875
4.71852490353623  -38  0
1.55852448049181  -38  4.4375
1.58613613467375  -38  -6.5
1.55545651891604  -38  9.75
1.54318467261295  -38  11.75
1.58306817309798  -38  -5.25
4.71238898038469  -38  -4.0625
4.72466082668778  -38  -8.9375
4.71238898038469  -38  -13
4.71852490353623  -38  -8.9375
4.71852490353623  -38  -17.0625
4.71238898038469  -38.5  -4.0625
1.57386428837067  -38  -2
4.71238898038469  -38.5  -4.0625
4.70625305723315  -38  0
1.54318467261295  -38  10.9375
1.58000021152221  -38  -5.25
1.5493205957645  -38  8.5
1.5707963267949  -38  -2
4.70625305723315  -38  4.0625
4.71852490353623  -38.5  -13
1.56772836521913  -38  0
1.56159244206758  -38  2
4.71852490353623  -38  -8.9375
4.70625305723315  -38  0
1.5493205957645  -38  9.75
1.54625263418873  -38  6.5
1.56772836521913  -38  0
1.56772836521913  -38  0
1.55852448049181  -38  5.25
1.58000021152221  -38  -3.25
4.71238898038469  -38  0
1.56772836521913  -38  -4.4375
4.71238898038469  -38  -4.0625
1.58306817309798  -38  -6.5
4.69704917250583  -38  9.75
1.58000021152221  -38  -4.4375
4.72466082668778  -38  -17.0625
4.7001171340816  -38.5  4.0625
4.71238898038469  -38  -4.0625
4.72466082668778  -38  -8.9375
1.54625263418873  -38  9.75
1.57386428837067  -38  -2
1.55852448049181  -38  5.25
4.71238898038469  -38  -4.0625
4.71238898038469  -38.5  -4.0625
1.57386428837067  -38  -3.25
1.57386428837067  -38  -4.4375
1.54625263418873  -38  14.1875
1.58000021152221  -38  -2
1.55852448049181  -38  3.25
4.70625305723315  -38  0
1.5707963267949  -38  0
4.68477732620275  -38  16.25
4.69398121093006  -38  13
4.71238898038469  -38  -4.0625
1.5493205957645  -38  14.1875
4.71238898038469  -38  -8.9375
4.70625305723315  -38  4.0625
4.71238898038469  -38  -4.0625
1.57386428837067  -38  -2
4.7001171340816  -38  4.0625
1.5493205957645  -38  7.6875
4.71852490353623  -38.5  -8.9375
4.69398121093006  -38  15
4.71238898038469  -38  1.1875
4.70625305723315  -38  4.0625
1.58000021152221  -38  -2
4.71238898038469  -38  -8.9375
1.56466040364335  -38  3.25
4.68477732620275  -38  15
1.55545651891604  -38  5.25
1.54625263418873  -38  6.5
1.57693224994644  -38  -3.25
4.71238898038469  -38  0
4.68170936462698  -38  17.4375
1.55545651891604  -38  6.5
4.71852490353623  -38  -4.0625
1.58613613467375  -38  -6.5
1.58306817309798  -38  -2
4.71852490353623  -38  -4.0625
1.57386428837067  -38  0
4.71238898038469  -38.5  -8.9375
1.58613613467375  -38  -5.25
