1.7947575218262  -41  9.75
4.93941813699176  -41  11.75
1.84077694546277  -40.5  -4.0625
4.97316571432525  -41  2
4.96089386802216  -41  6.5
1.83464102231123  -40.5  13
1.85304879176585  -40.5  -13
1.84077694546277  -40.5  -4.0625
4.97009775274948  -41  7.6875
4.97009775274948  -41  4.4375
4.96702979117371  -41  6.5
4.95782590644639  -41  6.5
1.83464102231123  -41  -8.9375
4.95782590644639  -41  8.5
4.96702979117371  -41  7.6875
1.83464102231123  -40.5  -13
4.98236959905256  -41  -4.4375
1.82850509915968  -40.5  8.9375
4.94862202171908  -41  10.9375
4.95168998329485  -41  5.25
1.83464102231123  -41  4.0625
4.97316571432525  -41  -1.1875
4.96702979117371  -41  3.25
1.82850509915968  -40.5  0
1.8162332528566  -40.5  -13
4.93635017541599  -41  10.9375
4.93941813699176  -41  2
1.80396140655351  -40.5  0
4.93635017541599  -41  7.6875
4.93941813699176  -41  5.25
1.82236917600814  -40.5  -8.9375
4.93021425226445  -41  10.9375
1.80396140655351  -40.5  8.9375
4.93021425226445  -41  7.6875
4.93941813699176  -41  4.4375
1.8162332528566  -41  -4.0625
4.93941813699176  -41  4.4375
4.93941813699176  -41  3.25
1.81009732970506  -40.5  0
1.7947575218262  -41  11.75
4.93941813699176  -41  8.5
1.82850509915968  -40.5  -21.9375
4.91487444438559  -41  16.25
4.95168998329485  -41  0
1.8162332528566  -40.5  0
4.96089386802216  -41  -1.1875
4.94248609856754  -41  5.25
1.8162332528566  -40.5  0
4.94555406014331  -41  7.6875
1.80396140655351  -40.5  13
4.96702979117371  -41  0
4.95475794487062  -41  -2
1.80396140655351  -40.5  4.0625
1.81009732970506  -40.5  -8.9375
4.92407832911291  -41  3.25
4.94248609856754  -41  0
1.80396140655351  -40.5  -4.0625
4.92714629068868  -41  5.25
1.79168956025043  -40.5  -4.0625
1.78555363709889  -41  13
4.93635017541599  -41  1.1875
1.80396140655351  -40.5  -8.9375
4.90567055965828  -41  14.1875
4.95168998329485  -41  -1.1875
1.81009732970506  -40.5  -8.9375
4.94555406014331  -41  1.1875
1.80396140655351  -41  0
1.81009732970506  -40.5  8.9375
4.93328221384022  -41  7.6875
1.81009732970506  -40.5  -4.0625
4.92101036753714  -41  9.75
4.92101036753714  -41  10.9375
1.79782548340197  -40.5  0
4.93328221384022  -41  7.6875
4.92101036753714  -41  6.5
1.79168956025043  -40.5  -4.0625
4.93328221384022  -41  7.6875
4.94248609856754  -41  -2
1.77941771394734  -41  9.75
4.93941813699176  -41  8.5
4.93635017541599  -41  8.5
4.94248609856754  -41  1.1875
4.93021425226445  -41  6.5
1.79782548340197  -40.5  4.0625
1.78862159867466  -41  13
4.93941813699176  -41  8.5
4.93941813699176  -41  4.4375
1.79168956025043  -41  13
1.80396140655351  -41  4.0625
1.80089344497774  -41  8.5
1.82236917600814  -40.5  -17.0625
4.94248609856754  -41  5.25
4.92714629068868  -41  11.75
1.81009732970506  -41  4.0625
4.94555406014331  -41  3.25
4.95475794487062  -41  4.4375
1.8162332528566  -40.5  0
4.93941813699176  -41  7.6875
1.82850509915968  -40.5  -21.9375
4.93328221384022  -41  6.5
4.93021425226445  -41  4.4375
4.93021425226445  -41  4.4375
4.93635017541599  -41  4.4375
4.93635017541599  -41  11.75
4.94248609856754  -41  5.25
1.8162332528566  -40.5  -8.9375
4.92407832911291  -41  16.25
1.8162332528566  -40.5  -8.9375
4.91487444438559  -41  16.25
1.79782548340197  -41  9.75
4.93635017541599  -41  4.4375
4.93635017541599  -41  8.5
4.96396182959793  -41  -5.25
4.94248609856754  -41  7.6875
4.94862202171908  -41  2
4.93328221384022  -41  6.5
4.93635017541599  -41  8.5
4.94248609856754  -41  7.6875
4.94248609856754  -41  6.5
1.80396140655351  -41  0
1.79782548340197  -41  8.5
1.8162332528566  -40.5  -8.9375
4.93635017541599  -41  5.25
4.94248609856754  -41  7.6875
1.81009732970506  -40.5  -4.0625
4.95475794487062  -41  -1.1875
1.80396140655351  -40.5  8.9375
1.8162332528566  -40.5  -8.9375
4.91794240596137  -41  16.25
4.94862202171908  -41  3.25
4.94555406014331  -41  6.5
4.95782590644639  -41  -2
