4.69398121093006  -43  14.1875
4.72466082668778  -43.5  8.9375
4.75534044244549  -43.5  -8.9375
4.70318509565738  -43  16.25
4.75534044244549  -43.5  -13
1.60761186570415  -43  -3.25
1.60147594255261  -43  -1.1875
4.73079674983932  -43  8.9375
4.76761228874857  -43.5  -13
1.5922720578253  -43  4.4375
4.72772878826355  -43  14.1875
4.76761228874857  -43  0
1.60761186570415  -43  -1.1875
4.79215598135474  -43.5  -21.9375
1.59840798097684  -43  6.5
1.61374778885569  -43  3.25
4.77374821190012  -43.5  0
4.79215598135474  -43  -13
1.61067982727992  -43  2
4.79215598135474  -43  -13
4.72772878826355  -43  14.1875
4.73386471141509  -43  18.25
4.79215598135474  -43  -8.9375
4.73386471141509  -43  17.4375
4.74920451929395  -43.5  8.9375
4.80442782765783  -43  -21.9375
4.77374821190012  -43.5  -4.0625
1.61067982727992  -43  2
4.79829190450629  -43.5  -17.0625
1.61988371200724  -43  1.1875
4.7860200582032  -43.5  -13
4.72772878826355  -43  17.4375
1.61681575043147  -43  -1.1875
4.77374821190012  -43.5  0
1.62295167358301  -43  2
1.60761186570415  -43  6.5
4.77374821190012  -43  0
1.62295167358301  -43  -2
1.59534001940107  -43  10.9375
4.79215598135474  -43.5  -17.0625
1.5922720578253  -43  9.75
4.7430685961424  -43  14.1875
4.77374821190012  -43.5  -4.0625
1.59534001940107  -43  9.75
4.77374821190012  -43.5  0
1.61988371200724  -43  0
4.77988413505166  -43.5  0
1.61681575043147  -43  1.1875
4.74613655771817  -43  14.1875
4.77988413505166  -43.5  0
1.61681575043147  -43  2
4.76147636559703  -43.5  0
1.62295167358301  -43  -1.1875
1.60454390412838  -43  8.5
4.77374821190012  -43.5  0
4.77988413505166  -43.5  -13
4.7860200582032  -43.5  -13
4.73386471141509  -43  17.4375
4.7860200582032  -43  -8.9375
4.80442782765783  -43.5  -17.0625
4.75227248086972  -43  10.9375
1.61067982727992  -43  2
1.5922720578253  -43  14.1875
1.62908759673455  -43  -5.25
1.60761186570415  -43  6.5
4.75534044244549  -43.5  4.0625
4.73079674983932  -43  16.25
4.7860200582032  -43.5  -17.0625
4.76761228874857  -43.5  -4.0625
4.76761228874857  -43.5  0
1.61067982727992  -43  2
4.77374821190012  -43  0
4.7430685961424  -43  14.1875
4.76761228874857  -43  -4.0625
4.72772878826355  -43  18.25
4.74920451929395  -43  8.5
1.61681575043147  -43  4.4375
4.7430685961424  -43  14.1875
1.59534001940107  -43  11.75
4.77374821190012  -43.5  -4.0625
4.77374821190012  -43.5  -8.9375
1.61988371200724  -43  0
4.76761228874857  -43.5  0
4.77988413505166  -43.5  -4.0625
4.74613655771817  -43  4.4375
1.62908759673455  -43  -5.25
1.62601963515878  -43  -2
1.61988371200724  -43  -1.1875
4.74920451929395  -43.5  8.9375
1.59534001940107  -43  9.75
1.62908759673455  -43  -3.25
4.79829190450629  -43  -21.9375
1.5922720578253  -43  6.5
4.75534044244549  -43.5  0
1.59840798097684  -43  6.5
1.59534001940107  -43  6.5
4.75534044244549  -43.5  8.9375
4.76147636559703  -43.5  0
4.77988413505166  -43  -8.9375
4.74000063456663  -43  9.75
4.75534044244549  -43.5  4.0625
4.79829190450629  -43.5  -30.0625
4.73693267299086  -43.5  21.9375
4.73386471141509  -43  15
4.7860200582032  -43.5  -21.9375
4.71238898038469  -43  20.75
4.71852490353623  -43  19.5
4.77988413505166  -43.5  -17.0625
1.60147594255261  -43  0
4.77374821190012  -43  -8.9375
1.60761186570415  -43  1.1875
4.76761228874857  -43.5  -8.9375
4.77988413505166  -43  -17.0625
1.59840798097684  -43  3.25
4.75534044244549  -43  -4.0625
1.5707963267949  -43  6.5
4.71238898038469  -43  15
1.56466040364335  -43  9.75
1.56772836521913  -43  11.75
1.58306817309798  -43  -3.25
4.69398121093006  -43  16.25
4.69398121093006  -43  10.9375
1.53091282630987  -43  5.25
1.54318467261295  -43  6.5
4.69398121093006  -43.5  4.0625
4.68784528777852  -43.5  13
4.72466082668778  -43.5  -17.0625
1.55238855734027  -43  -3.25
4.68784528777852  -43.5  0
1.53398078788564  -43  9.75
4.67557344147543  -43  13
4.71852490353623  -43.5  -17.0625
