5.06213660002262  -44  14.1875
5.07134048474993  -44  19.5
5.11122398523496  -43.5  4.0625
1.95122356219054  -44  3.25
5.08054436947724  -44  17.4375
1.93895171588745  -44  10.9375
5.07747640790147  -44  17.4375
1.93895171588745  -44  8.5
1.94815560061476  -44  8.5
1.94815560061476  -44  3.25
1.95735948534208  -44  2
1.97883521637248  -44  -2
1.96963133164516  -44  -4.4375
1.96349540849362  -44  -2
5.08054436947724  -44  16.25
1.93588375431168  -44  13
5.1173599083865  -43.5  -13
1.94815560061476  -44  5.25
1.94815560061476  -44  8.5
1.95735948534208  -44  5.25
1.95429152376631  -44  4.4375
1.95122356219054  -44  5.25
5.11122398523496  -43.5  -4.0625
5.06827252317416  -44  9.75
5.07134048474993  -44  14.1875
1.94815560061476  -44  1.1875
5.09281621578033  -43.5  0
1.92667986958437  -44  11.75
5.0744084463257  -44  14.1875
1.96042744691785  -44  -4.4375
1.92361190800859  -44  9.75
1.94815560061476  -44  0
1.94815560061476  -44  -2
5.08054436947724  -43.5  4.0625
5.07747640790147  -44  10.9375
1.92667986958437  -44  6.5
5.06827252317416  -44  15
5.07134048474993  -44  15
5.06520456159839  -44  18.25
5.09281621578033  -43.5  0
1.94201967746322  -44  -1.1875
5.05600067687107  -44  20.75
1.94508763903899  -44  -1.1875
1.93895171588745  -44  5.25
1.94815560061476  -44  3.25
1.95122356219054  -44  -4.4375
1.95429152376631  -44  -5.25
5.08668029262879  -43.5  0
1.95429152376631  -44  -4.4375
5.06213660002262  -44  19.5
5.06213660002262  -44  16.25
1.92361190800859  -44  11.75
1.93895171588745  -44  3.25
1.95429152376631  -44  -5.25
5.09281621578033  -43.5  -4.0625
5.06520456159839  -44  14.1875
5.08668029262879  -43.5  -8.9375
5.08054436947724  -44  2
1.92361190800859  -44  6.5
1.92667986958437  -44  3.25
1.91134006170551  -44  10.9375
1.94201967746322  -44  0
1.94201967746322  -44  0
1.91440802328128  -44  6.5
1.92361190800859  -44  3.25
1.90520413855397  -44  14.1875
5.08668029262879  -43.5  -13
1.93895171588745  -44  -3.25
1.89906821540242  -44  13
5.03452494584067  -44  18.25
5.03759290741645  -44  13
5.04679679214376  -44  11.75
5.08668029262879  -43.5  -21.9375
5.08054436947724  -43.5  -17.0625
5.04372883056799  -44  16.25
5.03759290741645  -44  17.4375
5.0529327152953  -44  9.75
5.04986475371953  -44  11.75
5.09895213893187  -43.5  -21.9375
1.93895171588745  -44  -3.25
5.08054436947724  -43.5  0
1.92667986958437  -44  2
5.06827252317416  -43.5  8.9375
1.90520413855397  -44  18.25
1.94815560061476  -44  -1.1875
5.09281621578033  -43.5  -13
5.08361233105301  -44  1.1875
5.09281621578033  -43.5  -17.0625
1.92054394643282  -44  7.6875
5.08054436947724  -43.5  0
1.94201967746322  -44  -7.6875
5.09895213893187  -43.5  -13
1.92974783116014  -44  7.6875
5.09895213893187  -43.5  -17.0625
5.04986475371953  -44  14.1875
1.89906821540242  -44  18.25
5.05906863844684  -44  14.1875
5.05906863844684  -44  9.75
5.04372883056799  -44  19.5
5.0744084463257  -43.5  0
5.04986475371953  -44  16.25
5.0744084463257  -43.5  4.0625
5.05600067687107  -44  16.25
1.91134006170551  -44  9.75
1.92667986958437  -44  4.4375
5.05906863844684  -44  14.1875
5.06520456159839  -44  11.75
5.08054436947724  -43.5  0
1.93588375431168  -44  0
5.05600067687107  -44  17.4375
1.94201967746322  -44  -5.25
1.94508763903899  -44  -2
1.93895171588745  -44  1.1875
5.06827252317416  -44  14.1875
1.9021361769782  -44  18.25
1.94201967746322  -44  1.1875
5.05906863844684  -44  16.25
5.05600067687107  -44  14.1875
1.91440802328128  -44  11.75
1.92974783116014  -44  5.25
1.91440802328128  -44  7.6875
5.06213660002262  -44  11.75
1.93281579273591  -44  3.25
5.09895213893187  -43.5  -13
1.91747598485705  -44  13
1.91747598485705  -44  8.5
5.09281621578033  -43.5  -13
1.93588375431168  -44  -1.1875
5.08054436947724  -43.5  0
1.92054394643282  -44  11.75
5.05600067687107  -44  14.1875
5.09895213893187  -43.5  -17.0625
