1.31308755443011  -46.5  4.0625
4.44547632329259  -46.5  18.25
4.47308797747453  -46.5  8.5
1.32535940073319  -46  4.0625
1.31308755443011  -46.5  17.4375
4.4761559390503  -46.5  4.4375
1.35603901649091  -46  -30.0625
4.49456370850493  -46.5  3.25
4.48535982377761  -46.5  6.5
1.33763124703628  -46.5  -8.9375
4.4761559390503  -46.5  5.25
1.36217493964245  -46.5  -34.9375
1.31922347758165  -46.5  18.25
1.36217493964245  -46.5  -34.9375
1.32229143915742  -46.5  16.25
1.33149532388474  -46.5  14.1875
1.33763124703628  -46.5  -8.9375
4.46388409274722  -46.5  6.5
1.33149532388474  -46.5  -17.0625
1.32535940073319  -46.5  -8.9375
4.45774816959567  -46.5  7.6875
1.31922347758165  -46.5  4.0625
4.46388409274722  -46.5  8.5
1.31922347758165  -46.5  -8.9375
4.47002001589876  -46.5  6.5
4.43627243856527  -46.5  21.5625
4.4761559390503  -46.5  2
4.46388409274722  -46.5  6.5
4.44547632329259  -46.5  17.4375
4.48535982377761  -46.5  4.4375
1.33149532388474  -46  -8.9375
1.29161182339971  -46.5  22.75
1.33149532388474  -46.5  -4.0625
4.47308797747453  -46.5  5.25
4.48229186220184  -46.5  5.25
4.47308797747453  -46.5  4.4375
1.33763124703628  -46  -21.9375
4.44854428486836  -46.5  16.25
1.31308755443011  -46.5  -4.0625
1.31308755443011  -46  4.0625
4.47002001589876  -46.5  6.5
1.32535940073319  -46.5  4.0625
4.4761559390503  -46.5  5.25
4.44547632329259  -46.5  15
1.31001959285434  -46.5  11.75
1.32535940073319  -46.5  -13
4.45774816959567  -46.5  14.1875
1.33763124703628  -46.5  -21.9375
1.31615551600588  -46.5  13
1.33149532388474  -46  -13
4.47002001589876  -46.5  6.5
4.47002001589876  -46.5  7.6875
1.34376717018782  -46  -13
1.31001959285434  -46.5  13
1.33763124703628  -46  -13
4.4761559390503  -46.5  3.25
1.33149532388474  -46.5  -17.0625
4.47002001589876  -46.5  8.5
1.33149532388474  -46.5  -13
4.47308797747453  -46.5  6.5
4.47308797747453  -46.5  8.5
4.4761559390503  -46.5  4.4375
4.46388409274722  -46.5  9.75
4.47002001589876  -46.5  8.5
4.47308797747453  -46.5  5.25
1.34069920861205  -46.5  -1.1875
4.46388409274722  -46.5  6.5
4.46388409274722  -46.5  11.75
1.33763124703628  -46.5  -8.9375
4.46388409274722  -46.5  6.5
1.33763124703628  -46  -17.0625
1.31922347758165  -46  -8.9375
4.46081613117144  -46.5  6.5
4.4761559390503  -46.5  4.4375
4.47922390062607  -46.5  4.4375
1.32229143915742  -46.5  4.4375
1.34376717018782  -46.5  -21.9375
4.47922390062607  -46.5  3.25
4.46695205432299  -46.5  8.5
1.32535940073319  -46.5  -8.9375
1.31922347758165  -46.5  8.9375
4.46695205432299  -46.5  8.5
4.4761559390503  -46.5  3.25
1.33763124703628  -46  -21.9375
4.4761559390503  -46.5  1.1875
1.32535940073319  -46.5  0
1.31922347758165  -46.5  13
1.31308755443011  -46  0
1.31615551600588  -46.5  11.75
4.4546802080199  -46.5  15
4.47002001589876  -46.5  4.4375
4.47002001589876  -46.5  7.6875
1.31922347758165  -46.5  9.75
1.33149532388474  -46.5  -4.0625
4.47002001589876  -46.5  4.4375
1.35603901649091  -46  -30.0625
4.46081613117144  -46.5  10.9375
1.30081570812702  -46.5  16.25
4.43627243856527  -46.5  19.5
1.33149532388474  -46.5  -17.0625
4.46695205432299  -46.5  2
4.4546802080199  -46.5  14.1875
4.46388409274722  -46.5  9.75
1.32535940073319  -46.5  -8.9375
1.31615551600588  -46.5  15
1.33763124703628  -46  -13
1.33763124703628  -46  -17.0625
4.47308797747453  -46.5  4.4375
1.33149532388474  -46  -21.9375
1.32535940073319  -46.5  7.6875
1.31922347758165  -46.5  -8.9375
1.31001959285434  -46.5  13
1.34376717018782  -46.5  -17.0625
4.46388409274722  -46.5  8.5
1.31922347758165  -46  -13
4.43934040014105  -46.5  17.4375
1.31615551600588  -46.5  10.9375
4.47308797747453  -46.5  7.6875
4.44547632329259  -46.5  15
1.31308755443011  -46.5  14.1875
4.47922390062607  -46.5  5.25
1.32535940073319  -46.5  -26
4.47002001589876  -46.5  5.25
1.32229143915742  -46.5  7.6875
1.32535940073319  -46.5  -4.0625
1.31001959285434  -46.5  16.25
1.33149532388474  -46.5  -8.9375
1.31001959285434  -46.5  14.1875
1.33763124703628  -46.5  -17.0625
1.33763124703628  -46.5  -17.0625
4.48842778535339  -46.5  0
1.31922347758165  -46  4.0625
