1.8591847149174  -46  -1.1875
1.88372840752357  -46  -2
1.8806604459478  -46  -2
5.02532106111336  -45.5  13
5.00691329165873  -45.5  9.75
4.99770940693142  -45.5  17.4375
1.88679636909934  -46  4.4375
5.00384533008296  -45.5  17.4375
5.00691329165873  -45.5  15
5.03452494584067  -46  3.25
5.06213660002262  -45.5  0
5.01304921481027  -45.5  14.1875
1.86225267649317  -46  15
1.89293229225088  -46  2
1.88986433067511  -46  -3.25
1.89293229225088  -46  -2
5.0314569842649  -45.5  17.0625
1.87452452279625  -46  5.25
4.99770940693142  -45.5  19.5
5.02532106111336  -45.5  17.0625
4.99770940693142  -45.5  18.25
1.87759248437202  -46  -1.1875
1.88372840752357  -46  -4.4375
5.00691329165873  -45.5  21.9375
5.0314569842649  -45.5  -4.0625
1.8806604459478  -46  0
1.8806604459478  -46  -1.1875
5.01304921481027  -45.5  21.9375
4.9885055222041  -46  18.25
1.87452452279625  -46  -1.1875
1.87452452279625  -46  -1.1875
1.86838859964471  -46  1.1875
5.00077736850719  -45.5  30.0625
1.87452452279625  -46  -2
5.01304921481027  -45.5  21.9375
1.84691286861431  -46  7.6875
1.86532063806894  -46  9.75
1.86225267649317  -46  10.9375
1.87452452279625  -46  0
1.8591847149174  -46  4.4375
5.02532106111336  -45.5  8.9375
1.84998083019008  -46  15
5.04986475371953  -45.5  -8.9375
1.87145656122048  -46  3.25
1.8806604459478  -46  -2
1.8806604459478  -46  0
1.8806604459478  -46  -4.4375
5.01304921481027  -45.5  21.9375
1.86532063806894  -46  2
5.03759290741645  -45.5  4.0625
1.8806604459478  -46  -3.25
1.86532063806894  -46  5.25
4.98236959905256  -45.5  17.4375
1.87145656122048  -46  -2
4.97930163747679  -45.5  19.5
5.01918513796182  -45.5  17.0625
1.8806604459478  -45.5  -5.25
5.01918513796182  -45.5  8.9375
4.99157348377988  -45.5  20.75
1.8806604459478  -45.5  1.1875
1.87145656122048  -46  1.1875
1.87452452279625  -46  0
1.88372840752357  -46  -1.1875
1.86225267649317  -46  11.75
1.89293229225088  -46  -3.25
1.89293229225088  -46  -2
1.88986433067511  -46  -5.25
1.8806604459478  -46  1.1875
1.87145656122048  -46  2
5.01304921481027  -45.5  21.9375
1.89293229225088  -46  -3.25
1.87759248437202  -46  -1.1875
1.86532063806894  -46  11.75
5.03759290741645  -45.5  4.0625
1.85611675334163  -46  15
4.99464144535565  -46  19.5
1.86838859964471  -46  13
5.0314569842649  -45.5  4.0625
1.87145656122048  -46  4.4375
5.02532106111336  -45.5  8.9375
1.84691286861431  -46  11.75
1.87452452279625  -46  3.25
1.87145656122048  -46  8.5
1.87452452279625  -46  7.6875
5.02532106111336  -45.5  21.9375
4.99464144535565  -46  14.1875
1.89600025382665  -46  -7.6875
1.87452452279625  -46  0
1.8806604459478  -46  -2
1.87145656122048  -46  6.5
1.86838859964471  -46  9.75
1.86838859964471  -46  5.25
5.05600067687107  -45.5  -8.9375
1.8591847149174  -46  6.5
5.02532106111336  -45.5  4.0625
1.86838859964471  -46  3.25
5.01918513796182  -45.5  8.9375
5.02532106111336  -45.5  13
5.02532106111336  -45.5  4.0625
1.86532063806894  -46  0
5.02532106111336  -45.5  8.9375
1.84691286861431  -46  5.25
5.01918513796182  -45.5  8.9375
1.85304879176585  -46  5.25
1.89293229225088  -46  1.1875
5.01304921481027  -45.5  21.5625
1.90827210012974  -45.5  5.25
4.99464144535565  -45  13
1.84691286861431  -46  0
4.98236959905256  -46  15
4.98543756062833  -46  16.25
4.97623367590102  -46  19.5
1.85304879176585  -46  0
1.84998083019008  -46  1.1875
1.83157306073546  -46  8.5
1.86225267649317  -46  -5.25
1.87145656122048  -46  0
1.87759248437202  -46  -3.25
1.86838859964471  -46  -2
1.87452452279625  -46  -1.1875
5.0314569842649  -45.5  17.0625
5.02532106111336  -46  13
1.92667986958437  -46  4.4375
5.04372883056799  -45.5  16.25
1.93588375431168  -45.5  -3.25
1.90827210012974  -45.5  0
1.91747598485705  -45.5  -7.6875
5.05600067687107  -45.5  17.0625
5.04986475371953  -45.5  21.9375
1.91747598485705  -45.5  -6.5
5.01611717638605  -45.5  18.25
5.02838902268913  -45.5  16.25
