0.819145740730932  -38  1.1875
3.98221412535112  -38  -4.0625
3.95153450959341  -38  8.5
0.828349625458246  -38  -1.1875
0.831417587034017  -38  0
0.83755351018556  -38  -2
0.831417587034017  -38  0
0.834485548609789  -38  -1.1875
0.83755351018556  -38  -1.1875
3.94539858644187  -38  4.0625
3.95767043274495  -38  -4.0625
3.95767043274495  -38  0
3.9638063558965  -38  -4.0625
3.95767043274495  -38  8.9375
3.95767043274495  -38  8.9375
0.816077779155161  -38  0
3.95153450959341  -38  8.9375
3.96994227904804  -38  -8.9375
3.95153450959341  -38  0
0.816077779155161  -38  1.1875
3.95153450959341  -38  0
3.95153450959341  -38  0
3.9638063558965  -38  0
0.819145740730932  -38  0
3.95767043274495  -38  0
0.797670009700533  -38  8.5
3.96994227904804  -38  -13
3.95153450959341  -38  8.9375
0.819145740730932  -38  -2
3.9638063558965  -38  -4.0625
0.81300981757939  -38  1.1875
0.819145740730932  -38  -3.25
3.9638063558965  -38  -4.0625
3.95153450959341  -38  4.0625
0.819145740730932  -38  -3.25
3.95767043274495  -38  8.9375
0.819145740730932  -38  -5.25
3.95153450959341  -38  0
0.800737971276305  -38  9.75
3.9638063558965  -38  0
0.816077779155161  -38  -2
3.95767043274495  -38  0
0.822213702306704  -38  -3.25
3.97607820219958  -38  -4.0625
0.816077779155161  -38  0
3.94539858644187  -38  8.9375
3.96994227904804  -38  0
0.822213702306704  -38  -3.25
3.95767043274495  -38  0
3.9638063558965  -38  0
3.94539858644187  -38  13
3.9638063558965  -38  -4.0625
3.94539858644187  -38  13
3.94539858644187  -38  4.0625
3.9638063558965  -38  -4.0625
3.9638063558965  -38  -4.0625
0.822213702306704  -38  -1.1875
3.9638063558965  -38  -8.9375
0.819145740730932  -38  -2
3.95153450959341  -38  8.9375
0.806873894427847  -38  2
3.95767043274495  -38  -4.0625
3.9638063558965  -38  -8.9375
3.97607820219958  -38  -4.0625
3.95153450959341  -38  4.0625
3.96994227904804  -38  -13
3.96994227904804  -38  -8.9375
3.9638063558965  -38  -4.0625
0.816077779155161  -38  -1.1875
0.794602048124762  -38  9.75
3.95153450959341  -38  0
3.9638063558965  -38  -8.9375
3.9638063558965  -38  0
0.822213702306704  -38  -1.1875
3.95767043274495  -38  -4.0625
3.94539858644187  -38  8.9375
3.95767043274495  -38  4.0625
0.822213702306704  -38  -1.1875
3.95767043274495  -38  -8.9375
3.9638063558965  -38  -8.9375
3.96994227904804  -38  -13
0.81300981757939  -38  0
3.94539858644187  -38  8.9375
0.819145740730932  -38  -4.4375
3.9638063558965  -38  -4.0625
3.9638063558965  -38  -4.0625
3.97607820219958  -38  -8.9375
0.816077779155161  -38  -2
0.819145740730932  -38  -3.25
3.9638063558965  -38  -4.0625
0.81300981757939  -38  1.1875
3.94539858644187  -38  4.0625
3.95153450959341  -38  8.9375
0.809941856003619  -38  1.1875
3.96994227904804  -38  -8.9375
3.9638063558965  -38  0
3.95153450959341  -38  13
0.81300981757939  -38  0
3.95153450959341  -38  8.9375
3.9638063558965  -38  -8.9375
0.816077779155161  -38  -2
3.94539858644187  -38  8.9375
0.816077779155161  -38  1.1875
3.95767043274495  -38  4.0625
3.95153450959341  -38  8.9375
0.819145740730932  -38  -3.25
3.95767043274495  -38  8.9375
0.816077779155161  -38  -1.1875
3.9638063558965  -38  -4.0625
3.95767043274495  -38  -4.0625
3.95153450959341  -38  0
3.94539858644187  -38  13
3.9638063558965  -38  -13
3.94539858644187  -38  4.0625
3.95767043274495  -38  -4.0625
3.95767043274495  -38  4.0625
3.95767043274495  -38  -4.0625
0.816077779155161  -38  1.1875
3.95767043274495  -38  0
3.95767043274495  -38  4.0625
3.95153450959341  -38  4.0625
3.9638063558965  -38  -8.9375
3.96994227904804  -38  -8.9375
3.96994227904804  -38  -4.0625
3.94539858644187  -38  8.9375
0.822213702306704  -38  -1.1875
0.819145740730932  -38  0
0.809941856003619  -38  -2
3.97607820219958  -38  -13
3.96994227904804  -38  0
3.95153450959341  -38  4.0625
0.81300981757939  -38  0
