5.25235021772044  -43.5  4.0625
2.10768960255487  -44  9.75
5.24621429456889  -44  18.25
5.25848614087198  -43.5  8.9375
5.24314633299312  -44  15
2.11996144885796  -44  2
5.24314633299312  -44  14.1875
5.25235021772044  -44  0
2.13223329516104  -44  -3.25
5.26462206402352  -43.5  0
5.25235021772044  -44  8.5
5.27075798717506  -43.5  0
5.24007837141735  -44  16.25
5.24621429456889  -44  13
5.24621429456889  -44  13
5.24621429456889  -44  0
5.23394244826581  -44  14.1875
2.09848571782756  -44  3.25
2.11382552570641  -44  -3.25
5.23701040984158  -44  14.1875
2.1046216409791  -44  2
2.1046216409791  -44  4.4375
2.10768960255487  -44  -3.25
5.22473856353849  -44  16.25
2.11382552570641  -44  -4.4375
2.11075756413064  -44  6.5
2.10768960255487  -44  -2
5.23087448669004  -44  15
5.24621429456889  -44  4.0625
2.0831459099487  -44  9.75
2.0831459099487  -44  5.25
2.08621387152447  -44  6.5
5.21860264038695  -44  17.4375
5.22473856353849  -44  17.4375
5.22167060196272  -44  18.25
2.1046216409791  -44  1.1875
2.0831459099487  -44  7.6875
2.10155367940333  -44  -1.1875
2.11075756413064  -44  -3.25
2.09234979467601  -44  7.6875
5.25541817929621  -44  -3.25
5.23394244826581  -44  11.75
5.23394244826581  -44  13
2.09234979467601  -44  2
5.23087448669004  -44  13
2.11382552570641  -44  -2
2.10155367940333  -44  -1.1875
2.11382552570641  -44  1.1875
2.10768960255487  -44  2
5.26155410244775  -44  1.1875
2.09848571782756  -44  8.5
5.24007837141735  -44  8.9375
2.10768960255487  -44  1.1875
5.24007837141735  -44  11.75
2.09848571782756  -44  4.4375
5.25235021772044  -44  4.0625
5.24621429456889  -44  8.9375
2.1046216409791  -44  10.9375
2.11382552570641  -44  3.25
5.24007837141735  -44  16.25
2.1260973720095  -44  -6.5
2.11382552570641  -44  3.25
5.23701040984158  -44  16.25
5.24007837141735  -44  8.9375
5.24007837141735  -44  14.1875
5.23701040984158  -44  16.25
2.1260973720095  -44  -3.25
5.24007837141735  -44  8.9375
2.10768960255487  -44  6.5
2.12302941043373  -44  1.1875
5.24007837141735  -44  15
5.25848614087198  -44  -4.0625
2.1260973720095  -44  -2
2.11075756413064  -44  9.75
2.11382552570641  -44  8.5
2.11689348728218  -44  3.25
2.12302941043373  -44  -3.25
2.11075756413064  -44  8.5
2.11996144885796  -44  -1.1875
2.11075756413064  -44  3.25
2.11996144885796  -44  0
2.11689348728218  -44  1.1875
5.24007837141735  -44  17.0625
2.11382552570641  -44  4.4375
2.1260973720095  -44  -4.4375
5.24314633299312  -44  14.1875
2.1260973720095  -44  -4.4375
2.11996144885796  -44  2
2.11382552570641  -44  3.25
2.1260973720095  -44  -2
2.11689348728218  -44  5.25
2.12302941043373  -44  2
2.11689348728218  -44  2
5.25541817929621  -44  10.9375
5.23701040984158  -44  16.25
5.24928225614466  -44  13
5.25235021772044  -44  8.5
2.10155367940333  -44  8.5
2.1046216409791  -44  7.6875
5.23701040984158  -44  16.25
5.24314633299312  -44  11.75
5.23701040984158  -44  15
2.1046216409791  -44  4.4375
2.1046216409791  -44  6.5
2.12916533358527  -44  -5.25
5.24621429456889  -43.5  8.9375
2.11075756413064  -44  7.6875
2.11689348728218  -44  -5.25
2.1046216409791  -44  4.4375
5.25848614087198  -43.5  -4.0625
5.23701040984158  -44  16.25
5.24007837141735  -44  8.9375
2.1046216409791  -44  2
5.24007837141735  -43.5  13
2.09848571782756  -44  9.75
5.24621429456889  -44  10.9375
5.24007837141735  -44  14.1875
5.24621429456889  -44  11.75
2.1046216409791  -44  7.6875
5.24621429456889  -44  4.0625
2.12302941043373  -44  -3.25
2.12916533358527  -44  -2
5.23701040984158  -44  14.1875
2.10768960255487  -44  6.5
2.11689348728218  -44  0
5.23394244826581  -44  18.25
5.24007837141735  -44  16.25
2.11075756413064  -44  2
5.24314633299312  -44  15
5.25235021772044  -44  13
2.11075756413064  -44  3.25
2.11382552570641  -44  2
