1.80396140655351  -41.5  -8.9375
4.94862202171908  -41.5  5.25
4.94248609856754  -41.5  4.4375
1.78862159867466  -41.5  10.9375
4.92101036753714  -41.5  8.5
1.79168956025043  -41  -8.9375
4.91180648280982  -41.5  6.5
4.91180648280982  -41.5  5.25
4.91487444438559  -41.5  3.25
4.89953463650674  -41.5  10.9375
4.91794240596137  -41.5  8.5
4.90567055965828  -41.5  2
4.90873852123405  -41.5  2
4.90873852123405  -41.5  6.5
1.76714586764426  -41.5  0
4.91180648280982  -41.5  5.25
4.89646667493097  -41.5  14.1875
1.79782548340197  -41  -21.9375
4.91180648280982  -41.5  6.5
4.93021425226445  -41.5  2
1.77941771394734  -41  -8.9375
4.92407832911291  -41.5  1.1875
4.91487444438559  -41.5  4.4375
1.79782548340197  -41.5  -8.9375
4.92714629068868  -41.5  3.25
4.91180648280982  -41.5  5.25
1.79782548340197  -41  -13
4.91180648280982  -41.5  4.4375
1.7732817907958  -41.5  9.75
4.91794240596137  -41.5  6.5
1.78555363709889  -41.5  -13
1.79168956025043  -41  -21.9375
4.92714629068868  -41.5  -1.1875
1.79168956025043  -41.5  -5.25
4.90260259808251  -41.5  7.6875
1.79168956025043  -41.5  -21.9375
4.91487444438559  -41.5  6.5
4.93021425226445  -41.5  -2
4.91487444438559  -41.5  4.4375
1.7732817907958  -41.5  8.5
4.90567055965828  -41.5  10.9375
1.77941771394734  -41  -4.0625
4.92407832911291  -41  4.4375
1.77941771394734  -41  -13
4.92101036753714  -41  0
4.92101036753714  -41.5  4.4375
1.76714586764426  -41  9.75
4.89953463650674  -41  7.6875
4.89033075177942  -41  5.25
4.89646667493097  -41  4.4375
4.89953463650674  -41  4.4375
4.88419482862788  -41  8.5
4.88726279020365  -41.5  7.6875
4.89033075177942  -41.5  -3.25
4.86885502074902  -41.5  7.6875
4.86578705917325  -41.5  7.6875
4.88112686705211  -41.5  -1.1875
1.72726236715923  -41.5  10.9375
1.71499052085615  -41.5  15
4.88726279020365  -41.5  5.25
4.88419482862788  -41.5  8.5
4.90873852123405  -41  1.1875
4.89953463650674  -41  4.4375
4.90260259808251  -41  5.25
1.77941771394734  -41  -8.9375
4.90260259808251  -41.5  7.6875
4.92101036753714  -41.5  6.5
1.78862159867466  -41.5  7.6875
4.93328221384022  -41.5  2
4.92407832911291  -41.5  8.5
1.81009732970506  -41.5  -26
1.79782548340197  -41  -17.0625
4.92714629068868  -41.5  -3.25
1.77941771394734  -41.5  -8.9375
4.91180648280982  -41.5  0
1.76407790606849  -41  9.75
1.78555363709889  -41  -13
4.91794240596137  -41.5  4.4375
4.90873852123405  -41.5  3.25
1.7732817907958  -41  0
4.93941813699176  -41.5  -2
1.79782548340197  -41  -4.0625
1.79168956025043  -41  -8.9375
1.78862159867466  -41.5  8.5
4.93328221384022  -41.5  0
1.79782548340197  -41  -17.0625
4.91794240596137  -41.5  0
1.77941771394734  -41  -17.0625
4.88419482862788  -41.5  5.25
4.88726279020365  -41.5  6.5
4.86578705917325  -41.5  14.1875
4.8719229823248  -41.5  4.4375
4.87499094390057  -41.5  4.4375
4.88419482862788  -41.5  -1.1875
1.730330328735  -41.5  -4.0625
4.85965113602171  -41.5  7.6875
4.88112686705211  -41.5  2
4.84737928971863  -41.5  13
1.72112644400769  -41.5  8.5
4.85965113602171  -41.5  7.6875
4.8719229823248  -41.5  7.6875
4.85658317444594  -41.5  15
4.90260259808251  -41.5  -3.25
4.90260259808251  -41.5  2
1.7732817907958  -41  -17.0625
1.73339829031077  -41.5  16.25
4.89953463650674  -41.5  5.25
4.91180648280982  -41.5  4.4375
1.79782548340197  -41  -8.9375
4.92407832911291  -41.5  4.4375
1.76407790606849  -41.5  11.75
1.76100994449272  -41  -4.0625
1.75794198291694  -41  9.75
4.88726279020365  -41  3.25
1.76714586764426  -41  -13
4.88419482862788  -41  9.75
4.89033075177942  -41  6.5
4.89953463650674  -41  6.5
1.80396140655351  -41  -21.9375
4.91487444438559  -41.5  5.25
1.7732817907958  -41  -4.0625
4.92714629068868  -41.5  -2
4.92101036753714  -41.5  2
1.79782548340197  -41  -17.0625
4.90567055965828  -41.5  6.5
4.90260259808251  -41.5  3.25
1.76100994449272  -41  6.5
1.75487402134117  -41  8.5
1.7732817907958  -41  -21.9375
4.89033075177942  -41  6.5
1.74260217503809  -41  10.9375
4.89033075177942  -41.5  -1.1875
