0.552233083638831  -42  4.0625
3.73370923771365  -42  4.4375
0.579844737820772  -42  13
0.564504929941916  -41.5  17.0625
0.589048622548086  -42  10.9375
0.589048622548086  -42  8.5
0.576776776245001  -42  14.1875
0.589048622548086  -42  4.0625
0.582912699396544  -42  10.9375
3.74291312244096  -42  -1.1875
0.561436968366145  -42  18.25
0.579844737820772  -42  10.9375
0.57370881466923  -42  14.1875
3.73984516086519  -42  2
3.74904904559251  -42  -2
3.73984516086519  -42  2
0.585980660972315  -42  9.75
0.579844737820772  -42  9.75
0.589048622548086  -42  13
0.576776776245001  -41.5  17.0625
3.74598108401674  -42  -2
3.74598108401674  -42  2
3.74904904559251  -42  0
0.592116584123857  -42  10.9375
3.74598108401674  -42  3.25
0.585980660972315  -42  9.75
0.585980660972315  -42  8.5
0.579844737820772  -42  15
0.589048622548086  -42  10.9375
0.585980660972315  -42  10.9375
0.579844737820772  -42  21.5625
0.576776776245001  -42  14.1875
0.570640853093458  -42  8.5
3.72450535298634  -42  -2
0.570640853093458  -42  10.9375
3.73370923771365  -42  -5.25
0.57370881466923  -42  8.5
0.567572891517687  -42  9.75
0.576776776245001  -42  4.0625
0.570640853093458  -42  10.9375
3.72143739141057  -42  3.25
0.570640853093458  -41.5  8.9375
0.567572891517687  -42  10.9375
0.57370881466923  -42  9.75
0.564504929941916  -42  13
0.582912699396544  -41.5  4.0625
3.73064127613788  -42  -2
0.570640853093458  -42  8.5
3.73370923771365  -42  -4.4375
0.57370881466923  -42  7.6875
0.567572891517687  -42  13
3.69075777565285  -42  14.1875
0.589048622548086  -42  2
3.72757331456211  -42  1.1875
0.579844737820772  -42  -1.1875
0.579844737820772  -42  7.6875
0.585980660972315  -42  0
0.57370881466923  -42  9.75
0.57370881466923  -42  11.75
0.579844737820772  -42  1.1875
3.72450535298634  -42  -1.1875
3.73064127613788  -42  3.25
0.570640853093458  -41.5  4.0625
3.72757331456211  -42  -2
0.561436968366145  -42  14.1875
0.570640853093458  -41.5  4.0625
0.558369006790373  -42  11.75
0.561436968366145  -42  9.75
0.552233083638831  -41.5  8.9375
3.71836942983479  -42  -1.1875
3.71223350668325  -42  4.4375
3.72143739141057  -42  -4.4375
3.72143739141057  -42  0
0.543029198911517  -42  17.4375
3.71836942983479  -42  3.25
0.558369006790373  -42  10.9375
0.552233083638831  -41.5  13
3.71836942983479  -42  2
0.570640853093458  -42  3.25
3.72757331456211  -42  -1.1875
0.592116584123857  -42  0
0.567572891517687  -42  14.1875
0.576776776245001  -42  9.75
0.570640853093458  -42  15
0.567572891517687  -42  16.25
0.561436968366145  -42  24.8125
0.582912699396544  -42  0
0.576776776245001  -42  0
3.73370923771365  -42  -1.1875
0.579844737820772  -42  11.75
3.75211700716828  -42  -1.1875
0.595184545699629  -42  17.4375
3.75518496874405  -42  5.25
0.607456392002714  -42  13
3.77666069977445  -42  -4.4375
3.77359273819868  -42  -1.1875
0.613592315154256  -42  13
0.619728238305799  -41.5  9.75
0.625864161457342  -41.5  8.9375
0.604388430426943  -41.5  10.9375
3.75825293031982  -41.5  -1.1875
0.610524353578485  -41.5  10.9375
0.595184545699629  -41.5  14.1875
0.610524353578485  -41.5  13
0.613592315154256  -41.5  0
3.77052477662291  -42  -4.4375
3.74291312244096  -42  5.25
0.607456392002714  -41.5  4.0625
0.592116584123857  -42  15
0.607456392002714  -42  5.25
0.595184545699629  -41.5  4.0625
0.595184545699629  -41.5  11.75
0.595184545699629  -41.5  13
0.604388430426943  -41.5  6.5
3.75518496874405  -41.5  0
3.74904904559251  -41.5  4.4375
0.585980660972315  -41.5  11.75
0.592116584123857  -41.5  11.75
3.76438885347136  -41.5  -2
3.76132089189559  -41.5  1.1875
0.601320468851171  -42  11.75
0.613592315154256  -41.5  6.5
0.613592315154256  -42  5.25
3.76745681504713  -42  1.1875
3.76745681504713  -42  -3.25
0.607456392002714  -41.5  10.9375
3.76438885347136  -42  4.4375
3.76745681504713  -42  0
3.76745681504713  -42  0
3.76745681504713  -42  -2
0.610524353578485  -41.5  13
0.610524353578485  -42  8.5
