4.24605882086745  -42.5  7.6875
1.09526228255035  -42.5  14.1875
4.26446659032208  -42.5  -2
1.10753412885343  -42.5  13
4.25833066717054  -42.5  6.5
1.07992247467149  -42.5  13
1.09219432097458  -42  -8.9375
4.24299085929168  -42.5  2
1.07378655151995  -42  8.9375
1.09833024412612  -42  -13
1.09219432097458  -42  4.0625
4.26446659032208  -42.5  -2
1.10446616727766  -42.5  3.25
4.24299085929168  -42.5  3.25
1.07992247467149  -42.5  16.25
4.22765105141283  -42.5  8.5
4.25833066717054  -42.5  -3.25
1.11673801358075  -42  -8.9375
4.25526270559477  -42.5  -2
1.08605839782303  -42  -4.0625
4.25526270559477  -42.5  2
1.10446616727766  -42.5  5.25
4.23992289771591  -42.5  8.5
1.10446616727766  -42  -13
1.11673801358075  -42.5  -2
1.08605839782303  -42  4.0625
1.08605839782303  -42.5  11.75
4.23992289771591  -42.5  7.6875
1.07992247467149  -42  15
4.24605882086745  -42.5  4.4375
1.09219432097458  -42  4.0625
4.24299085929168  -42.5  6.5
1.10446616727766  -42  -8.9375
1.07378655151995  -42.5  14.1875
1.08912635939881  -42.5  11.75
4.24605882086745  -42.5  2
1.08605839782303  -42  8.9375
1.08605839782303  -42.5  14.1875
1.08605839782303  -42  4.0625
1.08605839782303  -42  4.0625
4.24605882086745  -42.5  6.5
4.24605882086745  -42.5  3.25
1.10446616727766  -42  0
4.24912678244323  -42.5  0
1.09833024412612  -42  0
4.252194744019  -42.5  2
1.10446616727766  -42  -13
1.07992247467149  -42  8.9375
4.23685493614014  -42.5  4.4375
1.10446616727766  -42  -21.9375
1.08605839782303  -42.5  14.1875
1.09833024412612  -42  -4.0625
4.24605882086745  -42.5  5.25
1.07992247467149  -42  4.0625
1.07378655151995  -42.5  15
1.09219432097458  -42  4.0625
1.10446616727766  -42  -4.0625
4.24912678244323  -42.5  3.25
1.08605839782303  -42  0
4.252194744019  -42.5  0
1.09833024412612  -42  4.0625
1.08605839782303  -42  -4.0625
4.23992289771591  -42.5  5.25
1.08299043624726  -42.5  17.4375
1.10446616727766  -42  -13
4.24605882086745  -42.5  2
1.09833024412612  -42  0
1.07992247467149  -42.5  16.25
1.09833024412612  -42  -13
4.252194744019  -42.5  0
1.09219432097458  -42  0
1.10446616727766  -42.5  3.25
4.252194744019  -42.5  0
1.07685451309572  -42.5  15
1.09833024412612  -42  -8.9375
1.09526228255035  -42.5  9.75
1.11673801358075  -42  -21.9375
4.24605882086745  -42.5  3.25
1.09219432097458  -42  -8.9375
1.1106020904292  -42  0
4.24299085929168  -42.5  5.25
1.10446616727766  -42  -13
4.2307190129886  -42.5  9.75
1.07992247467149  -42  4.0625
1.10139820570189  -42.5  6.5
1.09833024412612  -42  -8.9375
4.24605882086745  -42.5  7.6875
1.10446616727766  -42  0
1.08299043624726  -42.5  13
1.10753412885343  -42.5  3.25
1.10446616727766  -42  -4.0625
1.08299043624726  -42.5  13
1.08299043624726  -42.5  13
4.23992289771591  -42.5  5.25
1.10446616727766  -42  -13
4.24605882086745  -42.5  3.25
1.07685451309572  -42.5  15
4.23378697456437  -42.5  4.4375
1.06765062836841  -42.5  15
4.24299085929168  -42.5  -2
4.23992289771591  -42.5  1.1875
1.07992247467149  -42.5  13
1.09833024412612  -42  -8.9375
1.10139820570189  -42.5  4.4375
1.09833024412612  -42  0
4.23685493614014  -42.5  3.25
1.07685451309572  -42.5  13
1.06765062836841  -42  4.0625
4.23378697456437  -42.5  4.4375
1.08605839782303  -42  0
4.23685493614014  -42.5  2
1.07992247467149  -42  0
1.08299043624726  -42.5  11.75
1.07378655151995  -42  8.9375
4.24299085929168  -42.5  1.1875
4.21537920510974  -42.5  15
4.23992289771591  -42.5  3.25
1.07378655151995  -42  4.0625
4.24299085929168  -42.5  2
1.09219432097458  -42  -8.9375
1.09526228255035  -42.5  1.1875
4.23992289771591  -42.5  5.25
1.07992247467149  -42  8.9375
1.07685451309572  -42.5  14.1875
1.07992247467149  -42  -13
1.06765062836841  -42  8.9375
1.09833024412612  -42  -4.0625
4.23685493614014  -42.5  0
1.07992247467149  -42  4.0625
4.23992289771591  -42.5  2
4.23685493614014  -42.5  4.4375
1.09219432097458  -42  -4.0625
