2.77343726449724  -38.5  -4.0625
5.93343768754166  -39  4.4375
5.92730176439012  -39  5.25
5.93650564911743  -39  5.25
5.92116584123858  -39  4.4375
5.9395736106932  -39  2
5.92116584123858  -39  5.25
5.92730176439012  -39  4.4375
5.94264157226897  -39  4.4375
5.92423380281435  -39  7.6875
5.92116584123858  -39  7.6875
5.9180978796628  -39  7.6875
5.93343768754166  -39  5.25
5.9180978796628  -39  10.9375
5.92116584123858  -39  8.5
2.77957318764878  -38.5  4.0625
5.92423380281435  -39  9.75
5.92730176439012  -39  5.25
5.92730176439012  -39  7.6875
5.95184545699629  -39  0
5.94264157226897  -39  8.5
5.97025322645092  -39  0
5.94570953384475  -39  9.75
5.94877749542052  -39  7.6875
5.93036972596589  -39  8.5
5.94570953384475  -39  7.6875
2.78570911080032  -38.5  -4.0625
5.94877749542052  -39  4.4375
2.78570911080032  -38.5  4.0625
5.94264157226897  -39  5.25
5.93343768754166  -39  9.75
5.93650564911743  -39  8.5
5.92730176439012  -39  9.75
5.93036972596589  -39  10.9375
5.92423380281435  -39  8.5
5.93650564911743  -39  6.5
5.91502991808703  -39  9.75
5.91196195651126  -39  2
5.92730176439012  -39  0
5.9180978796628  -39  2
5.91502991808703  -38.5  5.25
5.90582603335972  -38.5  5.25
2.74275764873953  -38  4.0625
5.90889399493549  -38.5  5.25
5.8966221486324  -38.5  10.9375
2.74889357189107  -38.5  4.0625
2.75502949504261  -38  13
5.87821437917778  -38.5  20.75
2.77343726449724  -38  4.0625
2.76116541819415  -38.5  -4.0625
5.91196195651126  -38.5  10.9375
5.91196195651126  -38.5  4.4375
5.90889399493549  -38.5  1.1875
5.90582603335972  -38.5  7.6875
5.90275807178395  -38.5  7.6875
5.91196195651126  -38.5  8.5
5.9180978796628  -38.5  6.5
2.76116541819415  -38.5  -4.0625
5.90275807178395  -38.5  3.25
2.77343726449724  -38.5  -13
5.93036972596589  -38.5  3.25
5.91502991808703  -38.5  5.25
2.7673013413457  -38.5  13
2.7673013413457  -38.5  8.9375
2.75502949504261  -38.5  4.0625
5.93036972596589  -38.5  1.1875
2.7673013413457  -38.5  -4.0625
2.76116541819415  -38.5  -4.0625
5.90889399493549  -38.5  3.25
5.90275807178395  -38.5  5.25
2.75502949504261  -38.5  4.0625
5.87207845602623  -39  17.4375
2.7673013413457  -38.5  -4.0625
5.92730176439012  -39  8.5
5.94877749542052  -39  2
5.94264157226897  -39  4.4375
5.94877749542052  -38.5  3.25
5.92423380281435  -38.5  4.4375
5.93343768754166  -38.5  5.25
2.7673013413457  -38.5  -8.9375
5.91196195651126  -38.5  6.5
5.90889399493549  -38.5  7.6875
5.91196195651126  -38.5  8.5
5.92423380281435  -38.5  4.4375
5.9395736106932  -38.5  1.1875
5.9395736106932  -38.5  2
2.7673013413457  -38.5  4.0625
5.9395736106932  -38.5  1.1875
5.90582603335972  -38.5  7.6875
5.93036972596589  -38.5  -1.1875
5.91196195651126  -39  8.5
2.7673013413457  -38  4.0625
5.91196195651126  -38.5  7.6875
5.91502991808703  -38.5  3.25
5.9180978796628  -39  4.4375
5.93343768754166  -38.5  2
5.90889399493549  -39  10.9375
2.7673013413457  -38.5  -4.0625
5.92116584123858  -39  1.1875
5.88435030232932  -39  19.5
5.90889399493549  -38.5  9.75
5.93036972596589  -38.5  1.1875
5.91502991808703  -38.5  3.25
5.92730176439012  -38.5  5.25
2.77957318764878  -38  0
5.92730176439012  -38.5  6.5
5.9180978796628  -39  11.75
2.78570911080032  -38.5  4.0625
5.9395736106932  -38.5  2
5.9180978796628  -39  4.4375
2.77957318764878  -38.5  -8.9375
5.92116584123858  -39  3.25
2.77343726449724  -38.5  -8.9375
5.92423380281435  -39  2
5.94264157226897  -38.5  1.1875
5.91502991808703  -38.5  9.75
2.7673013413457  -38.5  -4.0625
5.90275807178395  -38.5  13
5.91196195651126  -39  7.6875
5.92730176439012  -38.5  4.4375
5.9395736106932  -38.5  -1.1875
5.92730176439012  -38.5  8.5
5.92423380281435  -38.5  6.5
5.92730176439012  -38.5  8.5
2.78570911080032  -38.5  -4.0625
5.92423380281435  -38.5  9.75
5.92730176439012  -38.5  7.6875
5.93343768754166  -38.5  7.6875
5.93343768754166  -38.5  6.5
5.92116584123858  -38.5  8.5
2.77343726449724  -38.5  -8.9375
5.93343768754166  -38.5  2
