1.04617489733801  -45  -2
1.06458266679264  -45  1.1875
1.05231082048955  -45  8.5
1.06458266679264  -45  -2
4.19083551250357  -44.5  8.9375
1.04617489733801  -45  5.25
1.06151470521686  -45  5.25
4.17856366620049  -45  16.25
1.03390305103492  -45  6.5
1.06151470521686  -45  -3.25
4.16935978147317  -45  13
1.03083508945915  -45  6.5
1.03083508945915  -45  10.9375
4.17242774304894  -44.5  0
4.1662918198974  -44.5  17.0625
4.1662918198974  -45  8.9375
1.04617489733801  -45  1.1875
1.04924285891378  -45  1.1875
4.17856366620049  -44.5  17.0625
1.02776712788338  -45  11.75
4.16935978147317  -45  14.1875
1.02469916630761  -45  14.1875
1.03083508945915  -45  11.75
1.04924285891378  -45  2
1.04924285891378  -45  -2
1.04003897418646  -45  7.6875
1.05844674364109  -45  -3.25
1.04924285891378  -45  0
1.04924285891378  -45  -2
4.20003939723089  -45  1.1875
1.05231082048955  -45  1.1875
1.05537878206532  -45  -3.25
1.03390305103492  -45  13
1.03697101261069  -45  4.4375
1.05537878206532  -45  0
1.05537878206532  -45  -1.1875
1.04310693576224  -45  3.25
1.04924285891378  -45  1.1875
1.03390305103492  -45  9.75
1.03083508945915  -45  9.75
1.04310693576224  -45  4.4375
1.05537878206532  -45  -2
1.03390305103492  -45  9.75
1.04924285891378  -45  2
1.04310693576224  -45  10.9375
1.05537878206532  -45  -3.25
1.05231082048955  -45  -1.1875
1.04924285891378  -45  0
1.04310693576224  -45  5.25
1.05231082048955  -45  2
4.17856366620049  -44.5  4.0625
1.05231082048955  -45  -1.1875
4.1662918198974  -45  14.1875
1.04617489733801  -45  2
1.04003897418646  -45  5.25
1.05231082048955  -45  -2
1.02776712788338  -45  11.75
1.03390305103492  -45  10.9375
1.03083508945915  -45  11.75
4.17856366620049  -44.5  4.0625
1.03390305103492  -45  7.6875
1.04003897418646  -45  5.25
1.05231082048955  -45  2
4.17242774304894  -44.5  8.9375
1.04924285891378  -45  -1.1875
1.04310693576224  -45  3.25
4.18469958935203  -44.5  -4.0625
4.1662918198974  -45  16.25
1.04617489733801  -45  2
1.02776712788338  -45  11.75
1.05231082048955  -45  -2
1.05231082048955  -45  -1.1875
1.04617489733801  -45  4.4375
1.04924285891378  -45  2
1.04310693576224  -45  6.5
1.04310693576224  -45  2
1.02776712788338  -45  8.5
1.04924285891378  -45  -2
1.04003897418646  -45  4.4375
1.03083508945915  -45  7.6875
1.03083508945915  -45  6.5
1.04310693576224  -45  2
1.04617489733801  -45  -1.1875
1.04003897418646  -45  3.25
1.03083508945915  -45  5.25
1.03390305103492  -45  5.25
4.17856366620049  -44.5  4.0625
1.04617489733801  -45  0
4.16322385832163  -45  15
1.04310693576224  -45  2
1.04003897418646  -45  2
1.03390305103492  -45  6.5
4.18469958935203  -44.5  0
1.04617489733801  -45  0
1.04924285891378  -45  -1.1875
4.20310735880666  -44.5  -17.0625
4.17856366620049  -44.5  0
1.05844674364109  -45  -2
1.04310693576224  -45  1.1875
1.02469916630761  -45  11.75
1.05537878206532  -45  -2
4.1662918198974  -44.5  13
4.17856366620049  -44.5  -4.0625
1.04924285891378  -45  2
1.04924285891378  -45  -3.25
1.04310693576224  -45  2
1.04310693576224  -45  0
1.04003897418646  -45  7.6875
1.04924285891378  -45  -2
4.18469958935203  -45  2
1.04617489733801  -45  1.1875
1.02776712788338  -45  9.75
4.16015589674586  -44.5  13
4.16935978147317  -45  11.75
1.03390305103492  -45  4.4375
4.17856366620049  -44.5  0
1.03390305103492  -45  4.4375
1.04924285891378  -45  1.1875
1.04003897418646  -45  3.25
1.05537878206532  -45  -2
4.17856366620049  -44.5  4.0625
1.02776712788338  -45  9.75
1.04924285891378  -45  -1.1875
1.02776712788338  -45  10.9375
1.01549528158029  -45  17.4375
1.04617489733801  -45  -1.1875
1.04617489733801  -45  1.1875
1.04617489733801  -45  2
1.03697101261069  -45  3.25
1.02776712788338  -45  13
1.04003897418646  -45  5.25
4.17242774304894  -45  8.9375
