0.177941771394734  -39.5  13
0.208621387152447  -39  4.0625
3.3226023865603  -39.5  10.9375
3.35634996389378  -39.5  -1.1875
0.184077694546277  -39.5  10.9375
0.187145656122048  -39.5  14.1875
0.227029156607075  -39.5  -8.9375
0.187145656122048  -39.5  9.75
0.220893233455532  -39.5  -8.9375
0.190213617697819  -39.5  13
0.21475731030399  -39  -4.0625
0.184077694546277  -39.5  14.1875
0.190213617697819  -39.5  13
0.233165079758617  -39.5  -8.9375
0.233165079758617  -39.5  -17.0625
0.205553425576676  -39.5  5.25
0.233165079758617  -39.5  -21.9375
0.190213617697819  -39.5  13
0.233165079758617  -39.5  -13
0.193281579273591  -39.5  10.9375
0.199417502425133  -39.5  11.75
3.3655538486211  -39.5  -5.25
0.196349540849362  -39.5  14.1875
0.208621387152447  -39.5  4.0625
0.190213617697819  -39.5  15
0.227029156607075  -39.5  -4.0625
0.208621387152447  -39.5  -17.0625
0.208621387152447  -39.5  -8.9375
0.196349540849362  -39.5  0
0.208621387152447  -39.5  -17.0625
0.177941771394734  -39.5  14.1875
3.33794219443916  -39.5  0
0.21475731030399  -39.5  -17.0625
0.227029156607075  -39  -21.9375
3.33487423286338  -39.5  1.1875
0.174873809818963  -39.5  10.9375
0.168737886667421  -39.5  17.4375
0.227029156607075  -39.5  -30.0625
0.165669925091649  -39.5  16.25
0.184077694546277  -39.5  5.25
0.21475731030399  -39.5  -13
0.171805848243192  -39.5  16.25
0.21475731030399  -39.5  -13
0.171805848243192  -39.5  14.1875
0.202485464000905  -39.5  -8.9375
0.174873809818963  -39.5  9.75
0.21475731030399  -39  -17.0625
0.181009732970506  -39.5  13
0.177941771394734  -39.5  13
0.202485464000905  -39  -4.0625
0.174873809818963  -39.5  13
0.21475731030399  -39  -17.0625
0.208621387152447  -39.5  -13
0.202485464000905  -39.5  -4.0625
0.165669925091649  -39.5  15
0.202485464000905  -39.5  -8.9375
0.202485464000905  -39  0
0.202485464000905  -39.5  -8.9375
0.174873809818963  -39.5  13
0.196349540849362  -39  -4.0625
0.165669925091649  -39.5  15
0.202485464000905  -39  -8.9375
0.196349540849362  -39.5  -8.9375
0.171805848243192  -39.5  11.75
3.34714607916647  -39.5  -3.25
0.165669925091649  -39.5  15
0.227029156607075  -39.5  -26
0.165669925091649  -39.5  17.4375
0.202485464000905  -39.5  4.0625
0.187145656122048  -39.5  13
3.33487423286338  -39.5  1.1875
0.220893233455532  -39  -13
0.181009732970506  -39.5  13
0.220893233455532  -39  -13
0.196349540849362  -39.5  13
0.233165079758617  -39  -8.9375
0.196349540849362  -39.5  19.5
0.220893233455532  -39.5  0
0.208621387152447  -39.5  5.25
0.23930100291016  -39.5  -17.0625
3.38089365649995  -39.5  -3.25
0.233165079758617  -39.5  -4.0625
0.208621387152447  -39.5  13
0.205553425576676  -39.5  10.9375
0.233165079758617  -39.5  -4.0625
0.202485464000905  -39.5  15
0.245436926061703  -39.5  -13
0.223961195031304  -39.5  8.5
0.23930100291016  -39.5  0
3.35941792546955  -39.5  9.75
0.251572849213245  -39.5  -13
0.21475731030399  -39.5  15
3.37475773334841  -39.5  1.1875
3.39930142595458  -39.5  -6.5
0.23930100291016  -39.5  4.0625
0.220893233455532  -39.5  13
3.3655538486211  -39.5  7.6875
0.251572849213245  -39.5  -8.9375
0.251572849213245  -39.5  -8.9375
0.23930100291016  -39.5  13
0.26384469551633  -39.5  -17.0625
0.251572849213245  -39.5  -4.0625
0.26384469551633  -39.5  -13
0.245436926061703  -39.5  0
0.257708772364788  -39.5  -8.9375
0.251572849213245  -39.5  -8.9375
0.257708772364788  -39.5  -4.0625
0.23930100291016  -39.5  0
0.251572849213245  -39.5  -4.0625
0.208621387152447  -39.5  13
0.26384469551633  -39.5  -17.0625
0.217825271879761  -39.5  13
0.257708772364788  -39.5  -13
0.227029156607075  -39.5  13
0.220893233455532  -39.5  10.9375
0.251572849213245  -39.5  -4.0625
0.211689348728218  -39.5  14.1875
0.26384469551633  -39.5  -17.0625
3.37475773334841  -39.5  0
0.245436926061703  -39.5  -4.0625
0.245436926061703  -39.5  -8.9375
3.39009754122727  -39.5  -5.25
0.233165079758617  -39.5  4.0625
0.217825271879761  -39.5  13
0.223961195031304  -39.5  10.9375
0.257708772364788  -39.5  -13
0.269980618667873  -39.5  -21.9375
0.23930100291016  -39.5  0
0.217825271879761  -39.5  10.9375
0.245436926061703  -39.5  -4.0625
0.245436926061703  -39.5  -13
0.217825271879761  -39.5  15
