4.8719229823248  -42  -8.9375
1.71805848243192  -42  -2
1.72112644400769  -42  -4.4375
4.82590355868823  -42  19.5
4.84124336656708  -42  14.1875
4.83817540499131  -42  17.4375
4.84124336656708  -42  15
4.86578705917325  -42  4.0625
4.84737928971863  -42  13
4.87805890547634  -42  4.0625
1.72419440558346  -42  -2
4.88419482862788  -42  -4.0625
4.86578705917325  -42  -4.0625
4.82283559711246  -42  13
4.85351521287017  -42  8.9375
1.69351478982575  -42  2
1.7088545977046  -42  -5.25
4.85965113602171  -42  -4.0625
1.69965071297729  -42  -3.25
4.84737928971863  -42  4.0625
1.69658275140152  -42  2
4.8074957892336  -42  17.4375
1.69965071297729  -42  0
1.71499052085615  -42  -8.5
1.70578663612883  -42  -1.1875
1.71192255928038  -42  -3.25
4.85965113602171  -42  8.9375
1.69044682824998  -42  1.1875
1.69965071297729  -42  -3.25
1.70271867455306  -42  -2
1.69965071297729  -42  1.1875
4.81669967396091  -42  16.25
1.70271867455306  -42  -2
4.8074957892336  -42  22.75
4.82590355868823  -42  13
1.70271867455306  -42  1.1875
4.85351521287017  -42  0
1.69658275140152  -42  2
4.8719229823248  -42  -8.9375
1.69965071297729  -42  -2
1.69351478982575  -42  4.4375
4.8719229823248  -42  -8.9375
1.71499052085615  -42  -2
1.7088545977046  -42  -2
1.68124294352266  -42  13
4.84124336656708  -42  8.9375
4.85351521287017  -42  8.9375
4.82283559711246  -42  15
1.69965071297729  -42  0
4.81976763553668  -42  16.25
1.70578663612883  -42  -1.1875
4.85351521287017  -42  4.0625
1.69965071297729  -42  4.4375
1.70578663612883  -42  -3.25
1.7088545977046  -42  -4.4375
4.82590355868823  -42  13
4.85351521287017  -42  13
1.71499052085615  -42  -7.6875
1.7088545977046  -42  -3.25
4.85351521287017  -42  4.0625
1.69965071297729  -42  4.4375
4.85351521287017  -42  0
1.69965071297729  -42  6.5
4.8074957892336  -42  18.25
1.69351478982575  -42  5.25
4.86578705917325  -42  -17.0625
4.81363171238514  -42  17.4375
4.828971520264  -42  14.1875
1.7088545977046  -42  0
4.81363171238514  -42  19.5
4.85351521287017  -42  0
1.70271867455306  -42  -3.25
1.69965071297729  -42  -3.25
1.69351478982575  -42  5.25
1.7088545977046  -42  -2
1.70578663612883  -42  -1.1875
1.69351478982575  -42  -1.1875
4.81669967396091  -42  15
1.70578663612883  -42  1.1875
4.81363171238514  -42  18.25
1.7088545977046  -42  -3.25
1.68737886667421  -42  10.9375
4.84737928971863  -42  0
4.828971520264  -42  11.75
1.68124294352266  -42  13
1.67817498194689  -42  8.5
4.82590355868823  -42  10.9375
1.69351478982575  -42  4.4375
4.85965113602171  -42  4.0625
1.67817498194689  -42  5.25
4.85965113602171  -42  -4.0625
1.69658275140152  -42  -2
1.67817498194689  -42  4.4375
1.68431090509843  -42  5.25
1.69658275140152  -42  0
4.85351521287017  -42  4.0625
1.70271867455306  -42  -4.4375
1.68124294352266  -42  6.5
4.80135986608206  -42  21.5625
4.84737928971863  -42  4.0625
1.70578663612883  -42  -1.1875
1.66590313564381  -42  13
4.85351521287017  -42  0
1.71192255928038  -42  -7.6875
1.70271867455306  -42  -1.1875
1.69658275140152  -42  3.25
1.7088545977046  -42  -3.25
4.85965113602171  -42  -4.0625
1.70578663612883  -42  2
4.84737928971863  -42  13
4.85965113602171  -42  -4.0625
4.81363171238514  -42  18.25
1.67203905879535  -42  16.25
4.83203948183977  -42  14.1875
1.70578663612883  -42  -2
1.71192255928038  -42  -2
1.73339829031077  -42  4.4375
4.8504472512944  -42  14.1875
1.730330328735  -42  -2
4.85965113602171  -42  13
4.82283559711246  -42  16.25
4.85965113602171  -42  0
4.82590355868823  -42  19.5
4.89646667493097  -42  -17.0625
1.72726236715923  -42  -4.4375
1.71805848243192  -42  -1.1875
1.72112644400769  -42  0
4.82590355868823  -42  15
1.71805848243192  -42  -4.4375
4.86578705917325  -42  0
1.69044682824998  -42  8.5
4.86578705917325  -42  8.9375
