5.94264157226897  -42.5  1.1875
5.95798138014783  -42.5  0
5.94570953384475  -42.5  1.1875
5.93343768754166  -42.5  9.75
5.93650564911743  -42.5  -1.1875
5.95491341857206  -42.5  1.1875
2.79184503395187  -42  13
2.78570911080032  -42.5  -8.9375
2.7673013413457  -42  -13
5.89969011020818  -42.5  13
5.92730176439012  -42.5  -4.4375
5.90275807178395  -42.5  8.5
2.76116541819415  -42  8.9375
2.77957318764878  -42  0
5.91196195651126  -42.5  7.6875
2.77957318764878  -42  -4.0625
2.7673013413457  -42  4.0625
2.77343726449724  -42  -8.9375
2.78570911080032  -42  4.0625
5.94570953384475  -42.5  -1.1875
5.93343768754166  -42.5  8.5
5.94877749542052  -42.5  8.5
2.80411688025495  -42.5  -4.0625
5.94877749542052  -42.5  10.9375
2.80411688025495  -42  0
5.94264157226897  -42.5  8.5
2.79184503395187  -42  0
5.95798138014783  -42.5  1.1875
2.79184503395187  -42  0
2.77957318764878  -42  4.0625
2.77957318764878  -42  -4.0625
2.75502949504261  -42  0
2.77343726449724  -42  -8.9375
5.91196195651126  -42.5  7.6875
5.93343768754166  -42.5  3.25
5.93650564911743  -42.5  4.4375
5.92730176439012  -42.5  3.25
5.9395736106932  -42.5  3.25
5.92116584123858  -42.5  9.75
2.77343726449724  -42  4.0625
5.92423380281435  -42.5  8.5
5.9395736106932  -42.5  3.25
2.7673013413457  -42  0
5.94570953384475  -42.5  -2
2.76116541819415  -42  8.9375
5.91196195651126  -42.5  10.9375
5.92116584123858  -42.5  9.75
5.93036972596589  -42.5  3.25
2.77036930292147  -42.5  13
5.93036972596589  -42.5  3.25
5.93036972596589  -42.5  5.25
2.77957318764878  -42.5  -8.9375
5.93650564911743  -42.5  -1.1875
5.94264157226897  -42.5  -5.25
5.92116584123858  -42.5  1.1875
5.92116584123858  -42.5  5.25
5.91502991808703  -42.5  10.9375
5.92116584123858  -42.5  9.75
5.90582603335972  -42.5  8.5
5.9180978796628  -42.5  8.5
2.77957318764878  -42  0
5.94264157226897  -42.5  4.4375
5.92730176439012  -42.5  8.5
2.77957318764878  -42  -13
5.93650564911743  -42.5  4.4375
5.94264157226897  -42.5  1.1875
5.92116584123858  -42.5  8.5
5.92423380281435  -42.5  3.25
2.77343726449724  -42.5  -13
5.9180978796628  -42.5  11.75
2.7673013413457  -42  13
5.94570953384475  -42.5  -3.25
2.76116541819415  -42  0
5.93343768754166  -42.5  2
2.77343726449724  -42  4.0625
5.9395736106932  -42.5  4.4375
2.77343726449724  -42  4.0625
2.78570911080032  -42  -8.9375
5.92116584123858  -42.5  6.5
5.92423380281435  -42.5  6.5
2.75502949504261  -42  -4.0625
5.9395736106932  -42.5  -3.25
5.92116584123858  -42.5  4.4375
5.91502991808703  -42.5  5.25
5.91502991808703  -42.5  4.4375
5.9180978796628  -42.5  3.25
5.8966221486324  -42.5  8.5
5.90582603335972  -42.5  3.25
2.74889357189107  -42  0
2.75502949504261  -42  -8.9375
5.91502991808703  -42.5  5.25
5.91502991808703  -42.5  2
5.92730176439012  -42.5  -1.1875
2.74889357189107  -42  17.0625
5.90582603335972  -42.5  9.75
2.77343726449724  -42  0
5.90889399493549  -42.5  10.9375
5.93343768754166  -42.5  3.25
2.77957318764878  -42.5  -8.9375
5.95184545699629  -42.5  0
5.9395736106932  -42.5  7.6875
2.75502949504261  -42.5  21.9375
2.78570911080032  -42  0
2.78570911080032  -42  0
5.94877749542052  -42.5  0
2.77343726449724  -42  -4.0625
5.94570953384475  -42.5  4.4375
2.79184503395187  -42  0
5.93650564911743  -42.5  8.5
2.78570911080032  -42  -4.0625
5.95184545699629  -42.5  -6.5
2.77343726449724  -42  4.0625
5.93650564911743  -42.5  1.1875
5.95798138014783  -42.5  -3.25
5.93650564911743  -42.5  6.5
2.79184503395187  -42  -8.9375
5.93650564911743  -42.5  0
5.91196195651126  -42.5  14.1875
5.93036972596589  -42.5  -1.1875
5.93650564911743  -42.5  -3.25
2.75502949504261  -42.5  0
5.89969011020818  -42.5  4.4375
5.91502991808703  -42.5  -1.1875
5.91196195651126  -42.5  -1.1875
5.92116584123858  -42.5  -5.25
5.90275807178395  -42.5  6.5
2.73662172558798  -42  -4.0625
2.73662172558798  -42  4.0625
5.89969011020818  -42.5  5.25
5.92116584123858  -42.5  0
5.90889399493549  -42.5  6.5
5.92730176439012  -42.5  2
