0.33440781175907  -45.5  17.4375
0.362019465941011  -45.5  0
0.349747619637926  -45  8.9375
3.50974804268235  -45.5  -4.4375
0.380427235395639  -45  -17.0625
0.355883542789469  -45.5  2
0.368155389092554  -45  -4.0625
0.331339850183298  -45.5  17.4375
3.50054415795503  -45.5  -1.1875
0.355883542789469  -45.5  0
0.33440781175907  -45.5  19.5
0.33440781175907  -45.5  17.4375
0.374291312244096  -45  -8.9375
0.392699081698724  -45.5  -8.9375
0.346679658062155  -45.5  17.4375
0.386563158547182  -45.5  -17.0625
0.380427235395639  -45  -8.9375
0.386563158547182  -45.5  -8.9375
0.392699081698724  -45  -13
0.386563158547182  -45  -4.0625
0.365087427516783  -45.5  5.25
0.374291312244096  -45  4.0625
0.355883542789469  -45.5  9.75
0.346679658062155  -45.5  11.75
0.340543734910612  -45.5  19.5
0.392699081698724  -45.5  -17.0625
3.51588396583389  -45.5  0
0.386563158547182  -45  -13
0.368155389092554  -45.5  -1.1875
0.362019465941011  -45.5  2
0.380427235395639  -45  -13
0.392699081698724  -45  -21.9375
0.380427235395639  -45  -8.9375
0.374291312244096  -45  -4.0625
0.368155389092554  -45  -4.0625
0.362019465941011  -45  13
3.51281600425812  -45.5  -7.6875
0.368155389092554  -45  4.0625
0.368155389092554  -45  8.9375
0.337475773334841  -45.5  14.1875
0.331339850183298  -45.5  18.25
0.343611696486384  -45.5  11.75
0.343611696486384  -45.5  13
0.35895150436524  -45.5  2
0.380427235395639  -45  -13
0.386563158547182  -45  -13
0.374291312244096  -45  -8.9375
0.411106851153352  -45  -43.125
0.386563158547182  -45  -17.0625
0.33440781175907  -45.5  15
0.386563158547182  -45  -13
0.392699081698724  -45  -17.0625
0.368155389092554  -45  0
0.337475773334841  -45.5  21.9375
3.49440823480349  -45.5  2
0.392699081698724  -45  -17.0625
0.374291312244096  -45  -4.0625
0.340543734910612  -45.5  13
3.51281600425812  -45.5  -3.25
0.374291312244096  -45  0
0.346679658062155  -45.5  10.9375
0.380427235395639  -45  -13
0.346679658062155  -45.5  10.9375
0.386563158547182  -45  -17.0625
0.392699081698724  -45  -13
0.374291312244096  -45  -8.9375
0.337475773334841  -45.5  15
0.386563158547182  -45.5  -13
0.398835004850267  -45.5  -26
0.343611696486384  -45  21.9375
0.386563158547182  -45.5  -17.0625
3.50974804268235  -45.5  -1.1875
0.349747619637926  -45.5  4.0625
0.380427235395639  -45.5  -4.0625
3.5036121195308  -45.5  1.1875
0.386563158547182  -45  -17.0625
0.340543734910612  -45.5  13
0.374291312244096  -45  -8.9375
0.374291312244096  -45  -4.0625
3.50054415795503  -45.5  -1.1875
0.374291312244096  -45  -8.9375
0.374291312244096  -45  -17.0625
0.380427235395639  -45  -17.0625
0.337475773334841  -45.5  15
0.368155389092554  -45.5  -4.0625
0.355883542789469  -45  8.9375
0.343611696486384  -45.5  11.75
0.374291312244096  -45.5  -4.0625
0.331339850183298  -45.5  16.25
0.355883542789469  -45  4.0625
0.386563158547182  -45  -17.0625
0.349747619637926  -45  8.9375
0.362019465941011  -45.5  0
0.368155389092554  -45.5  -8.9375
0.386563158547182  -45.5  -21.9375
0.340543734910612  -45.5  17.4375
0.386563158547182  -45  -13
0.352815581213697  -45.5  8.5
0.374291312244096  -45.5  -8.9375
0.374291312244096  -45  -4.0625
0.362019465941011  -45.5  0
0.328271888607527  -45.5  16.25
0.355883542789469  -45.5  4.0625
0.368155389092554  -45.5  -13
0.368155389092554  -45.5  0
0.362019465941011  -45  0
0.374291312244096  -45  -4.0625
0.362019465941011  -45  0
0.380427235395639  -45  0
0.380427235395639  -45  -17.0625
0.380427235395639  -45  -13
0.368155389092554  -45  -4.0625
0.331339850183298  -45.5  14.1875
0.349747619637926  -45.5  6.5
0.392699081698724  -45  -17.0625
0.380427235395639  -45  -13
0.374291312244096  -45  -8.9375
0.331339850183298  -45.5  15
0.362019465941011  -45  -8.9375
0.328271888607527  -45.5  15
0.380427235395639  -45  -17.0625
0.374291312244096  -45  -13
0.380427235395639  -45  -13
0.374291312244096  -45  -4.0625
0.374291312244096  -45  -17.0625
0.362019465941011  -45  4.0625
0.362019465941011  -45  0
0.374291312244096  -45  -8.9375
0.362019465941011  -45  -13
0.392699081698724  -45  -21.9375
0.33440781175907  -45.5  16.25
0.368155389092554  -45  -4.0625
