1.93895171588745  -42  5.25
5.08668029262879  -42  14.1875
1.96963133164516  -42  4.4375
5.09281621578033  -42  15
1.98190317794825  -42  3.25
1.94201967746322  -42  10.9375
1.95735948534208  -42  -1.1875
5.09895213893187  -41.5  -4.0625
5.06827252317416  -42  14.1875
5.08054436947724  -42  11.75
5.09281621578033  -41.5  4.0625
5.07134048474993  -42  19.5
1.95735948534208  -42  1.1875
5.09895213893187  -41.5  0
5.06827252317416  -42  20.75
1.94508763903899  -42  5.25
5.1173599083865  -42  0
5.06213660002262  -42  17.4375
1.94201967746322  -42  6.5
5.08054436947724  -42  16.25
1.94201967746322  -42  7.6875
5.06520456159839  -42  16.25
1.95429152376631  -42  5.25
5.10508806208341  -42  4.0625
5.06827252317416  -42  18.25
5.10508806208341  -41.5  0
1.95735948534208  -42  -3.25
1.96349540849362  -42  0
1.94815560061476  -42  2
1.94201967746322  -42  7.6875
5.07747640790147  -42  11.75
1.96963133164516  -42  -4.4375
5.07134048474993  -42  16.25
5.10508806208341  -42  0
1.95735948534208  -42  -2
5.09895213893187  -41.5  4.0625
5.09895213893187  -41.5  0
5.09281621578033  -42  8.9375
5.08054436947724  -42  14.1875
1.96349540849362  -42  -4.4375
1.96656337006939  -42  -3.25
1.94815560061476  -42  2
5.1173599083865  -42  0
1.95735948534208  -42  -2
1.96042744691785  -42  2
5.0744084463257  -42  20.75
5.1173599083865  -42  -4.0625
1.96349540849362  -42  -1.1875
5.11122398523496  -42  -8.9375
1.92974783116014  -42  8.5
1.95735948534208  -42  3.25
5.07134048474993  -42  15
1.95122356219054  -42  0
5.10508806208341  -41.5  4.0625
1.94815560061476  -42  4.4375
1.96349540849362  -42  0
1.96349540849362  -42  -5.25
1.96042744691785  -42  -1.1875
1.95122356219054  -42  4.4375
1.95122356219054  -42  -1.1875
5.08054436947724  -42  15
1.95735948534208  -42  3.25
1.95735948534208  -42  -1.1875
5.0744084463257  -42  16.25
5.07747640790147  -42  17.4375
1.92974783116014  -42  15
1.93895171588745  -42  10.9375
5.11122398523496  -42  -8.9375
5.09281621578033  -42  4.0625
5.06827252317416  -42  14.1875
1.95122356219054  -42  5.25
1.93588375431168  -42  13
5.07134048474993  -42  16.25
5.07747640790147  -42  16.25
5.07747640790147  -42  14.1875
1.95429152376631  -42  6.5
5.09895213893187  -42  -8.9375
1.96656337006939  -42  -4.4375
1.95735948534208  -42  2
5.09895213893187  -41.5  8.9375
1.96349540849362  -42  -2
5.08668029262879  -42  13
5.06827252317416  -42  19.5
5.09895213893187  -42  4.0625
1.96349540849362  -42  1.1875
5.08054436947724  -42  15
5.10202010050764  -42  -1.1875
1.95735948534208  -42  0
5.07134048474993  -42  18.25
1.95122356219054  -42  3.25
5.11122398523496  -41.5  -8.9375
1.92974783116014  -42  14.1875
5.0744084463257  -42  15
5.09895213893187  -42  0
1.94815560061476  -42  4.4375
1.92974783116014  -42  10.9375
1.95429152376631  -42  0
5.0744084463257  -42  10.9375
5.10508806208341  -42  -4.0625
1.94508763903899  -42  7.6875
5.07134048474993  -42  17.4375
1.95122356219054  -42  -2
5.09895213893187  -41.5  4.0625
5.0744084463257  -42  16.25
1.96656337006939  -42  -3.25
5.09895213893187  -42  4.0625
1.95735948534208  -42  -3.25
1.96042744691785  -42  0
1.95735948534208  -42  5.25
5.10508806208341  -41.5  -4.0625
5.08054436947724  -42  17.0625
1.94508763903899  -42  4.4375
5.11122398523496  -41.5  -4.0625
1.92667986958437  -42  8.5
5.06827252317416  -42  20.75
1.93281579273591  -42  6.5
5.07747640790147  -42  16.25
5.08668029262879  -42  8.9375
5.09895213893187  -41.5  8.9375
1.96042744691785  -42  2
1.95122356219054  -42  4.4375
5.07134048474993  -42  16.25
1.92361190800859  -42  11.75
5.10508806208341  -42  -4.0625
1.94815560061476  -42  5.25
1.93281579273591  -42  13
5.07747640790147  -42  8.5
5.09895213893187  -41.5  13
1.95122356219054  -42  1.1875
5.06827252317416  -42  19.5
5.09281621578033  -42  4.0625
1.96349540849362  -42  -4.4375
