0.177941771394734  -38.5  11.75
0.208621387152447  -38.5  2
0.227029156607075  -38.5  -8.9375
0.233165079758617  -38.5  -4.0625
0.23930100291016  -38.5  -4.0625
0.196349540849362  -38.5  13
0.199417502425133  -38.5  14.1875
3.33794219443916  -38.5  15
0.217825271879761  -38.5  1.1875
0.202485464000905  -38.5  15
0.199417502425133  -38.5  11.75
0.205553425576676  -38.5  13
0.208621387152447  -38.5  14.1875
0.205553425576676  -38.5  14.1875
0.196349540849362  -38.5  8.5
0.193281579273591  -38.5  9.75
0.220893233455532  -38.5  -4.0625
3.3655538486211  -38.5  -6.5
0.21475731030399  -38  -8.9375
0.184077694546277  -38.5  11.75
0.177941771394734  -38.5  14.1875
3.33794219443916  -38.5  2
0.21475731030399  -38.5  -4.0625
0.184077694546277  -38.5  13
0.208621387152447  -38.5  -4.0625
0.196349540849362  -38  8.9375
0.21475731030399  -38  -4.0625
0.177941771394734  -38.5  17.4375
0.220893233455532  -38.5  -8.9375
3.33487423286338  -38.5  8.5
3.35328200231801  -38.5  -3.25
0.208621387152447  -38  0
0.187145656122048  -38.5  13
0.220893233455532  -38  -17.0625
0.202485464000905  -38.5  3.25
0.208621387152447  -38  -13
0.177941771394734  -38.5  10.9375
0.208621387152447  -38.5  -8.9375
0.174873809818963  -38.5  13
0.202485464000905  -38.5  -4.0625
0.174873809818963  -38.5  14.1875
0.208621387152447  -38  -4.0625
0.21475731030399  -38.5  -13
0.177941771394734  -38.5  14.1875
0.184077694546277  -38.5  11.75
0.220893233455532  -38.5  -8.9375
0.181009732970506  -38.5  13
0.177941771394734  -38.5  14.1875
0.208621387152447  -38.5  -8.9375
3.31646646340876  -38.5  14.1875
0.165669925091649  -38.5  18.25
0.159534001940107  -38.5  16.25
0.21475731030399  -38  -13
0.193281579273591  -38.5  5.25
0.202485464000905  -38.5  -13
0.168737886667421  -38.5  11.75
0.174873809818963  -38.5  15
0.171805848243192  -38.5  11.75
3.34101015601493  -38.5  1.1875
0.168737886667421  -38.5  15
0.196349540849362  -38  0
0.177941771394734  -38.5  9.75
0.162601963515878  -38.5  13
0.187145656122048  -38.5  6.5
0.181009732970506  -38.5  9.75
0.171805848243192  -38.5  11.75
0.168737886667421  -38.5  16.25
0.202485464000905  -38.5  -8.9375
0.202485464000905  -38.5  -4.0625
0.187145656122048  -38.5  0
0.165669925091649  -38.5  13
0.171805848243192  -38.5  14.1875
0.171805848243192  -38.5  11.75
0.171805848243192  -38.5  15
0.190213617697819  -38.5  0
0.181009732970506  -38.5  10.9375
0.171805848243192  -38.5  13
0.21475731030399  -38.5  -17.0625
0.193281579273591  -38.5  0
0.174873809818963  -38.5  13
0.168737886667421  -38.5  14.1875
0.168737886667421  -38.5  13
0.202485464000905  -38.5  -8.9375
0.162601963515878  -38.5  16.25
0.177941771394734  -38.5  13
0.196349540849362  -38.5  0
0.165669925091649  -38.5  13
0.171805848243192  -38.5  11.75
0.168737886667421  -38.5  10.9375
0.202485464000905  -38.5  -8.9375
0.153398078788564  -38.5  19.5
0.21475731030399  -38.5  -8.9375
0.184077694546277  -38.5  2
0.174873809818963  -38.5  13
0.174873809818963  -38.5  13
0.181009732970506  -38.5  14.1875
0.177941771394734  -38.5  13
0.174873809818963  -38.5  15
3.34714607916647  -38.5  -3.25
0.202485464000905  -38.5  -4.0625
0.193281579273591  -38.5  4.4375
0.177941771394734  -38.5  13
0.168737886667421  -38.5  10.9375
0.208621387152447  -38.5  -8.9375
0.174873809818963  -38.5  13
3.3226023865603  -38.5  8.5
0.193281579273591  -38.5  4.4375
0.21475731030399  -38.5  -13
0.177941771394734  -38.5  13
0.196349540849362  -38  0
0.168737886667421  -38.5  14.1875
0.174873809818963  -38.5  11.75
0.171805848243192  -38.5  15
0.184077694546277  -38.5  9.75
0.171805848243192  -38.5  14.1875
0.165669925091649  -38.5  14.1875
0.202485464000905  -38.5  -13
0.208621387152447  -38.5  -8.9375
0.202485464000905  -38.5  -13
0.168737886667421  -38.5  13
0.174873809818963  -38.5  11.75
0.174873809818963  -38.5  14.1875
0.165669925091649  -38.5  16.25
0.208621387152447  -38.5  -13
0.177941771394734  -38.5  14.1875
0.220893233455532  -38.5  -17.0625
0.165669925091649  -38.5  17.4375
0.174873809818963  -38.5  13
0.177941771394734  -38.5  15
0.177941771394734  -38.5  14.1875
0.177941771394734  -38.5  14.1875
3.35021404074224  -38.5  0
