4.63262197941464  -43  7.6875
1.49102932582484  -43  11.75
1.50023321055216  -43  14.1875
4.64489382571772  -43  14.1875
1.52170894158256  -43  -13
1.50330117212793  -43  16.25
1.49716524897639  -43  20.75
1.5063691337037  -43  14.1875
1.50330117212793  -43  19.5
1.5063691337037  -43  16.25
4.66636955674812  -43  8.5
4.65716567202081  -43  11.75
1.50330117212793  -43  15
4.66023363359658  -43  8.5
4.66330159517235  -43  6.5
1.5278448647341  -43  -21.9375
4.65716567202081  -43  6.5
4.66943751832389  -43  2
4.65409771044504  -43  9.75
1.50943709527947  -43  0
4.65409771044504  -43  6.5
4.65409771044504  -43  7.6875
1.50330117212793  -43.5  -8.9375
4.65102974886926  -43  10.9375
4.64796178729349  -43  8.5
4.64796178729349  -43  8.5
4.62341809468732  -43  6.5
4.63568994099041  -43  4.4375
1.4848934026733  -43  -13
1.47262155637022  -43  9.75
4.61114624838424  -43  11.75
1.4848934026733  -43  -13
4.61114624838424  -43  10.9375
4.61728217153578  -43  7.6875
1.46034971006713  -43  9.75
4.62341809468732  -43  7.6875
1.46648563321867  -43  11.75
4.62035013311155  -43  5.25
4.63262197941464  -43  3.25
1.47875747952176  -43  -17.0625
4.63262197941464  -43  2
1.4848934026733  -43  -4.0625
4.61421420996001  -43  7.6875
1.45114582533982  -43  16.25
4.61421420996001  -43  9.75
1.46034971006713  -43  13
4.62648605626309  -43  3.25
1.47568951794599  -43  11.75
1.4848934026733  -43  -17.0625
4.62035013311155  -43  11.75
1.4634176716429  -43  17.4375
4.61728217153578  -43  10.9375
4.61114624838424  -43  10.9375
4.62648605626309  -43  2
1.47875747952176  -43  -26
4.62648605626309  -43  5.25
4.62341809468732  -43  6.5
4.63262197941464  -43  3.25
4.62648605626309  -43  5.25
1.47875747952176  -43  -13
1.47262155637022  -43  -13
4.60807828680847  -43  10.9375
4.61728217153578  -43  9.75
1.47875747952176  -43  4.4375
4.61728217153578  -43  4.4375
1.46648563321867  -43  4.0625
4.62341809468732  -43  5.25
1.45728174849136  -43  13
4.61728217153578  -43  9.75
4.62955401783887  -43  2
1.46648563321867  -43  8.5
1.49102932582484  -43  -21.9375
4.62341809468732  -43  7.6875
1.49102932582484  -43  3.25
1.4848934026733  -43  -17.0625
4.61114624838424  -43  7.6875
4.61114624838424  -43  10.9375
4.62341809468732  -43  7.6875
4.62955401783887  -43  1.1875
1.48796136424907  -42.5  8.5
4.64182586414195  -42.5  1.1875
1.47875747952176  -42.5  7.6875
4.62341809468732  -43  7.6875
1.50943709527947  -43  -21.9375
4.63875790256618  -42.5  5.25
1.49716524897639  -43  -17.0625
4.62341809468732  -42.5  6.5
4.63262197941464  -42.5  5.25
1.49102932582484  -43  -13
1.48182544109753  -42.5  9.75
4.63262197941464  -42.5  5.25
4.62341809468732  -42.5  8.5
1.49102932582484  -43  -8.9375
1.4848934026733  -43  -8.9375
4.63568994099041  -42.5  3.25
4.64182586414195  -42.5  4.4375
4.63568994099041  -43  6.5
4.62035013311155  -43  10.9375
4.63568994099041  -43  2
4.59887440208115  -43  19.5
4.62648605626309  -43  8.5
1.49102932582484  -42.5  4.4375
4.63262197941464  -43  5.25
1.49716524897639  -43  -8.9375
1.47875747952176  -42.5  11.75
4.63875790256618  -43  3.25
4.63568994099041  -43  3.25
4.63568994099041  -43  6.5
4.63568994099041  -43  4.4375
1.44807786376405  -43  13
4.62955401783887  -43  11.75
4.63568994099041  -42.5  5.25
1.47568951794599  -42.5  13
1.48182544109753  -42.5  5.25
4.63875790256618  -43  5.25
1.47875747952176  -43  7.6875
4.62341809468732  -43  8.5
4.63568994099041  -43  6.5
1.49102932582484  -43  7.6875
4.64182586414195  -43  8.5
4.63875790256618  -43  7.6875
1.49102932582484  -43  14.1875
1.49102932582484  -43  13
1.49409728740061  -43  5.25
1.47875747952176  -43  7.6875
4.62955401783887  -43  3.25
1.47875747952176  -43  -8.9375
4.62035013311155  -43  7.6875
4.61728217153578  -43  10.9375
1.48182544109753  -43  6.5
4.62648605626309  -43  4.4375
4.63262197941464  -43  7.6875
