0.380427235395639  -34  -4.875
0.35895150436524  -34.5  21.5625
0.380427235395639  -34  4.875
3.53735969686429  -34.5  -5.25
0.374291312244096  -34.5  3.25
0.386563158547182  -34.5  -4.875
0.365087427516783  -34.5  10.9375
3.53429173528852  -34.5  -5.25
3.53735969686429  -34.5  0
0.352815581213697  -34.5  14.1875
0.362019465941011  -34.5  16.25
0.365087427516783  -34.5  9.75
0.355883542789469  -34.5  21.5625
0.35895150436524  -34.5  20.75
0.38349519697141  -34.5  0
0.365087427516783  -34.5  17.4375
0.380427235395639  -34  -4.875
0.371223350668325  -34.5  5.25
3.50974804268235  -34.5  5.25
0.349747619637926  -34.5  16.25
0.386563158547182  -34  0
0.386563158547182  -34.5  -1.1875
3.53122377371275  -34.5  -3.25
0.380427235395639  -34  4.0625
0.35895150436524  -34.5  21.5625
0.380427235395639  -34  13
0.35895150436524  -34.5  21.5625
0.386563158547182  -34  -4.0625
0.386563158547182  -34  -4.0625
3.53429173528852  -34.5  2
0.380427235395639  -34.5  1.1875
0.35895150436524  -34.5  10.9375
3.53122377371275  -34.5  -2
0.380427235395639  -34.5  0
0.386563158547182  -34  -4.875
0.349747619637926  -34.5  16.25
0.392699081698724  -34  -4.875
3.51281600425812  -34.5  0
0.386563158547182  -34  -4.875
0.38349519697141  -34.5  -1.1875
0.35895150436524  -34.5  20.75
0.380427235395639  -34  0
0.352815581213697  -34.5  11.75
0.380427235395639  -34  0
0.386563158547182  -34  -4.875
0.377359273819868  -34.5  0
0.380427235395639  -34  -9.75
3.54042765844006  -34.5  -4.4375
0.380427235395639  -34  0
0.355883542789469  -34.5  19.5
0.380427235395639  -34  4.875
0.386563158547182  -34  0
3.53735969686429  -34.5  -3.25
0.365087427516783  -34.5  17.4375
0.380427235395639  -34  0
0.362019465941011  -34.5  14.1875
0.386563158547182  -34  0
0.365087427516783  -34.5  13
3.53429173528852  -34.5  0
0.380427235395639  -34  0
0.374291312244096  -34  4.875
0.352815581213697  -34.5  10.9375
0.35895150436524  -34.5  19.5
0.380427235395639  -34  8.9375
3.5250878505612  -34.5  1.1875
3.53429173528852  -34.5  -4.4375
0.380427235395639  -34  4.875
0.380427235395639  -34  0
0.355883542789469  -34.5  16.25
0.380427235395639  -34.5  2
0.392699081698724  -34  -4.875
0.386563158547182  -34.5  -1.1875
0.380427235395639  -34  4.0625
0.35895150436524  -34.5  10.9375
0.380427235395639  -34.5  0
3.54042765844006  -34.5  1.1875
3.54349562001583  -34.5  0
0.386563158547182  -34  0
0.392699081698724  -34  0
0.386563158547182  -34  0
0.392699081698724  -34  0
0.368155389092554  -34.5  9.75
0.386563158547182  -34  0
0.386563158547182  -34  0
3.51281600425812  -34.5  3.25
3.53735969686429  -34.5  -4.4375
0.386563158547182  -34  -8.9375
3.52815581213697  -34.5  3.25
0.380427235395639  -34  0
0.355883542789469  -34.5  13
0.374291312244096  -34  4.0625
0.38349519697141  -34.5  1.1875
0.35895150436524  -34.5  18.25
0.386563158547182  -34  -4.875
3.52815581213697  -34.5  1.1875
0.380427235395639  -34  4.875
0.386563158547182  -34  0
3.51281600425812  -34.5  2
0.380427235395639  -34  4.0625
3.53122377371275  -34.5  -1.1875
0.380427235395639  -34.5  1.1875
0.392699081698724  -34  -4.875
0.380427235395639  -34  4.0625
0.380427235395639  -34  8.9375
0.362019465941011  -34.5  19.5
0.374291312244096  -34  4.875
0.355883542789469  -34.5  21.5625
0.380427235395639  -34  4.0625
0.355883542789469  -34.5  16.25
0.380427235395639  -34  4.0625
0.35895150436524  -34.5  11.75
0.35895150436524  -34.5  10.9375
0.362019465941011  -34.5  18.25
0.380427235395639  -34  9.75
3.52815581213697  -34.5  -1.1875
0.380427235395639  -34  -4.875
0.386563158547182  -34.5  -2
0.386563158547182  -34  -8.9375
0.35895150436524  -34.5  20.75
0.380427235395639  -34  -4.0625
0.368155389092554  -34.5  9.75
3.54042765844006  -34.5  -2
3.5250878505612  -34.5  0
0.398835004850267  -34  -9.75
0.371223350668325  -34.5  8.5
0.392699081698724  -34  0
0.362019465941011  -34.5  16.25
0.368155389092554  -34.5  10.9375
0.392699081698724  -34.5  1.1875
0.386563158547182  -34  4.875
3.53122377371275  -34.5  -2
0.362019465941011  -34.5  13
