5.5867580294795  -41.5  20.75
2.48811683795051  -41.5  -4.4375
5.60516579893413  -41.5  13
5.60209783735836  -41.5  13
5.59596191420682  -41.5  16.25
5.61743764523722  -41.5  -1.1875
5.62050560681299  -41  0
5.60516579893413  -41.5  4.4375
2.48198091479897  -41.5  -1.1875
5.6082337605099  -41.5  14.1875
2.43902945273817  -41.5  10.9375
2.4789129532232  -41.5  -4.4375
5.60209783735836  -41.5  0
5.5867580294795  -41.5  16.25
5.62664152996453  -41.5  -8.9375
2.44823333746548  -41.5  8.5
5.62050560681299  -41.5  0
5.57448618317642  -41.5  17.4375
5.60209783735836  -41.5  4.0625
2.46664110692011  -41.5  -4.4375
5.58369006790373  -41.5  18.25
5.57755414475219  -41.5  19.5
5.61436968366145  -41.5  -8.9375
5.58982599105528  -41.5  15
5.58062210632796  -41.5  17.4375
5.59902987578259  -41.5  13
5.59289395263105  -41.5  14.1875
5.59289395263105  -41.5  16.25
5.58369006790373  -41.5  18.25
5.60516579893413  -41.5  7.6875
2.46664110692011  -41.5  3.25
2.47584499164742  -41.5  -3.25
5.59289395263105  -41.5  18.25
2.47584499164742  -41.5  -3.25
5.62050560681299  -41.5  -4.0625
5.59596191420682  -41.5  14.1875
5.5867580294795  -41.5  19.5
5.59289395263105  -41.5  15
5.5867580294795  -41.5  17.4375
2.48504887637474  -41.5  -3.25
5.5867580294795  -41.5  19.5
2.47584499164742  -41.5  -3.25
5.63277745311607  -41.5  -8.9375
2.45436926061703  -41.5  14.1875
5.59596191420682  -41.5  14.1875
5.62050560681299  -41.5  5.25
5.59289395263105  -41.5  18.25
5.62664152996453  -41.5  0
5.62050560681299  -41.5  -2
5.59902987578259  -41.5  15
5.59596191420682  -41.5  15
5.62664152996453  -41.5  -4.0625
5.60209783735836  -41.5  15
5.60516579893413  -41.5  14.1875
2.46357314534434  -41.5  2
5.62050560681299  -41.5  0
2.4789129532232  -41.5  -2
5.5867580294795  -41.5  16.25
2.44209741431394  -41.5  9.75
2.47584499164742  -41.5  -4.4375
5.61436968366145  -41.5  4.0625
5.58982599105528  -41.5  13
2.47584499164742  -41.5  -3.25
5.57755414475219  -41.5  17.4375
2.47277703007165  -41.5  -2
5.60209783735836  -41.5  7.6875
5.61436968366145  -41.5  0
5.59289395263105  -41.5  14.1875
5.64504929941916  -41.5  -26
2.47584499164742  -41.5  -4.4375
5.61436968366145  -41.5  -4.0625
5.60516579893413  -41.5  1.1875
5.5867580294795  -41.5  16.25
2.46970906849588  -41.5  -2
5.58062210632796  -41.5  15
5.5867580294795  -41.5  15
5.59596191420682  -41.5  4.0625
2.48198091479897  -41.5  -6.5
2.44516537588971  -41.5  6.5
5.58369006790373  -41.5  17.4375
5.58369006790373  -41.5  15
5.58982599105528  -41.5  14.1875
5.58982599105528  -41.5  14.1875
5.58982599105528  -41.5  16.25
2.46357314534434  -41.5  3.25
5.58369006790373  -41.5  17.4375
5.59289395263105  -41.5  13
5.61436968366145  -41.5  0
2.48198091479897  -41.5  -8.5
2.47584499164742  -41.5  -4.4375
5.59596191420682  -41.5  10.9375
5.58982599105528  -41.5  14.1875
5.61436968366145  -41.5  4.0625
5.5867580294795  -41.5  15
2.47584499164742  -41.5  -3.25
5.62050560681299  -41.5  0
2.47277703007165  -41.5  0
5.57755414475219  -41.5  19.5
2.4789129532232  -41.5  -3.25
5.60209783735836  -41.5  6.5
2.43902945273817  -41.5  8.5
5.58369006790373  -41.5  16.25
2.45130129904125  -41.5  8.5
2.4789129532232  -41.5  -2
5.63277745311607  -41.5  -17.0625
2.44209741431394  -41.5  8.5
5.60516579893413  -41.5  3.25
2.4359614911624  -41.5  10.9375
5.58982599105528  -41.5  8.5
2.48198091479897  -41.5  -5.25
5.5867580294795  -41.5  14.1875
5.59596191420682  -41.5  19.5
5.6082337605099  -41.5  4.0625
5.59289395263105  -41.5  13
2.4789129532232  -41.5  -1.1875
5.5867580294795  -41.5  17.4375
5.63891337626762  -41.5  -8.9375
2.48198091479897  -41.5  0
5.59902987578259  -41.5  13
5.6082337605099  -41.5  9.75
5.61436968366145  -41.5  4.0625
5.58982599105528  -41.5  18.25
5.59596191420682  -41.5  15
5.61436968366145  -41.5  5.25
5.61436968366145  -41.5  8.9375
2.4789129532232  -41.5  0
5.60516579893413  -41.5  16.25
5.62664152996453  -41.5  0
2.49118479952628  -41.5  -6.5
2.47584499164742  -41.5  5.25
2.49118479952628  -41.5  -5.25
5.60516579893413  -41.5  15
