5.14803952414421  -39  0
2.02178667843327  -39  -2
5.14190360099267  -39  15
2.01258279370596  -39  2
5.14803952414421  -39  11.75
2.01258279370596  -39  4.4375
2.02485464000905  -39  1.1875
2.03712648631213  -39  -3.25
2.0187187168575  -39  6.5
5.14190360099267  -39  4.4375
1.98803910109979  -39  4.4375
1.96963133164516  -39  11.75
5.15417544729575  -38.5  -4.0625
5.12349583153804  -39  18.25
2.00644687055442  -39  1.1875
1.99417502425133  -39  9.75
2.0187187168575  -39  -8.5
5.16644729359884  -39  -8.9375
5.15417544729575  -38.5  -4.0625
1.98803910109979  -39  5.25
5.12349583153804  -39  15
5.12656379311381  -39  11.75
2.00337890897865  -39  1.1875
1.98803910109979  -39  4.4375
5.14803952414421  -38.5  8.9375
1.98803910109979  -39  5.25
2.00337890897865  -39  -3.25
2.00337890897865  -39  -1.1875
5.12656379311381  -39  14.1875
1.98190317794825  -39  7.6875
1.99417502425133  -39  6.5
5.16644729359884  -38.5  -13
1.97576725479671  -39  10.9375
2.01565075528173  -39  -5.25
5.12963175468958  -39  9.75
5.12963175468958  -39  19.5
1.97269929322093  -39  10.9375
1.97269929322093  -39  11.75
5.14190360099267  -39  -1.1875
1.98497113952402  -39  8.5
2.00337890897865  -39  -2
5.15417544729575  -38.5  0
5.12349583153804  -39  15
5.13269971626536  -39  11.75
2.00951483213019  -39  -4.4375
5.12349583153804  -39  15
5.14190360099267  -38.5  4.0625
1.98803910109979  -39  5.25
5.14803952414421  -39  0
1.98803910109979  -39  5.25
2.00644687055442  -39  -3.25
5.14803952414421  -38.5  4.0625
5.15417544729575  -38.5  0
2.02178667843327  -39  -3.25
5.15417544729575  -38.5  4.0625
5.12656379311381  -39  14.1875
5.1388356394169  -39  9.75
1.98803910109979  -39  9.75
2.00644687055442  -39  -1.1875
1.97883521637248  -39  14.1875
5.12963175468958  -39  11.75
2.01258279370596  -39  -5.25
5.14190360099267  -39  1.1875
1.98803910109979  -39  8.5
1.98803910109979  -39  9.75
1.98803910109979  -39  3.25
5.15417544729575  -39  0
1.98803910109979  -39  5.25
1.97576725479671  -39  7.6875
1.99417502425133  -39  8.5
5.14190360099267  -39  2
5.14190360099267  -39  8.9375
2.01565075528173  -39  -5.25
5.15417544729575  -38.5  0
5.13576767784113  -39  9.75
5.15110748571998  -39  -5.25
2.00644687055442  -39  -2
5.15417544729575  -39  -4.0625
5.14497156256844  -39  0
2.00951483213019  -39  -3.25
2.00951483213019  -39  -3.25
5.14803952414421  -39  4.0625
1.98190317794825  -39  10.9375
5.13269971626536  -39  11.75
2.00951483213019  -39  0
2.01258279370596  -39  -2
1.98803910109979  -39  6.5
5.1388356394169  -39  8.5
5.13576767784113  -39  8.9375
1.98497113952402  -39  7.6875
2.01258279370596  -39  -2
5.15417544729575  -39  0
2.01565075528173  -39  -4.4375
2.00951483213019  -39  -3.25
5.14803952414421  -39  0
1.98190317794825  -39  13
5.15417544729575  -38.5  0
5.15417544729575  -39  0
2.00644687055442  -39  0
5.1603113704473  -38.5  0
2.01565075528173  -39  -3.25
5.14803952414421  -39  0
1.98803910109979  -39  6.5
5.14190360099267  -39  4.0625
2.01565075528173  -39  -5.25
2.00951483213019  -39  -1.1875
1.98803910109979  -39  5.25
1.98190317794825  -39  8.5
5.12656379311381  -39  14.1875
5.13576767784113  -39  11.75
5.14190360099267  -38.5  4.0625
2.00644687055442  -39  2
5.13576767784113  -39  9.75
1.98497113952402  -39  7.6875
5.13576767784113  -39  13
5.13269971626536  -39  9.75
5.15417544729575  -39  -4.0625
1.9972429858271  -39  1.1875
2.00951483213019  -39  -2
5.16644729359884  -39  -13
1.97576725479671  -39  10.9375
1.99110706267556  -39  6.5
1.98497113952402  -39  7.6875
5.13269971626536  -39  8.5
1.99417502425133  -39  0
1.98803910109979  -39  4.4375
2.01258279370596  -39  -6.5
5.14190360099267  -39  4.0625
1.98803910109979  -39  2
2.0187187168575  -39  -3.25
2.01565075528173  -39  -2
5.15417544729575  -39  0
