1.22718463030851  -39.5  2
1.23638851503583  -39.5  2
4.36877728389831  -39  -4.0625
1.24252443818737  -39.5  3.25
1.25172832291468  -39.5  -3.25
1.21184482242966  -39.5  22.75
1.22411666873274  -39.5  5.25
4.36264136074676  -39.5  14.1875
1.25172832291468  -39.5  -4.4375
4.36264136074676  -39  -4.0625
1.21184482242966  -39.5  22.75
4.37184524547408  -39.5  13
1.25479628449045  -39.5  2
4.38104913020139  -39  -4.0625
1.24559239976314  -39.5  -1.1875
1.25479628449045  -39.5  -2
1.25172832291468  -39.5  0
4.39332097650448  -39  -13
1.25172832291468  -39.5  2
4.36877728389831  -39.5  13
1.25172832291468  -39.5  2
1.25172832291468  -39.5  -1.1875
1.25479628449045  -39.5  0
1.22718463030851  -39.5  1.1875
4.34423359129214  -39  8.9375
1.22411666873274  -39.5  -1.1875
4.33809766814059  -39  8.9375
1.23025259188428  -39.5  0
1.22718463030851  -39.5  3.25
1.23638851503583  -39.5  -3.25
1.19036909139926  -39.5  17.4375
1.2394564766116  -39.5  -3.25
1.2179807455812  -39.5  0
4.33809766814059  -39  13
4.35650543759522  -39  -17.0625
1.23332055346006  -39.5  1.1875
4.35650543759522  -39  4.0625
1.23025259188428  -39.5  1.1875
4.35650543759522  -39  0
4.35650543759522  -39  -4.0625
4.34423359129214  -39  17.0625
4.36877728389831  -39  -4.0625
1.23025259188428  -39.5  3.25
4.35036951444368  -39  -4.0625
4.36264136074676  -39  -13
4.36264136074676  -39  -13
1.22718463030851  -39.5  3.25
4.33196174498905  -39  13
1.23332055346006  -39.5  -3.25
4.36877728389831  -39  -4.0625
4.35650543759522  -39  -4.0625
1.23332055346006  -39.5  -5.25
1.22718463030851  -39.5  2
4.34423359129214  -39  -4.0625
4.33502970656482  -39.5  21.5625
1.21184482242966  -39.5  3.25
1.22411666873274  -39.5  3.25
4.34423359129214  -39  4.0625
1.22718463030851  -39.5  0
4.36877728389831  -39  -13
1.21491278400543  -39.5  0
1.22411666873274  -39.5  4.4375
4.35036951444368  -39  13
4.35650543759522  -39  8.9375
4.35650543759522  -39  0
1.23025259188428  -39.5  3.25
4.35036951444368  -39  0
4.35036951444368  -39  0
4.35036951444368  -39  4.0625
4.33809766814059  -39  13
4.35036951444368  -39  0
4.32582582183751  -39  26
4.35036951444368  -39  -8.9375
1.22411666873274  -39.5  0
4.35650543759522  -39  8.9375
1.2394564766116  -39.5  1.1875
4.35650543759522  -39  -4.0625
4.34423359129214  -39  0
4.34116562971636  -39.5  20.75
4.33809766814059  -39  0
1.19957297612657  -39.5  11.75
4.35650543759522  -39  -4.0625
1.23638851503583  -39.5  -3.25
1.23638851503583  -39.5  1.1875
4.36877728389831  -39  -8.9375
4.35650543759522  -39  0
1.22718463030851  -39.5  0
1.22718463030851  -39.5  3.25
1.22718463030851  -39.5  2
4.35650543759522  -39  0
1.22718463030851  -39.5  1.1875
4.35036951444368  -39  -8.9375
1.22411666873274  -39.5  -3.25
4.35036951444368  -39  4.0625
4.35650543759522  -39  4.0625
1.22104870715697  -39.5  1.1875
4.34116562971636  -39.5  16.25
4.36264136074676  -39  -13
4.35650543759522  -39  -8.9375
4.33809766814059  -39  8.9375
1.23025259188428  -39.5  -3.25
4.35650543759522  -39  4.0625
1.22718463030851  -39.5  2
4.35650543759522  -39  -13
4.35650543759522  -39  -8.9375
1.23025259188428  -39.5  -1.1875
1.23025259188428  -39.5  3.25
4.36264136074676  -39  -4.0625
1.22411666873274  -39.5  2
4.33809766814059  -39  4.0625
4.35650543759522  -39  0
4.34423359129214  -39  17.0625
1.23332055346006  -39.5  0
1.23025259188428  -39.5  3.25
4.36877728389831  -39  0
4.36877728389831  -39.5  4.4375
4.35036951444368  -39  -8.9375
1.23638851503583  -39.5  1.1875
4.35650543759522  -39  13
1.2394564766116  -39.5  0
1.23332055346006  -39.5  4.4375
4.35650543759522  -39  -4.0625
1.23025259188428  -39.5  3.25
1.22411666873274  -39.5  1.1875
4.35650543759522  -39  -8.9375
1.23638851503583  -39.5  -4.4375
4.35650543759522  -39  4.0625
1.22104870715697  -39.5  2
4.36877728389831  -39  -4.0625
4.36264136074676  -39  -13
1.23638851503583  -39.5  -3.25
1.22718463030851  -39.5  2
