1.10753412885343  -39  -2
1.09219432097458  -39  6.5
1.08912635939881  -39  9.75
1.11367005200498  -39  -2
1.11673801358075  -39  -1.1875
1.07992247467149  -39  15
1.11367005200498  -39  0
1.07992247467149  -39  6.5
4.22151512826128  -38.5  13
4.21537920510974  -39  8.9375
1.10139820570189  -39  -1.1875
4.23992289771591  -38.5  -4.0625
1.09219432097458  -39  3.25
1.10446616727766  -39  -3.25
1.10753412885343  -39  -3.25
1.10446616727766  -39  -1.1875
1.10139820570189  -39  -3.25
1.10139820570189  -39  -3.25
1.08299043624726  -39  9.75
1.10139820570189  -39  -1.1875
1.09526228255035  -39  2
1.10446616727766  -39  -5.25
1.10446616727766  -39  -3.25
1.10446616727766  -39  -2
1.10753412885343  -39  -2
1.10753412885343  -39  -3.25
1.08299043624726  -39  9.75
1.10753412885343  -39  -4.4375
4.22151512826128  -38.5  8.9375
1.07992247467149  -39  9.75
1.08299043624726  -39  5.25
1.07992247467149  -39  6.5
4.23378697456437  -38.5  8.9375
4.24605882086745  -39  -4.0625
1.09526228255035  -39  1.1875
1.10446616727766  -39  0
4.22151512826128  -38.5  13
4.22151512826128  -39  0
1.09219432097458  -39  1.1875
1.10139820570189  -39  0
4.24605882086745  -38.5  0
1.09833024412612  -39  1.1875
4.2092432819582  -38.5  17.0625
1.09833024412612  -39  -2
4.21537920510974  -39  17.0625
1.10139820570189  -39  -2
1.10139820570189  -39  -5.25
1.07992247467149  -39  8.5
1.10139820570189  -39  -4.4375
1.07992247467149  -39  8.5
1.07992247467149  -39  5.25
1.1106020904292  -39  -3.25
1.10139820570189  -39  -1.1875
4.21537920510974  -38.5  8.9375
1.07685451309572  -39  6.5
1.10446616727766  -39  -3.25
4.22151512826128  -38.5  8.9375
1.07992247467149  -39  7.6875
4.22151512826128  -39  0
1.09526228255035  -39  -1.1875
1.10446616727766  -39  -3.25
1.09526228255035  -39  0
4.22151512826128  -39  8.9375
4.22765105141283  -38.5  0
1.08605839782303  -39  7.6875
1.07992247467149  -39  7.6875
1.08299043624726  -39  8.5
1.10446616727766  -39  -2
1.10753412885343  -39  -3.25
1.09833024412612  -39  1.1875
1.1106020904292  -39  -5.25
4.23378697456437  -38.5  -4.0625
1.10446616727766  -39  -1.1875
1.09833024412612  -39  0
1.10139820570189  -39  -2
1.07992247467149  -39  3.25
1.09526228255035  -39  0
4.22458308983706  -39  10.9375
1.09833024412612  -39  -1.1875
1.10139820570189  -39  -2
1.07992247467149  -39  5.25
1.09833024412612  -39  2
1.10139820570189  -39  -2
1.10446616727766  -39  -3.25
1.10446616727766  -39  -4.4375
1.10753412885343  -39  -3.25
1.10139820570189  -39  -2
1.1106020904292  -39  -5.25
1.10139820570189  -39  -1.1875
1.07685451309572  -39  6.5
4.25833066717054  -38.5  -13
1.07992247467149  -39  10.9375
4.23992289771591  -38.5  4.0625
1.08299043624726  -39  3.25
1.08605839782303  -39  1.1875
4.22151512826128  -39  8.5
4.22765105141283  -38.5  13
1.09833024412612  -39  -1.1875
1.07992247467149  -39  8.5
4.22151512826128  -38.5  17.0625
1.1106020904292  -39  -3.25
4.2092432819582  -38.5  21.9375
1.10446616727766  -39  -2
1.08605839782303  -39  9.75
1.1106020904292  -39  -4.4375
1.09219432097458  -39  2
1.10139820570189  -39  -2
4.23378697456437  -38.5  0
1.10446616727766  -39  1.1875
4.22765105141283  -39  11.75
1.10753412885343  -39  -2
1.10446616727766  -39  -2
1.09833024412612  -39  0
1.09526228255035  -39  -2
1.09219432097458  -39  3.25
4.22765105141283  -39  4.0625
1.10753412885343  -39  -4.4375
4.22151512826128  -38.5  4.0625
1.08912635939881  -39  2
1.09526228255035  -39  0
1.08299043624726  -39  1.1875
1.09833024412612  -39  -1.1875
1.09833024412612  -39  -2
1.10446616727766  -39  -3.25
1.10139820570189  -39  -3.25
1.10753412885343  -39  -2
4.22765105141283  -38.5  8.9375
1.10446616727766  -39  -3.25
4.22151512826128  -38.5  13
1.10753412885343  -39  -4.4375
4.23378697456437  -39  0
1.10139820570189  -39  -3.25
