1.13514578303537  -39.5  -8.9375
1.14128170618692  -39.5  0
1.12900985988383  -40  14.1875
4.29207824450402  -40  2
4.29514620607979  -40  -1.1875
4.30128212923134  -40  3.25
1.13821374461115  -40  9.75
1.15355355249  -39.5  4.0625
4.30128212923134  -40  5.25
1.14741762933846  -39.5  -13
1.13821374461115  -40  13
1.14128170618692  -39.5  0
4.31048601395865  -40  0
1.12900985988383  -39.5  13
4.29821416765557  -40  1.1875
1.16582539879309  -40  1.1875
4.29207824450402  -40  4.4375
1.14128170618692  -40  10.9375
1.14741762933846  -39.5  0
1.15355355249  -39.5  -8.9375
4.26753455189785  -40  16.25
1.14128170618692  -40  14.1875
1.13821374461115  -40  16.25
1.15355355249  -39.5  -17.0625
4.29821416765557  -40  3.25
1.14741762933846  -39.5  -8.9375
1.1320778214596  -40  16.25
4.29207824450402  -40  5.25
1.15355355249  -39.5  -4.0625
1.13821374461115  -40  13
1.13514578303537  -40  13
1.13514578303537  -39.5  -4.0625
1.12594189830806  -40  9.75
4.26446659032208  -40  2
4.2736704750494  -40  5.25
4.26753455189785  -40  5.25
1.12900985988383  -40  4.4375
4.27673843662517  -40  3.25
4.27980639820094  -40  -1.1875
4.26753455189785  -40  6.5
1.12900985988383  -39.5  -8.9375
1.14434966776269  -40  -2
4.27980639820094  -40  2
4.26446659032208  -40  7.6875
4.28287435977671  -40  0
1.12287393673229  -40  10.9375
4.2736704750494  -40  5.25
4.2736704750494  -40  6.5
1.1106020904292  -40  14.1875
4.27060251347362  -40  4.4375
4.2736704750494  -40  5.25
4.26753455189785  -40  2
4.2736704750494  -40  -3.25
1.12900985988383  -39.5  -13
1.11673801358075  -40  11.75
4.27060251347362  -40  0
4.26446659032208  -40  8.5
4.26446659032208  -40  4.4375
4.27060251347362  -40  4.4375
1.10139820570189  -40  11.75
4.25526270559477  -40  4.4375
1.12287393673229  -40  0
4.25833066717054  -40  2
4.27060251347362  -40  -1.1875
4.25833066717054  -40  3.25
4.26139862874631  -40  1.1875
4.26446659032208  -40  -1.1875
4.252194744019  -40  8.5
4.26446659032208  -40  6.5
4.25526270559477  -40  4.4375
1.1106020904292  -39.5  -4.0625
4.26753455189785  -40  2
4.2736704750494  -40  3.25
4.26446659032208  -40  5.25
1.10753412885343  -40  17.4375
1.12594189830806  -40  -3.25
4.2736704750494  -40  3.25
1.12594189830806  -40  2
4.27060251347362  -40  3.25
4.26139862874631  -40  6.5
4.25833066717054  -40  7.6875
4.26139862874631  -40  3.25
1.09833024412612  -40  15
4.23685493614014  -40  10.9375
4.27673843662517  -40  0
1.10139820570189  -40  14.1875
4.24299085929168  -40  24.8125
1.13514578303537  -40  0
4.2736704750494  -40  5.25
4.27060251347362  -40  3.25
1.11367005200498  -40  13
4.27980639820094  -40  2
1.12594189830806  -40  4.4375
4.27060251347362  -40  6.5
4.26446659032208  -40  6.5
4.27060251347362  -40  5.25
4.26753455189785  -40  6.5
1.12287393673229  -40  8.5
1.11367005200498  -40  11.75
1.11367005200498  -40  10.9375
1.10753412885343  -40  13
1.11367005200498  -40  11.75
4.27060251347362  -40  4.4375
4.28287435977671  -40  1.1875
4.27980639820094  -40  6.5
4.28594232135248  -40  0
1.11980597515652  -40  13
4.2736704750494  -40  0
1.10446616727766  -40  14.1875
1.07685451309572  -40  16.25
4.23685493614014  -40  1.1875
4.23685493614014  -39.5  2
1.10139820570189  -39.5  24.8125
4.25833066717054  -40  3.25
1.11367005200498  -40  11.75
4.27980639820094  -40  2
1.15968947564154  -39.5  -26
4.29207824450402  -40  5.25
1.13821374461115  -40  10.9375
1.13821374461115  -40  11.75
1.14741762933846  -40  -17.0625
4.27980639820094  -40  4.4375
1.1106020904292  -40  15
1.12900985988383  -39.5  -4.0625
4.28901028292825  -40  2
1.12287393673229  -40  9.75
4.28287435977671  -40  3.25
4.27673843662517  -40  -1.1875
4.26753455189785  -40  4.4375
1.12594189830806  -40  2
1.13514578303537  -39.5  -21.9375
1.13514578303537  -40  3.25
