0.398835004850267  -46  -13
0.352815581213697  -46.5  18.25
0.386563158547182  -46  4.0625
3.52815581213697  -46.5  2
0.386563158547182  -46  10.9375
0.386563158547182  -46  14.1875
0.423378697456437  -46  -4.0625
0.401902966426038  -46  7.6875
3.55269950474315  -46  2
3.54042765844006  -46.5  -1.1875
3.54349562001583  -46.5  -2
0.392699081698724  -46  -4.0625
0.386563158547182  -46  8.9375
0.417242774304894  -46  -30.0625
3.52201988898543  -46.5  1.1875
0.352815581213697  -46.5  15
0.380427235395639  -46  0
0.346679658062155  -46.5  18.25
0.411106851153352  -46  -21.9375
0.386563158547182  -46  -13
0.386563158547182  -46  -4.0625
0.343611696486384  -46.5  20.75
0.352815581213697  -46.5  16.25
3.52201988898543  -46.5  -4.4375
0.380427235395639  -46  0
0.392699081698724  -46  -13
3.51895192740966  -46.5  4.4375
0.352815581213697  -46.5  17.4375
0.368155389092554  -46  21.9375
3.53429173528852  -46.5  1.1875
0.386563158547182  -46.5  5.25
3.53429173528852  -46.5  4.4375
0.380427235395639  -46  8.9375
3.53735969686429  -46.5  0
0.386563158547182  -46  6.5
0.380427235395639  -46  7.6875
0.374291312244096  -46  13
3.53735969686429  -46.5  1.1875
0.377359273819868  -46  13
3.53735969686429  -46  -1.1875
3.53735969686429  -46.5  -1.1875
0.380427235395639  -46  5.25
0.377359273819868  -46.5  6.5
0.374291312244096  -46  13
0.365087427516783  -46  14.1875
0.377359273819868  -46.5  5.25
0.392699081698724  -46  -4.0625
0.404970928001809  -45.5  -8.9375
0.392699081698724  -46  -4.0625
0.374291312244096  -46  14.1875
0.38349519697141  -46  10.9375
0.398835004850267  -46  -13
0.371223350668325  -46  11.75
0.374291312244096  -46  10.9375
0.368155389092554  -46  13
0.365087427516783  -46  13
0.352815581213697  -46  10.9375
0.343611696486384  -46.5  13
0.355883542789469  -46.5  13
0.349747619637926  -46.5  10.9375
0.355883542789469  -46  13
0.343611696486384  -46.5  15
0.398835004850267  -46  -17.0625
0.386563158547182  -46  0
3.49440823480349  -46.5  10.9375
3.52201988898543  -46.5  -1.1875
0.343611696486384  -46.5  15
0.355883542789469  -46  10.9375
0.355883542789469  -46.5  14.1875
0.374291312244096  -46  0
0.352815581213697  -46.5  14.1875
3.48827231165195  -46.5  8.5
0.355883542789469  -46.5  7.6875
0.398835004850267  -46  -17.0625
3.5036121195308  -46.5  1.1875
0.328271888607527  -46.5  18.25
0.337475773334841  -46.5  14.1875
0.368155389092554  -46  -13
0.352815581213697  -46.5  15
0.346679658062155  -46.5  13
0.352815581213697  -46  11.75
0.368155389092554  -46  9.75
0.398835004850267  -46  0
3.54349562001583  -46  -1.1875
0.417242774304894  -46  -4.0625
0.414174812729123  -46  11.75
0.447922390062607  -45.5  -4.0625
0.438718505335293  -46  14.1875
0.45405831321415  -46.5  6.5
0.444854428486836  -46  14.1875
0.42951462060798  -46.5  6.5
0.423378697456437  -46  10.9375
3.56190338947046  -46  4.4375
3.55576746631892  -46  -4.4375
3.53735969686429  -46  1.1875
3.53122377371275  -46  2
0.377359273819868  -46  13
0.371223350668325  -46  9.75
0.392699081698724  -45.5  13
0.386563158547182  -46  13
0.411106851153352  -46  0
3.5465635815916  -46  1.1875
0.411106851153352  -46  4.0625
0.389631120122953  -46.5  4.4375
0.374291312244096  -46.5  13
0.362019465941011  -46  15
0.368155389092554  -46.5  10.9375
0.392699081698724  -46  0
0.355883542789469  -46.5  16.25
0.325203927031756  -46.5  13
3.47906842692463  -46.5  -2
0.316000042304442  -46.5  16.25
0.343611696486384  -46.5  15
0.346679658062155  -46.5  16.25
0.362019465941011  -46.5  10.9375
0.42951462060798  -46  -17.0625
3.5465635815916  -46.5  5.25
0.45405831321415  -46  -34.9375
0.377359273819868  -46.5  17.4375
0.389631120122953  -46.5  10.9375
0.417242774304894  -46  0
0.392699081698724  -46.5  11.75
3.56497135104623  -46.5  0
0.447922390062607  -46  -17.0625
0.395767043274495  -46.5  14.1875
3.57417523577354  -46.5  -1.1875
0.395767043274495  -46.5  18.25
3.55883542789469  -46.5  4.4375
3.55883542789469  -46.5  1.1875
3.54042765844006  -46.5  2
0.35895150436524  -46.5  16.25
3.5250878505612  -46.5  3.25
