1.00322343527721  -38.5  1.1875
1.00629139685298  -38.5  4.4375
4.12947628098815  -38  8.9375
4.14788405044277  -38.5  0
4.1233403578366  -38.5  4.0625
4.11106851153352  -38.5  13
1.00015547370144  -38.5  0
0.997087512125667  -38.5  4.4375
4.1233403578366  -38  4.0625
1.00629139685298  -38.5  1.1875
1.00629139685298  -38.5  0
4.11720443468506  -38.5  4.0625
4.1233403578366  -38  8.9375
4.1233403578366  -38  13
4.1233403578366  -38.5  4.0625
1.00629139685298  -38.5  -1.1875
4.13561220413969  -38.5  -4.0625
4.13561220413969  -38.5  0
1.00015547370144  -38.5  3.25
4.11720443468506  -38  8.9375
0.975611781095268  -38.5  6.5
4.11106851153352  -38  13
1.00629139685298  -38.5  2
1.00629139685298  -38.5  -1.1875
4.12947628098815  -38.5  4.0625
1.00015547370144  -38.5  0
4.11106851153352  -38.5  21.9375
1.00629139685298  -38.5  2
4.11720443468506  -38  8.9375
1.00629139685298  -38.5  0
1.00322343527721  -38.5  1.1875
1.00322343527721  -38.5  0
1.00629139685298  -38.5  0
1.00629139685298  -38.5  -3.25
1.00935935842875  -38.5  -2
1.00935935842875  -38.5  1.1875
4.14174812729123  -38.5  0
1.01242732000452  -38.5  1.1875
1.01549528158029  -38.5  -1.1875
4.1233403578366  -38  13
1.01242732000452  -38.5  -2
4.14788405044277  -38.5  -8.9375
1.00935935842875  -38.5  0
4.1233403578366  -38.5  13
1.00322343527721  -38.5  5.25
4.14174812729123  -38  -4.0625
1.01242732000452  -38.5  1.1875
4.12947628098815  -38.5  4.0625
4.14788405044277  -38  0
1.01856324315607  -38.5  0
1.00935935842875  -38.5  1.1875
4.11106851153352  -38.5  15
1.00629139685298  -38.5  1.1875
4.1233403578366  -38.5  8.9375
1.01549528158029  -38.5  0
1.00629139685298  -38.5  0
1.00629139685298  -38.5  1.1875
0.969475857943725  -38.5  13
4.11720443468506  -38.5  13
1.00935935842875  -38.5  -2
4.15401997359432  -38.5  -4.0625
4.11720443468506  -38  17.0625
4.13561220413969  -38  -4.0625
4.14174812729123  -38.5  -4.0625
0.994019550549895  -38.5  1.1875
4.13561220413969  -38  0
1.00322343527721  -38.5  2
1.00935935842875  -38.5  1.1875
4.12947628098815  -38  4.0625
1.00629139685298  -38.5  2
4.1233403578366  -38.5  8.9375
4.11720443468506  -38  13
0.990951588974124  -38.5  4.4375
4.10493258838198  -38.5  13
4.10800054995775  -38.5  15
4.13561220413969  -38  0
1.00322343527721  -38.5  0
4.11720443468506  -38  13
4.12947628098815  -38  -4.0625
1.00322343527721  -38.5  4.4375
4.14174812729123  -38  -4.0625
1.00322343527721  -38.5  2
1.00629139685298  -38.5  2
4.1233403578366  -38.5  8.9375
4.12947628098815  -38  0
4.10493258838198  -38.5  21.9375
4.1233403578366  -38  4.0625
4.11106851153352  -38  17.0625
4.12947628098815  -38  -4.0625
4.11106851153352  -38.5  21.9375
4.12947628098815  -38  8.9375
1.00322343527721  -38.5  1.1875
4.11106851153352  -38.5  17.0625
1.00322343527721  -38.5  1.1875
4.14174812729123  -38.5  -4.0625
4.11720443468506  -38.5  13
1.00629139685298  -38.5  1.1875
4.11720443468506  -38  13
1.00322343527721  -38.5  2
1.00629139685298  -38.5  2
4.11720443468506  -38  13
1.00322343527721  -38.5  2
4.13561220413969  -38.5  -8.9375
1.00322343527721  -38.5  1.1875
1.00322343527721  -38.5  -2
4.1233403578366  -38.5  0
1.00935935842875  -38.5  0
4.1233403578366  -38.5  8.9375
1.00015547370144  -38.5  -3.25
4.12947628098815  -38.5  -8.9375
4.11720443468506  -38.5  4.0625
0.994019550549895  -38.5  1.1875
1.00322343527721  -38.5  -4.4375
4.11720443468506  -38  8.9375
1.00935935842875  -38.5  -2
4.12947628098815  -38  -4.0625
0.997087512125667  -38.5  0
4.14174812729123  -38  -4.0625
1.00935935842875  -38.5  -3.25
4.12947628098815  -38.5  4.0625
0.969475857943725  -38.5  13
1.00629139685298  -38.5  -2
4.12947628098815  -38  0
4.14174812729123  -38.5  -4.0625
1.00935935842875  -38.5  -3.25
1.00629139685298  -38.5  -3.25
0.994019550549895  -38.5  -1.1875
1.00629139685298  -38.5  -2
1.00629139685298  -38.5  2
4.11720443468506  -38  8.9375
1.00015547370144  -38.5  0
4.11106851153352  -38  17.0625
