1.14128170618692  -38  -2
1.15662151406577  -38.5  -2
4.27673843662517  -38  8.9375
1.16582539879309  -38.5  -5.25
4.28287435977671  -38  8.9375
1.16582539879309  -38.5  -1.1875
1.16582539879309  -38.5  -4.4375
1.15968947564154  -38.5  -3.25
1.14128170618692  -38  0
4.27060251347362  -37.5  8.9375
1.14741762933846  -38  -3.25
4.26446659032208  -38  17.0625
1.14434966776269  -38  0
1.13514578303537  -38  3.25
4.26446659032208  -38  17.0625
1.15355355249  -38  0
1.1320778214596  -38  2
4.25833066717054  -38  13
1.14741762933846  -38  0
4.27673843662517  -38  4.0625
1.11367005200498  -38  14.1875
4.26446659032208  -38  13
4.25833066717054  -38  17.0625
1.15355355249  -38  0
1.14741762933846  -38  2
4.26446659032208  -37.5  13
1.15048559091423  -38  -4.4375
1.14741762933846  -38  -4.4375
1.14128170618692  -38  -1.1875
1.14434966776269  -38  0
4.25833066717054  -38  17.0625
4.25833066717054  -38  21.9375
1.14434966776269  -38  0
4.27060251347362  -38  4.0625
1.14128170618692  -38  1.1875
1.12594189830806  -38  3.25
4.25833066717054  -38  17.0625
1.11673801358075  -38  10.9375
1.15355355249  -38  -3.25
4.26446659032208  -38  17.0625
1.14434966776269  -38  1.1875
4.27060251347362  -38  4.0625
4.25833066717054  -38  -4.0625
1.14128170618692  -38  2
1.15355355249  -38  0
4.252194744019  -38  21.9375
4.252194744019  -38  17.0625
4.25833066717054  -38  13
1.15048559091423  -38  1.1875
4.27060251347362  -38  8.9375
1.11367005200498  -38  10.9375
1.14741762933846  -38  -2
1.14434966776269  -38  -1.1875
1.1320778214596  -38  1.1875
1.14128170618692  -38  4.4375
4.26446659032208  -38  13
1.14741762933846  -38  0
1.14434966776269  -38  -1.1875
4.27673843662517  -38  0
1.15355355249  -38  0
4.25833066717054  -38  17.0625
1.15048559091423  -38  3.25
4.27060251347362  -38  4.0625
1.15355355249  -38  0
4.25833066717054  -38  17.0625
1.14434966776269  -38  1.1875
4.26446659032208  -37.5  17.0625
1.14741762933846  -38  -4.4375
1.14741762933846  -38  0
4.26446659032208  -38  13
4.26446659032208  -38  13
1.14434966776269  -38  1.1875
1.14128170618692  -38  2
4.25833066717054  -38  17.0625
4.27673843662517  -38  8.9375
4.27980639820094  -38  1.1875
4.25833066717054  -38  17.0625
1.15048559091423  -38  0
4.252194744019  -37.5  21.9375
1.14434966776269  -38  3.25
4.252194744019  -38  21.9375
1.15355355249  -38  -2
1.14741762933846  -38  2
4.25833066717054  -38  0
1.15355355249  -38  1.1875
1.14434966776269  -38  2
4.25833066717054  -38  13
1.14741762933846  -38  1.1875
1.14434966776269  -38  -2
4.26753455189785  -38  10.9375
4.28287435977671  -38  4.0625
1.14741762933846  -38  2
1.1320778214596  -38  3.25
4.26446659032208  -38  4.0625
1.11367005200498  -38  16.25
1.14128170618692  -38  2
4.27060251347362  -38  4.0625
1.14434966776269  -38  0
4.252194744019  -38  21.9375
4.24605882086745  -38  21.9375
1.14434966776269  -38  2
1.14128170618692  -38  1.1875
4.28287435977671  -38  -4.0625
1.14128170618692  -38  2
1.14128170618692  -38  -1.1875
4.24605882086745  -38  21.9375
4.25833066717054  -38  15
4.24605882086745  -38  4.0625
1.14741762933846  -38  -1.1875
4.24605882086745  -38  21.9375
4.27060251347362  -38  8.9375
4.26446659032208  -38  13
1.14434966776269  -38  -2
4.252194744019  -38  -4.0625
4.252194744019  -38  17.0625
1.14128170618692  -38  -3.25
4.252194744019  -38  17.0625
1.13821374461115  -38  3.25
4.25833066717054  -37.5  13
1.15048559091423  -38  -3.25
1.14434966776269  -38  -1.1875
1.14128170618692  -38  -1.1875
1.14128170618692  -38  -5.25
4.252194744019  -37.5  21.9375
1.14434966776269  -38  -1.1875
4.26446659032208  -38  13
1.14741762933846  -38  -2
1.14128170618692  -38  -2
4.24605882086745  -37.5  21.9375
4.252194744019  -38  17.0625
1.14434966776269  -38  -4.4375
4.25833066717054  -38  17.0625
