0.33440781175907  -41.5  16.25
0.392699081698724  -41  -8.9375
0.411106851153352  -41  -17.0625
0.368155389092554  -41.5  10.9375
0.411106851153352  -41  -13
0.374291312244096  -41.5  15
0.392699081698724  -41.5  4.0625
0.377359273819868  -41.5  13
0.411106851153352  -41  -8.9375
0.371223350668325  -41.5  13
0.404970928001809  -41  -4.0625
0.371223350668325  -41.5  16.25
0.386563158547182  -41  8.9375
0.371223350668325  -41.5  15
3.52201988898543  -41.5  3.25
0.374291312244096  -41  13
0.368155389092554  -41.5  14.1875
0.386563158547182  -41  4.0625
0.368155389092554  -41.5  15
0.368155389092554  -41.5  14.1875
0.371223350668325  -41.5  10.9375
0.398835004850267  -41.5  -4.0625
0.374291312244096  -41.5  11.75
3.54963154316737  -41.5  -1.1875
0.371223350668325  -41.5  16.25
0.386563158547182  -41  13
0.380427235395639  -41.5  14.1875
0.398835004850267  -41  8.9375
0.392699081698724  -41  4.0625
3.5250878505612  -41.5  -6.5
0.377359273819868  -41.5  0
0.380427235395639  -41  0
0.380427235395639  -41  4.0625
0.368155389092554  -41.5  4.0625
0.365087427516783  -41.5  2
0.340543734910612  -41.5  17.4375
0.386563158547182  -41  -8.9375
0.349747619637926  -41.5  13
0.362019465941011  -41  13
0.349747619637926  -41.5  14.1875
0.362019465941011  -41  13
3.51588396583389  -41.5  2
0.380427235395639  -41.5  4.0625
0.343611696486384  -41.5  16.25
0.349747619637926  -41.5  13
0.380427235395639  -41  0
0.362019465941011  -41  13
0.346679658062155  -41.5  16.25
0.374291312244096  -41.5  5.25
0.35895150436524  -41.5  11.75
0.368155389092554  -41  8.9375
0.349747619637926  -41.5  14.1875
0.374291312244096  -41  0
0.377359273819868  -41.5  1.1875
3.50668008110658  -41.5  3.25
0.398835004850267  -41  -13
0.362019465941011  -41.5  8.5
0.398835004850267  -41  -13
0.398835004850267  -41  -17.0625
0.371223350668325  -41.5  4.4375
0.386563158547182  -41.5  0
3.51895192740966  -41.5  -1.1875
0.398835004850267  -41  -8.9375
0.398835004850267  -41  -13
0.404970928001809  -41  -21.9375
0.368155389092554  -41  8.9375
0.386563158547182  -41.5  -1.1875
0.380427235395639  -41  0
0.365087427516783  -41.5  7.6875
0.398835004850267  -41.5  -13
0.349747619637926  -41.5  15
3.53122377371275  -41.5  -5.25
0.386563158547182  -41  0
0.362019465941011  -41.5  10.9375
0.386563158547182  -41  -4.0625
0.365087427516783  -41.5  9.75
0.349747619637926  -41.5  13
0.392699081698724  -41  -8.9375
0.35895150436524  -41.5  14.1875
0.404970928001809  -41  -8.9375
3.53122377371275  -41.5  0
0.386563158547182  -41  0
0.35895150436524  -41.5  15
0.392699081698724  -41  -8.9375
3.52815581213697  -41.5  -3.25
0.386563158547182  -41.5  0
0.386563158547182  -41  -4.0625
3.50668008110658  -41.5  5.25
0.349747619637926  -41.5  18.25
0.352815581213697  -41.5  15
0.380427235395639  -41  8.9375
0.380427235395639  -41.5  0
0.38349519697141  -41.5  1.1875
3.53735969686429  -41.5  -5.25
0.398835004850267  -41  -4.0625
0.349747619637926  -41.5  16.25
0.392699081698724  -41.5  -13
3.50974804268235  -41.5  1.1875
0.398835004850267  -41  -13
0.355883542789469  -41.5  14.1875
0.374291312244096  -41  4.0625
0.343611696486384  -41.5  15
3.50974804268235  -41.5  0
3.51895192740966  -41.5  1.1875
0.368155389092554  -41.5  4.0625
0.380427235395639  -41.5  -4.0625
0.340543734910612  -41.5  19.5
0.374291312244096  -41  -4.0625
0.380427235395639  -41  0
0.346679658062155  -41.5  16.25
0.392699081698724  -41.5  -8.9375
0.343611696486384  -41.5  15
0.368155389092554  -41.5  4.0625
3.51895192740966  -41.5  -2
0.368155389092554  -41  8.9375
0.374291312244096  -41.5  1.1875
0.392699081698724  -41  -8.9375
0.343611696486384  -41.5  17.4375
0.398835004850267  -41  -17.0625
0.368155389092554  -41.5  2
0.386563158547182  -41  -8.9375
3.52201988898543  -41.5  -4.4375
0.374291312244096  -41  -4.0625
0.346679658062155  -41.5  11.75
3.49440823480349  -41.5  10.9375
0.368155389092554  -41  8.9375
3.51895192740966  -41.5  -1.1875
0.337475773334841  -41.5  15
0.380427235395639  -41  0
0.371223350668325  -41.5  1.1875
0.380427235395639  -41  0
0.392699081698724  -41  -4.0625
