3.97301024062381  -47.5  4.4375
0.846757394912874  -47.5  6.5
0.834485548609789  -47.5  14.1875
0.859029241215959  -47.5  -2
0.834485548609789  -47.5  6.5
0.83755351018556  -47.5  4.4375
0.840621471761331  -47  3.25
3.9638063558965  -47.5  4.0625
3.97607820219958  -47  8.9375
0.831417587034017  -47  8.5
3.96687431747227  -47  16.25
0.846757394912874  -47  5.25
4.00062189480575  -47  8.9375
0.852893318064416  -47  -2
0.846757394912874  -47  3.25
0.849825356488645  -47  5.25
0.855961279640188  -47  1.1875
0.834485548609789  -47.5  10.9375
0.834485548609789  -47.5  6.5
3.98221412535112  -47  17.0625
3.96994227904804  -47.5  17.0625
0.828349625458246  -47.5  14.1875
0.83755351018556  -47  8.5
0.834485548609789  -47.5  6.5
0.83755351018556  -47  5.25
0.852893318064416  -47  3.25
3.96994227904804  -47  17.0625
0.849825356488645  -47  3.25
0.846757394912874  -47  4.4375
0.840621471761331  -47  3.25
0.83755351018556  -47  11.75
0.846757394912874  -47  4.4375
3.9423306248661  -47  24
0.840621471761331  -47  3.25
0.849825356488645  -47  4.4375
3.96994227904804  -47  21.9375
3.96073839432073  -47.5  18.25
3.96687431747227  -47  15
0.849825356488645  -47  4.4375
3.96994227904804  -47.5  13
0.849825356488645  -47  3.25
0.83755351018556  -47  9.75
0.843689433337103  -47  6.5
3.96994227904804  -47  21.9375
0.849825356488645  -47  0
0.855961279640188  -47  0
4.01289374110884  -47.5  -8.9375
0.840621471761331  -47  10.9375
3.96994227904804  -47.5  13
0.843689433337103  -47  0
0.849825356488645  -47  2
0.825281663882475  -47.5  13
4.00062189480575  -47  0
4.0067578179573  -47.5  -13
3.98221412535112  -47  4.0625
3.97607820219958  -47  21.9375
0.852893318064416  -47  5.25
0.846757394912874  -47  4.4375
3.97607820219958  -47  13
3.98835004850267  -47  4.0625
0.843689433337103  -47  5.25
3.97607820219958  -47.5  8.9375
0.843689433337103  -47  3.25
3.96994227904804  -47.5  26
0.849825356488645  -47  1.1875
0.825281663882475  -47.5  16.25
0.825281663882475  -47  11.75
0.849825356488645  -47  0
3.96687431747227  -47  15
4.02516558741192  -47.5  -26
0.840621471761331  -47  5.25
0.855961279640188  -47  0
4.00062189480575  -47  0
0.849825356488645  -47  6.5
3.95153450959341  -47  24
3.95767043274495  -47  17.4375
0.849825356488645  -47  4.4375
0.840621471761331  -47  7.6875
0.852893318064416  -47  1.1875
0.843689433337103  -47  5.25
0.849825356488645  -47  4.4375
3.98221412535112  -47  8.9375
3.98835004850267  -47  4.0625
0.846757394912874  -47  6.5
0.83755351018556  -47.5  6.5
0.855961279640188  -47  -2
0.846757394912874  -47  6.5
0.83755351018556  -47  8.5
0.849825356488645  -47  2
0.849825356488645  -47  4.4375
0.825281663882475  -47.5  17.4375
3.98835004850267  -47  4.0625
3.96994227904804  -47.5  13
3.96994227904804  -47.5  13
0.846757394912874  -47  4.4375
0.849825356488645  -47.5  5.25
0.849825356488645  -47  5.25
0.834485548609789  -47  13
0.843689433337103  -47.5  3.25
0.846757394912874  -47.5  3.25
0.83755351018556  -47  4.4375
0.852893318064416  -47  0
0.843689433337103  -47  4.4375
0.840621471761331  -47  6.5
0.840621471761331  -47  6.5
0.834485548609789  -47  8.5
0.83755351018556  -47  4.4375
0.840621471761331  -47  2
0.83755351018556  -47  5.25
3.9638063558965  -47  21.9375
0.840621471761331  -47  6.5
0.83755351018556  -47  2
3.95767043274495  -47  20.75
0.840621471761331  -47  5.25
3.9638063558965  -47  30.0625
0.840621471761331  -47  5.25
0.846757394912874  -47  1.1875
0.840621471761331  -47  4.4375
0.843689433337103  -47  5.25
3.96994227904804  -47  17.0625
0.849825356488645  -47  1.1875
0.846757394912874  -47.5  4.4375
0.83755351018556  -47  6.5
0.846757394912874  -47  5.25
4.00062189480575  -47  -8.9375
0.831417587034017  -47  6.5
0.834485548609789  -47  6.5
3.99448597165421  -47  4.0625
0.840621471761331  -47  3.25
3.98221412535112  -47.5  4.0625
0.83755351018556  -47  6.5
0.83755351018556  -47  7.6875
