3.76745681504713  -47.5  5.25
3.78279662292599  -47.5  1.1875
0.638136007760427  -47.5  4.4375
0.616660276730028  -47.5  16.25
0.644271930911969  -47.5  8.9375
0.632000084608884  -47.5  11.75
0.635068046184655  -47.5  8.5
0.62279619988157  -47.5  16.25
0.628932123033113  -47.5  8.5
3.78586458450176  -47.5  0
3.78279662292599  -47.5  6.5
0.656543777215054  -47.5  0
3.76745681504713  -47.5  17.4375
0.635068046184655  -47.5  9.75
3.78893254607753  -47.5  2
0.674951546669682  -47.5  -8.9375
0.681087469821225  -47.5  -17.0625
0.641203969336198  -47.5  6.5
0.674951546669682  -47.5  -17.0625
0.632000084608884  -47.5  8.5
0.650407854063512  -47  0
0.62279619988157  -47.5  15
0.66881562351814  -47.5  -13
3.7920005076533  -47.5  0
3.78893254607753  -47.5  4.4375
0.628932123033113  -47.5  13
0.656543777215054  -47.5  -4.0625
3.77972866135022  -47.5  3.25
0.610524353578485  -47.5  17.4375
0.62279619988157  -47.5  8.5
0.613592315154256  -47.5  15
0.619728238305799  -47.5  21.9375
0.62279619988157  -47.5  8.5
0.616660276730028  -47.5  13
0.625864161457342  -47.5  13
0.592116584123857  -47.5  27.25
0.628932123033113  -47.5  4.4375
3.78586458450176  -47.5  2
0.619728238305799  -47.5  14.1875
3.78586458450176  -47.5  1.1875
0.674951546669682  -47.5  -21.9375
3.78279662292599  -47.5  2
3.77666069977445  -47.5  6.5
3.77666069977445  -47.5  4.4375
0.619728238305799  -47.5  26
3.77666069977445  -47.5  8.5
3.77972866135022  -47.5  4.4375
3.77972866135022  -47.5  3.25
0.632000084608884  -47.5  4.4375
3.78586458450176  -47.5  1.1875
3.78279662292599  -47.5  3.25
0.616660276730028  -47.5  18.25
0.625864161457342  -47.5  11.75
0.616660276730028  -47.5  18.25
0.632000084608884  -47.5  5.25
3.77972866135022  -47.5  4.4375
0.625864161457342  -47.5  11.75
3.78279662292599  -47.5  6.5
3.7920005076533  -47.5  6.5
3.78586458450176  -47.5  5.25
0.616660276730028  -47.5  18.25
0.647339892487741  -47.5  1.1875
3.7920005076533  -47.5  0
0.632000084608884  -47.5  13
0.62279619988157  -47.5  13
3.78586458450176  -47.5  0
0.628932123033113  -47.5  4.4375
3.78893254607753  -47.5  5.25
0.638136007760427  -47.5  3.25
0.711767085578938  -47.5  -48
0.613592315154256  -47.5  21.9375
0.656543777215054  -47.5  -8.9375
0.628932123033113  -47.5  9.75
0.616660276730028  -47.5  16.25
0.613592315154256  -47.5  19.5
3.78893254607753  -47.5  0
0.619728238305799  -47.5  18.25
0.638136007760427  -47.5  0
3.77359273819868  -47.5  9.75
3.78279662292599  -47.5  0
0.632000084608884  -47.5  10.9375
0.628932123033113  -47.5  2
0.62279619988157  -47.5  11.75
0.628932123033113  -47.5  5.25
0.62279619988157  -47.5  8.5
0.662679700366597  -47.5  -4.0625
0.62279619988157  -47.5  18.25
0.619728238305799  -47.5  17.0625
0.62279619988157  -47.5  17.4375
3.75825293031982  -47.5  18.25
3.78893254607753  -47.5  4.4375
0.632000084608884  -47.5  9.75
0.632000084608884  -47.5  7.6875
0.619728238305799  -47.5  14.1875
3.78893254607753  -47.5  6.5
3.79506846922908  -47.5  0
0.681087469821225  -47.5  -17.0625
3.7920005076533  -47.5  2
0.656543777215054  -47.5  4.0625
3.79506846922908  -47.5  1.1875
0.635068046184655  -47.5  8.5
0.674951546669682  -47.5  -13
3.77972866135022  -47.5  7.6875
0.647339892487741  -47.5  5.25
0.632000084608884  -47.5  13
3.7920005076533  -47.5  1.1875
3.78279662292599  -47.5  3.25
0.662679700366597  -47.5  -13
3.78586458450176  -47.5  3.25
0.619728238305799  -47.5  15
0.644271930911969  -47.5  7.6875
0.619728238305799  -47.5  26
3.78279662292599  -47.5  1.1875
0.610524353578485  -47.5  18.25
0.625864161457342  -47.5  16.25
0.656543777215054  -47.5  8.9375
0.635068046184655  -47.5  5.25
0.674951546669682  -47.5  -17.0625
0.619728238305799  -47.5  15
0.616660276730028  -47.5  17.4375
3.75825293031982  -47.5  18.25
0.656543777215054  -47.5  -4.0625
0.616660276730028  -47.5  19.5
0.644271930911969  -47.5  7.6875
0.625864161457342  -47.5  15
0.619728238305799  -47.5  21.9375
3.77666069977445  -47.5  6.5
3.77972866135022  -47.5  3.25
0.632000084608884  -47.5  4.0625
3.78279662292599  -47.5  1.1875
0.610524353578485  -47.5  18.25
3.77359273819868  -47.5  8.5
