5.58982599105528  -41.5  -13
2.414485760132  -41.5  5.25
2.41755372170777  -41.5  6.5
5.55914637529756  -41.5  14.1875
5.56528229844911  -41.5  16.25
5.55914637529756  -41.5  16.25
5.55607841372179  -41.5  15
5.57755414475219  -41.5  7.6875
5.57448618317642  -41.5  11.75
2.44516537588971  -41.5  -2
5.55914637529756  -41.5  3.25
5.54073860584294  -41.5  13
5.53153472111562  -41.5  17.4375
5.54073860584294  -41.5  11.75
5.54687452899448  -41.5  7.6875
5.53767064426716  -41.5  14.1875
5.57141822160065  -41.5  -4.0625
2.40221391382891  -41.5  4.4375
5.53767064426716  -41.5  16.25
5.58982599105528  -41.5  -26
2.3930100291016  -41.5  10.9375
5.54380656741871  -41.5  14.1875
5.54073860584294  -41.5  14.1875
5.55914637529756  -41.5  1.1875
5.58369006790373  -41.5  -13
5.57755414475219  -41.5  -13
5.57755414475219  -42  -13
5.57755414475219  -41.5  -8.9375
5.53767064426716  -41.5  17.4375
5.53153472111562  -41.5  19.5
5.57755414475219  -41.5  -13
5.57755414475219  -41.5  -8.9375
2.38994206752583  -41.5  9.75
5.56528229844911  -41.5  -4.0625
2.40221391382891  -41.5  4.4375
2.40221391382891  -41.5  4.4375
5.55914637529756  -41.5  0
5.52846675953985  -41.5  18.25
5.57755414475219  -42  -13
2.42675760643508  -41.5  -1.1875
2.39914595225314  -41.5  7.6875
2.42675760643508  -41.5  -2
5.53153472111562  -41.5  14.1875
2.40528187540469  -41.5  2
5.54380656741871  -41.5  13
5.54073860584294  -41.5  15
5.58982599105528  -41.5  -21.9375
2.3930100291016  -41.5  9.75
5.56528229844911  -41.5  -4.0625
5.52846675953985  -41.5  14.1875
2.3930100291016  -41.5  10.9375
2.3930100291016  -41.5  9.75
5.56528229844911  -41.5  -4.0625
2.42675760643508  -41.5  -5.25
5.52846675953985  -41.5  16.25
5.55914637529756  -41.5  3.25
5.54380656741871  -41.5  11.75
5.52846675953985  -41.5  16.25
5.54687452899448  -41.5  10.9375
5.54380656741871  -41.5  10.9375
5.57755414475219  -41.5  -17.0625
2.38073818279852  -41.5  16.25
5.55607841372179  -41.5  1.1875
2.42062168328354  -41.5  -4.4375
5.52539879796408  -41.5  18.25
2.41755372170777  -41.5  -3.25
2.41755372170777  -41.5  -3.25
5.55914637529756  -41.5  0
5.51926287481254  -41.5  17.4375
5.53153472111562  -41.5  15
5.52539879796408  -41.5  16.25
2.39914595225314  -41.5  0
5.54380656741871  -41.5  3.25
5.52233083638831  -41.5  14.1875
2.40528187540469  -41.5  1.1875
2.38994206752583  -41.5  7.6875
5.53153472111562  -41.5  16.25
2.40528187540469  -41.5  6.5
5.54687452899448  -41.5  13
5.53767064426716  -41.5  15
5.54994249057025  -41.5  7.6875
2.44209741431394  -41.5  -8.5
2.42368964485931  -41.5  2
5.54380656741871  -41.5  13
5.56528229844911  -42  0
5.55607841372179  -41.5  8.5
5.55607841372179  -41.5  5.25
5.54073860584294  -41.5  15
2.40528187540469  -41.5  11.75
5.56528229844911  -42  -4.0625
5.54994249057025  -41.5  11.75
5.55301045214602  -41.5  13
2.40221391382891  -41.5  8.5
2.40221391382891  -41.5  6.5
5.57755414475219  -42  -17.0625
5.53460268269139  -41.5  14.1875
2.43289352958663  -41.5  -7.6875
2.42675760643508  -41.5  -3.25
5.55301045214602  -41.5  4.0625
2.3930100291016  -41.5  10.9375
2.38994206752583  -41.5  10.9375
5.55301045214602  -42  -8.9375
5.55914637529756  -41.5  0
5.57755414475219  -42  -21.9375
2.3930100291016  -41.5  7.6875
5.54687452899448  -41.5  7.6875
2.40528187540469  -41.5  3.25
5.55607841372179  -41.5  -1.1875
5.53153472111562  -41.5  13
2.38994206752583  -41.5  8.5
5.53767064426716  -41.5  13
2.42675760643508  -41.5  -8.5
2.42368964485931  -41.5  -6.5
2.38380614437429  -41.5  13
2.40221391382891  -41.5  4.4375
2.37767022122274  -41.5  14.1875
5.54073860584294  -41.5  10.9375
5.53153472111562  -41.5  13
5.52233083638831  -41.5  19.5
5.52233083638831  -41.5  16.25
2.40221391382891  -41.5  6.5
5.54380656741871  -41.5  11.75
5.54687452899448  -41.5  7.6875
5.58369006790373  -41.5  -17.0625
5.53460268269139  -41.5  14.1875
5.53767064426716  -41.5  10.9375
5.54073860584294  -41.5  6.5
5.56528229844911  -42  -21.9375
5.53767064426716  -41.5  13
5.57141822160065  -42  -13
5.57141822160065  -41.5  -13
5.53767064426716  -41.5  14.1875
