0.392699081698724  -41  -4.0625
0.374291312244096  -41.5  16.25
0.411106851153352  -41  4.0625
0.404970928001809  -41  8.9375
0.435650543759522  -41.5  -13
3.55269950474315  -41.5  0
0.423378697456437  -41.5  -17.0625
0.386563158547182  -41.5  18.25
0.417242774304894  -41  0
3.56190338947046  -41.5  -4.4375
0.42951462060798  -41  -8.9375
0.380427235395639  -41.5  20.75
0.392699081698724  -41.5  11.75
0.389631120122953  -41.5  11.75
0.389631120122953  -41.5  11.75
0.408038889577581  -41.5  2
0.386563158547182  -41.5  18.25
0.386563158547182  -41.5  15
0.386563158547182  -41.5  14.1875
3.56497135104623  -41.5  -4.4375
0.414174812729123  -41.5  4.4375
0.441786466911065  -41  -13
0.42951462060798  -41.5  -4.0625
0.398835004850267  -41  0
0.404970928001809  -41.5  -4.0625
0.398835004850267  -41  0
0.404970928001809  -41.5  -4.0625
0.423378697456437  -41  -4.0625
0.395767043274495  -41.5  16.25
0.42951462060798  -41.5  -8.9375
3.58031115892509  -41.5  -4.4375
0.401902966426038  -41.5  18.25
0.42951462060798  -41  13
0.417242774304894  -41.5  13
3.57110727419777  -41.5  3.25
0.441786466911065  -41.5  -4.0625
0.404970928001809  -41.5  16.25
0.435650543759522  -41  4.0625
0.414174812729123  -41.5  11.75
0.435650543759522  -41.5  -8.9375
3.55883542789469  -41.5  2
0.42951462060798  -41  0
3.57110727419777  -41.5  -4.4375
0.411106851153352  -41.5  8.9375
0.426446659032208  -41.5  -1.1875
0.392699081698724  -41.5  15
0.417242774304894  -41.5  -4.0625
0.395767043274495  -41.5  10.9375
0.398835004850267  -41.5  4.0625
0.420310735880666  -41.5  2
0.398835004850267  -41.5  13
0.417242774304894  -41.5  -4.0625
0.408038889577581  -41.5  5.25
0.423378697456437  -41  -4.0625
0.392699081698724  -41.5  16.25
0.417242774304894  -41.5  -8.9375
0.395767043274495  -41.5  15
0.417242774304894  -41.5  8.9375
0.414174812729123  -41.5  5.25
3.57724319734932  -41.5  -3.25
0.435650543759522  -41.5  0
0.401902966426038  -41.5  10.9375
0.42951462060798  -41  0
0.398835004850267  -41.5  16.25
0.42951462060798  -41.5  -13
3.57417523577354  -41.5  -4.4375
0.417242774304894  -41.5  0
0.404970928001809  -41.5  9.75
0.447922390062607  -41.5  -21.9375
0.398835004850267  -41.5  16.25
0.420310735880666  -41.5  0
0.423378697456437  -41  -4.0625
0.417242774304894  -41.5  -8.9375
0.411106851153352  -41  4.0625
0.411106851153352  -41.5  0
0.395767043274495  -41.5  11.75
3.5465635815916  -41.5  2
0.411106851153352  -41  4.0625
0.389631120122953  -41.5  11.75
0.389631120122953  -41.5  16.25
0.435650543759522  -41  -8.9375
0.423378697456437  -41.5  -13
0.395767043274495  -41.5  14.1875
0.398835004850267  -41.5  4.0625
3.51895192740966  -41.5  11.75
0.386563158547182  -41.5  13
0.398835004850267  -41  -4.0625
0.398835004850267  -41  8.9375
0.389631120122953  -41.5  10.9375
0.392699081698724  -41.5  4.0625
0.398835004850267  -41.5  2
0.398835004850267  -41.5  0
0.386563158547182  -41.5  9.75
0.392699081698724  -41.5  10.9375
3.53735969686429  -42  3.25
0.411106851153352  -41  -4.0625
0.417242774304894  -41  -8.9375
0.42951462060798  -41.5  -8.9375
3.55883542789469  -41.5  -1.1875
0.441786466911065  -41  -30.0625
0.38349519697141  -41.5  13
3.54349562001583  -41.5  3.25
0.392699081698724  -41.5  4.0625
0.417242774304894  -41  -8.9375
0.398835004850267  -41.5  0
0.395767043274495  -41.5  2
0.392699081698724  -41  8.9375
0.404970928001809  -41  0
0.389631120122953  -41.5  5.25
0.374291312244096  -41.5  15
0.417242774304894  -41  -8.9375
0.374291312244096  -41.5  14.1875
0.404970928001809  -41.5  -8.9375
0.423378697456437  -41.5  -26
0.392699081698724  -41.5  4.0625
0.404970928001809  -41  -8.9375
0.411106851153352  -41  0
0.404970928001809  -41  -4.0625
3.5465635815916  -41.5  -2
0.398835004850267  -41  4.0625
0.423378697456437  -41  -17.0625
0.386563158547182  -41.5  13
0.386563158547182  -41.5  8.9375
3.5250878505612  -41.5  4.4375
0.404970928001809  -41.5  0
0.374291312244096  -41.5  14.1875
0.392699081698724  -41.5  0
0.401902966426038  -41.5  2
0.392699081698724  -41.5  -4.0625
0.417242774304894  -41  -13
0.398835004850267  -41  4.0625
3.53429173528852  -41.5  2
