1.5707963267949  -43  2
1.56159244206758  -43  8.5
4.70318509565738  -43  11.75
4.70932101880892  -43  14.1875
4.76147636559703  -43.5  -17.0625
1.58613613467375  -43  0
4.7430685961424  -43.5  -4.0625
4.69091324935429  -43  19.5
4.75534044244549  -43.5  -17.0625
4.7001171340816  -43  19.5
1.59840798097684  -43  -6.5
1.56772836521913  -43  14.1875
1.57693224994644  -43  5.25
1.58613613467375  -43  6.5
4.70932101880892  -43  16.25
1.57693224994644  -43  6.5
4.70318509565738  -43  13
4.69091324935429  -43  15
4.69398121093006  -43  15
4.71852490353623  -43.5  0
1.56466040364335  -43  4.4375
4.7001171340816  -43.5  8.9375
1.56466040364335  -43  4.4375
4.68784528777852  -43  13
1.57386428837067  -43  1.1875
4.72466082668778  -43.5  -8.9375
1.56159244206758  -43  10.9375
4.70625305723315  -43.5  8.9375
1.57386428837067  -43  -2
1.5707963267949  -43  1.1875
1.58920409624952  -43  -8.5
4.73079674983932  -43.5  -8.9375
1.55545651891604  -43  5.25
1.55852448049181  -43  4.4375
1.57386428837067  -43  -1.1875
4.71238898038469  -43.5  -4.0625
4.69398121093006  -43.5  21.9375
4.73079674983932  -43.5  -13
1.54625263418873  -43  11.75
4.71852490353623  -43.5  -8.9375
4.7001171340816  -43  7.6875
4.71852490353623  -43.5  -13
1.54625263418873  -43  14.1875
4.69091324935429  -43  16.25
4.69704917250583  -43  10.9375
1.56466040364335  -43  6.5
4.71238898038469  -43.5  0
4.70625305723315  -43.5  4.0625
4.69398121093006  -43  10.9375
1.56159244206758  -43  3.25
1.54625263418873  -43  11.75
4.69704917250583  -43  16.25
4.71852490353623  -43.5  -4.0625
1.56772836521913  -43  1.1875
1.5707963267949  -43  1.1875
1.56466040364335  -43  1.1875
1.5493205957645  -43  13
4.70932101880892  -43  1.1875
1.54318467261295  -43  19.5
4.67864140305121  -43  20.75
1.55852448049181  -43  5.25
1.56466040364335  -43  4.4375
1.57386428837067  -43  -2
1.54625263418873  -43  13
4.70625305723315  -43.5  0
4.70625305723315  -43.5  4.0625
4.67864140305121  -43  20.75
4.69398121093006  -43  20.75
1.56772836521913  -43  5.25
1.57693224994644  -43  -1.1875
1.58000021152221  -43  -2
1.5707963267949  -43  2
4.69398121093006  -43.5  17.0625
1.57386428837067  -43  0
4.69398121093006  -43  15
4.67557344147543  -43  20.75
1.54318467261295  -43  13
1.56159244206758  -43  3.25
1.57693224994644  -43  -3.25
1.55545651891604  -43  10.9375
1.56772836521913  -43  0
1.54318467261295  -43  13
4.73693267299086  -43.5  -17.0625
1.56772836521913  -43  7.6875
4.71238898038469  -43.5  4.0625
1.5707963267949  -43  3.25
4.71852490353623  -43.5  4.0625
1.56159244206758  -43  7.6875
1.5707963267949  -43  -2
1.55545651891604  -43  6.5
4.70318509565738  -43  7.6875
4.71852490353623  -43.5  -17.0625
4.68170936462698  -43  17.4375
1.55852448049181  -43  3.25
4.69398121093006  -43  15
1.55852448049181  -43  11.75
4.68170936462698  -43  20.75
1.56159244206758  -43  6.5
1.55545651891604  -43  8.5
1.56466040364335  -43  4.4375
4.71238898038469  -43.5  0
4.71238898038469  -43.5  0
4.67250547989966  -43  21.5625
1.5707963267949  -43  1.1875
4.68170936462698  -43  19.5
4.68170936462698  -43  18.25
1.54625263418873  -43  10.9375
4.71238898038469  -43.5  0
1.55545651891604  -43  3.25
1.56159244206758  -43  6.5
1.54011671103718  -43  11.75
1.5493205957645  -43  6.5
1.54625263418873  -43  11.75
1.54318467261295  -43  10.9375
4.7001171340816  -43.5  8.9375
1.5707963267949  -43  -2
1.56466040364335  -43  3.25
4.7001171340816  -43  7.6875
1.55545651891604  -43  8.5
1.56772836521913  -43  1.1875
1.5707963267949  -43  1.1875
4.68784528777852  -43  14.1875
4.68477732620275  -43  17.4375
4.68477732620275  -43  16.25
4.67557344147543  -43  18.25
1.54625263418873  -43  14.1875
1.54625263418873  -43  9.75
1.56772836521913  -43  0
4.72466082668778  -43.5  0
4.70932101880892  -43  5.25
1.5493205957645  -43  8.5
4.68477732620275  -43  14.1875
