5.44256383541826  -41  7.6875
5.47937937432751  -41.5  -4.0625
2.30710710498  -41.5  9.75
5.4701754896002  -41  8.5
5.47937937432751  -41.5  0
5.46710752802443  -41  6.5
5.52846675953985  -41.5  -26
2.3500585670408  -41.5  -5.25
5.51005899008522  -41.5  -17.0625
5.4916512206306  -41.5  -4.0625
5.45790364329711  -41.5  19.5
5.46710752802443  -41  14.1875
2.31631098970732  -41.5  10.9375
2.36233041334389  -41.5  -7.6875
5.46097160487288  -41  16.25
5.48551529747905  -41.5  3.25
5.46097160487288  -41  13
5.46097160487288  -41  21.5625
5.4701754896002  -41.5  10.9375
5.46403956644865  -41.5  14.1875
5.47937937432751  -41  9.75
2.3285828360104  -41.5  9.75
2.33165079758617  -41  -5.25
5.43949587384248  -41  18.25
5.47937937432751  -41.5  0
2.31937895128309  -41  3.25
5.48551529747905  -41.5  -13
5.43949587384248  -41  16.25
5.43949587384248  -41  17.4375
5.48551529747905  -41.5  -13
5.46710752802443  -41  2
2.29483525867692  -41  13
5.4486997585698  -41  16.25
2.31937895128309  -41.5  -1.1875
5.47937937432751  -41.5  -13
2.32551487443463  -41  3.25
5.4916512206306  -41.5  -13
5.43335995069094  -41  16.25
5.48551529747905  -41.5  -4.0625
5.48551529747905  -41.5  -13
2.3285828360104  -41  -3.25
5.43642791226671  -41  16.25
5.4486997585698  -41  11.75
5.43642791226671  -41  19.5
2.33165079758617  -41.5  -3.25
5.49778714378214  -41.5  -26
2.3285828360104  -41  1.1875
5.45176772014557  -41  13
5.44563179699403  -41  16.25
5.4486997585698  -41  14.1875
5.47937937432751  -41.5  0
5.43642791226671  -41  14.1875
5.47324345117597  -41  0
2.30403914340423  -41.5  9.75
2.29790322025269  -41  9.75
5.48551529747905  -41.5  -13
2.33471875916195  -41  -5.25
5.44563179699403  -41  11.75
5.43642791226671  -41  11.75
2.31017506655578  -41  1.1875
5.46710752802443  -41.5  0
2.29483525867692  -41  9.75
5.43949587384248  -41  19.5
5.4916512206306  -41.5  -17.0625
5.43642791226671  -41  15
5.43949587384248  -41  15
5.47937937432751  -41.5  -8.9375
5.47324345117597  -41.5  -4.0625
5.43335995069094  -41  16.25
5.48551529747905  -41.5  -8.9375
2.3285828360104  -41  -1.1875
5.45790364329711  -41  5.25
5.44256383541826  -41  13
5.44256383541826  -41  20.75
5.44563179699403  -41  15
2.30097118182846  -41  8.5
5.44256383541826  -41  16.25
2.32244691285886  -41  5.25
5.4486997585698  -41  16.25
5.45790364329711  -41  9.75
2.32551487443463  -41.5  4.4375
5.44256383541826  -41  15
5.44256383541826  -41  19.5
2.32551487443463  -41.5  -1.1875
5.48551529747905  -41.5  -17.0625
5.47937937432751  -41.5  -8.9375
5.4486997585698  -41.5  15
5.45483568172134  -41.5  13
5.43949587384248  -41  20.75
5.45483568172134  -41  10.9375
5.46710752802443  -41.5  4.0625
5.43949587384248  -41.5  17.4375
5.45176772014557  -41.5  15
5.47324345117597  -41  0
5.44563179699403  -41.5  15
2.31017506655578  -41.5  5.25
5.49778714378214  -41.5  -13
5.47937937432751  -41.5  -4.0625
5.45176772014557  -41.5  16.25
5.4486997585698  -41.5  16.25
5.45483568172134  -41.5  14.1875
5.44256383541826  -41.5  16.25
5.45483568172134  -41.5  14.1875
2.34085468231349  -41.5  -6.5
2.33778672073772  -41.5  0
5.4486997585698  -41  19.5
5.49778714378214  -41.5  -17.0625
2.31324302813155  -41.5  5.25
5.45790364329711  -41  8.5
5.49778714378214  -41.5  -17.0625
2.33471875916195  -41.5  2
2.34085468231349  -41.5  -2
5.43642791226671  -41  21.5625
5.4486997585698  -41  14.1875
2.3285828360104  -41.5  3.25
2.34085468231349  -41.5  1.1875
2.34085468231349  -41  -5.25
5.47324345117597  -41.5  -4.0625
5.45176772014557  -41  13
5.44563179699403  -41  14.1875
5.4916512206306  -41.5  -13
5.47324345117597  -41.5  0
5.43335995069094  -41  19.5
5.47937937432751  -41.5  0
5.48551529747905  -41.5  -4.0625
2.33471875916195  -41  -4.4375
2.32244691285886  -41  5.25
5.44256383541826  -41  16.25
2.33165079758617  -41  -3.25
2.30097118182846  -41  13
5.43949587384248  -41  16.25
5.43949587384248  -41.5  16.25
