3.72450535298634  -40  30.0625
0.610524353578485  -40  5.25
0.616660276730028  -40  0
0.619728238305799  -40  -2
0.619728238305799  -40  0
0.619728238305799  -40  1.1875
0.62279619988157  -40  0
0.628932123033113  -40  1.1875
0.628932123033113  -40  0
0.619728238305799  -40  -3.25
0.625864161457342  -40  0
3.73677719928942  -40  21.9375
0.628932123033113  -40  1.1875
0.616660276730028  -40  0
0.613592315154256  -40  1.1875
0.619728238305799  -40  -2
0.625864161457342  -40  -2
3.74291312244096  -40  26
0.619728238305799  -40  1.1875
0.616660276730028  -40  0
0.619728238305799  -40  0
0.616660276730028  -40  -2
0.610524353578485  -40  2
0.592116584123857  -40  13
0.595184545699629  -40  1.1875
0.592116584123857  -40  5.25
3.73064127613788  -40  17.0625
0.607456392002714  -40  2
0.607456392002714  -40  2
0.604388430426943  -40  0
3.72450535298634  -40  30.0625
0.607456392002714  -40  0
0.601320468851171  -40  2
0.595184545699629  -40  6.5
0.607456392002714  -40  -1.1875
0.604388430426943  -40  -2
0.607456392002714  -40  -1.1875
0.607456392002714  -40  1.1875
3.71836942983479  -40  30.0625
0.616660276730028  -40  0
0.604388430426943  -40  2
3.71836942983479  -40  30.0625
3.73064127613788  -40  17.0625
0.604388430426943  -40  0
3.71223350668325  -40  39
0.610524353578485  -40  -2
3.73064127613788  -40  17.0625
0.604388430426943  -40  -1.1875
0.607456392002714  -40  -2
0.613592315154256  -40  -1.1875
3.72450535298634  -40  34.9375
0.610524353578485  -40  1.1875
3.72450535298634  -40  21.9375
0.604388430426943  -40  2
3.72450535298634  -40  21.9375
0.579844737820772  -40  16.25
0.607456392002714  -40  0
3.71836942983479  -40  21.9375
0.585980660972315  -40  3.25
0.595184545699629  -40  -1.1875
0.582912699396544  -40  4.4375
0.5982525072754  -40  1.1875
3.71223350668325  -40  21.9375
0.585980660972315  -40  1.1875
0.595184545699629  -40  0
0.5982525072754  -40  -1.1875
0.585980660972315  -40  4.4375
0.595184545699629  -40  0
0.585980660972315  -40  0
0.582912699396544  -40  2
0.589048622548086  -40  -1.1875
3.71836942983479  -40  13
0.592116584123857  -40  -3.25
0.582912699396544  -40  3.25
3.69996166038017  -40  26
0.579844737820772  -40  -1.1875
0.589048622548086  -40  -1.1875
0.585980660972315  -40  -2
0.552233083638831  -40  18.25
0.592116584123857  -40  -2
0.589048622548086  -40  2
0.589048622548086  -40.5  1.1875
0.595184545699629  -40  2
0.561436968366145  -40.5  14.1875
3.70609758353171  -40  30.0625
3.71223350668325  -40  21.9375
0.592116584123857  -40  4.4375
0.5982525072754  -40  0
3.71836942983479  -40  4.4375
0.5982525072754  -40  1.1875
3.71223350668325  -40  26
0.595184545699629  -40  1.1875
0.595184545699629  -40  1.1875
0.589048622548086  -40  -1.1875
3.72450535298634  -40  21.9375
0.5982525072754  -40  0
0.592116584123857  -40  2
0.585980660972315  -40  1.1875
0.592116584123857  -40  -1.1875
3.70609758353171  -40  34.9375
0.5982525072754  -40  -2
0.604388430426943  -40  0
0.5982525072754  -40  2
0.601320468851171  -40  -2
0.5982525072754  -40  2
0.601320468851171  -40  2
0.595184545699629  -40  3.25
3.72450535298634  -40  21.9375
0.592116584123857  -40  2
0.5982525072754  -40  1.1875
0.604388430426943  -40  -2
0.592116584123857  -40  4.4375
0.595184545699629  -40  -1.1875
0.592116584123857  -40  0
0.601320468851171  -40  0
3.71836942983479  -40  21.9375
0.5982525072754  -40  0
0.5982525072754  -40  1.1875
0.5982525072754  -40  -1.1875
0.585980660972315  -40  9.75
0.601320468851171  -40  -1.1875
0.604388430426943  -40  -1.1875
0.604388430426943  -40  0
0.585980660972315  -40  3.25
0.595184545699629  -40  -1.1875
0.595184545699629  -40  3.25
0.585980660972315  -40  2
0.604388430426943  -40  -1.1875
0.5982525072754  -40  3.25
0.601320468851171  -40  1.1875
0.604388430426943  -40  1.1875
0.592116584123857  -40  3.25
