0.0613592315154256  -40  13
0.128854386182394  -39.5  -13
0.0920388472731385  -40  11.75
3.26737907819642  -40  -4.4375
0.0889708856973672  -40  10.9375
0.113514578303537  -40  6.5
0.0859029241215959  -40  17.4375
0.0828349625458246  -40  14.1875
0.0859029241215959  -40  15
0.104310693576224  -40  11.75
0.098174770424681  -40  13
0.141126232485479  -39.5  -17.0625
0.0889708856973672  -40  16.25
0.0889708856973672  -40  16.25
0.0889708856973672  -40  16.25
0.104310693576224  -40  13
0.098174770424681  -40  16.25
0.104310693576224  -40  13
0.101242732000452  -40  10.9375
0.107378655151995  -40  11.75
0.101242732000452  -40  14.1875
3.26431111662064  -40  2
0.101242732000452  -40  13
0.0951068088489097  -40  16.25
0.104310693576224  -40  0
0.0797670009700533  -40  14.1875
0.0766990393942821  -40  14.1875
0.101242732000452  -40  0
0.0828349625458246  -40  15
0.0766990393942821  -40  13
0.0766990393942821  -40  13
0.122718463030851  -39.5  -21.9375
0.0736310778185108  -40  14.1875
3.25203927031756  -40  -1.1875
0.0674951546669682  -40  15
0.0705631162427395  -40  14.1875
0.104310693576224  -40  -8.9375
0.0828349625458246  -40  13
0.0705631162427395  -40  14.1875
0.0797670009700533  -40  17.4375
0.0644271930911969  -40  18.25
0.104310693576224  -40  -2
0.0644271930911969  -40  19.5
3.22442761613562  -40  10.9375
0.0828349625458246  -40  15
0.0644271930911969  -40  16.25
3.24897130874179  -40  -3.25
0.104310693576224  -40  1.1875
0.0797670009700533  -40  13
0.0705631162427395  -39.5  15
0.098174770424681  -39.5  4.4375
0.0828349625458246  -40  11.75
0.0674951546669682  -40  14.1875
0.0644271930911969  -40  16.25
0.0828349625458246  -40  11.75
0.0797670009700533  -40  14.1875
3.24897130874179  -40  0
0.0797670009700533  -40  17.4375
3.25203927031756  -40  -1.1875
0.0766990393942821  -40  13
0.0828349625458246  -40  11.75
0.0797670009700533  -40  17.4375
0.098174770424681  -40  0
0.0736310778185108  -40  14.1875
0.0766990393942821  -40  13
0.116582539879309  -39.5  -8.9375
0.122718463030851  -39.5  -17.0625
0.110446616727766  -40  -17.0625
0.0705631162427395  -40  14.1875
0.0859029241215959  -40  14.1875
0.0644271930911969  -40  18.25
0.0828349625458246  -40  10.9375
0.0797670009700533  -39.5  13
0.0797670009700533  -39.5  9.75
0.0644271930911969  -39.5  16.25
0.0828349625458246  -39.5  14.1875
0.0828349625458246  -39.5  15
0.0736310778185108  -40  14.1875
0.104310693576224  -39.5  -8.9375
0.0705631162427395  -39.5  15
0.110446616727766  -40  -13
0.0705631162427395  -40  15
0.0951068088489097  -39.5  4.4375
0.0797670009700533  -40  13
0.0766990393942821  -40  13
0.0644271930911969  -40  19.5
0.0644271930911969  -40  17.4375
0.0674951546669682  -39.5  18.25
0.0644271930911969  -40  15
0.098174770424681  -39.5  -4.0625
0.0797670009700533  -40  10.9375
0.0766990393942821  -40  14.1875
0.0797670009700533  -40  14.1875
3.23056353928716  -40  2
0.104310693576224  -40  1.1875
0.0705631162427395  -40  13
0.098174770424681  -39.5  5.25
0.0644271930911969  -40  15
0.0766990393942821  -39.5  13
0.0797670009700533  -40  13
0.0766990393942821  -40  14.1875
0.0766990393942821  -40  13
0.0736310778185108  -40  17.4375
0.0674951546669682  -40  18.25
0.0859029241215959  -40  9.75
0.0644271930911969  -40  18.25
0.104310693576224  -39.5  0
3.23056353928716  -40  4.4375
0.0797670009700533  -40  14.1875
0.122718463030851  -39.5  -17.0625
0.0644271930911969  -40  16.25
0.0797670009700533  -40  10.9375
0.0674951546669682  -40  16.25
0.0797670009700533  -39.5  11.75
0.116582539879309  -39.5  -17.0625
0.0674951546669682  -40  18.25
0.104310693576224  -40  -13
0.0766990393942821  -40  13
0.110446616727766  -39.5  -8.9375
3.24897130874179  -40  -3.25
0.0766990393942821  -39.5  13
3.23056353928716  -40  3.25
0.128854386182394  -40  -26
3.25510723189333  -40  -1.1875
0.098174770424681  -39.5  -8.9375
0.098174770424681  -40  0
0.0828349625458246  -40  13
0.098174770424681  -40  -1.1875
0.0552233083638831  -40  16.25
0.0460194236365692  -40  18.25
0.0674951546669682  -40  13
0.0582912699396544  -40  15
