0.282252464970958  -38.5  8.5
3.46986454219732  -38.5  -3.25
0.355883542789469  -38  -13
3.44838881116692  -38.5  10.9375
0.3098641191529  -38.5  17.4375
0.355883542789469  -38  -8.9375
0.306796157577128  -38.5  13
0.297592272849814  -38.5  18.25
0.331339850183298  -38  8.9375
0.306796157577128  -38.5  16.25
0.319068003880213  -38.5  14.1875
3.49747619637926  -38.5  0
0.349747619637926  -38  0
0.349747619637926  -38  8.9375
3.50054415795503  -38.5  1.1875
0.380427235395639  -38  -17.0625
3.48827231165195  -38.5  0
0.355883542789469  -38  0
0.33440781175907  -38.5  11.75
0.343611696486384  -38  8.9375
0.352815581213697  -38.5  -2
0.368155389092554  -38  -13
0.331339850183298  -38.5  11.75
0.374291312244096  -38  -17.0625
3.5036121195308  -38.5  -6.5
0.349747619637926  -38  13
0.349747619637926  -38  8.9375
0.362019465941011  -38  0
0.355883542789469  -38  -17.0625
0.343611696486384  -38  0
0.312932080728671  -38.5  13
3.48827231165195  -38.5  -1.1875
0.355883542789469  -38  -13
0.3098641191529  -38.5  15
3.47293250377309  -38.5  2
0.337475773334841  -38  0
0.319068003880213  -38.5  13
3.49440823480349  -38.5  -2
0.3098641191529  -38.5  17.4375
0.355883542789469  -38  -8.9375
3.49747619637926  -38.5  -5.25
0.312932080728671  -38.5  16.25
0.331339850183298  -38  8.9375
0.355883542789469  -38  0
0.33440781175907  -38.5  0
0.337475773334841  -38.5  1.1875
0.349747619637926  -38  -4.0625
0.306796157577128  -38.5  13
3.47293250377309  -38.5  2
0.349747619637926  -37.5  -8.9375
3.47293250377309  -38.5  -1.1875
0.312932080728671  -38.5  11.75
0.355883542789469  -38  -8.9375
0.362019465941011  -38  -13
0.337475773334841  -38  0
0.343611696486384  -38  -8.9375
0.349747619637926  -38  -4.0625
0.349747619637926  -38.5  -4.4375
0.306796157577128  -38.5  15
0.3098641191529  -38.5  14.1875
0.337475773334841  -38  4.0625
3.48520435007618  -38.5  0
0.346679658062155  -38.5  -2
0.331339850183298  -38  4.0625
0.331339850183298  -38.5  2
0.322135965455985  -38.5  9.75
0.349747619637926  -38  -4.0625
0.343611696486384  -38  0
0.319068003880213  -38.5  11.75
0.349747619637926  -38  -8.9375
0.337475773334841  -38  8.9375
3.45759269589424  -38.5  9.75
0.355883542789469  -38  -17.0625
0.319068003880213  -38.5  14.1875
0.316000042304442  -38.5  11.75
0.349747619637926  -38  -8.9375
0.343611696486384  -38  -8.9375
0.319068003880213  -38.5  9.75
0.325203927031756  -38  13
0.3098641191529  -38.5  13
0.3098641191529  -38.5  11.75
0.337475773334841  -38  4.0625
0.349747619637926  -38  -4.0625
0.349747619637926  -38  -8.9375
0.33440781175907  -38.5  1.1875
0.349747619637926  -38  -8.9375
0.303728196001357  -38.5  16.25
3.49134027322772  -38.5  -2
0.349747619637926  -38  -8.9375
0.349747619637926  -38  -8.9375
0.331339850183298  -38  8.9375
0.328271888607527  -38.5  4.4375
0.343611696486384  -38  -4.0625
0.316000042304442  -38.5  13
0.303728196001357  -38.5  15
0.343611696486384  -38  -4.0625
0.303728196001357  -38.5  14.1875
0.331339850183298  -38  13
0.312932080728671  -38.5  10.9375
0.316000042304442  -38.5  7.6875
0.349747619637926  -38  -13
0.325203927031756  -38.5  2
3.47600046534886  -38.5  1.1875
0.33440781175907  -38.5  1.1875
0.337475773334841  -38  4.0625
0.312932080728671  -38.5  10.9375
0.362019465941011  -38  -21.9375
0.343611696486384  -38  -4.0625
3.48827231165195  -38.5  -5.25
0.337475773334841  -38  0
0.303728196001357  -38.5  17.4375
3.48827231165195  -38.5  -5.25
0.343611696486384  -38  -8.9375
3.46986454219732  -38.5  0
0.331339850183298  -38  -4.0625
0.331339850183298  -38  0
0.312932080728671  -38.5  14.1875
0.300660234425586  -38.5  14.1875
0.3098641191529  -38.5  8.5
3.45759269589424  -38.5  9.75
0.316000042304442  -38.5  11.75
0.349747619637926  -38  -4.0625
3.47906842692463  -38.5  -2
0.331339850183298  -38.5  0
3.49134027322772  -38.5  -5.25
0.355883542789469  -38  -4.0625
3.48213638850041  -38.5  -2
3.48520435007618  -38.5  -3.25
0.343611696486384  -38  -13
3.48827231165195  -38.5  -3.25
0.316000042304442  -38.5  9.75
3.48213638850041  -38.5  -3.25
