3.79506846922908  -41  1.1875
0.656543777215054  -41.5  0
0.665747661942368  -41  11.75
0.674951546669682  -41  4.4375
0.665747661942368  -41  6.5
0.656543777215054  -41  10.9375
0.671883585093911  -41  9.75
3.82574808498679  -41  2
0.656543777215054  -41  9.75
0.656543777215054  -41.5  17.0625
0.671883585093911  -41  7.6875
3.83188400813833  -41  0
0.662679700366597  -41  13
0.662679700366597  -41  11.75
3.81961216183525  -41  -2
0.659611738790826  -41  8.5
0.659611738790826  -41  10.9375
3.80734031553216  -41  -1.1875
0.653475815639283  -41  8.5
0.656543777215054  -41  0
0.650407854063512  -41  8.5
0.625864161457342  -41  8.9375
0.635068046184655  -41  11.75
0.644271930911969  -41  -4.0625
0.628932123033113  -41  11.75
0.641203969336198  -41  6.5
0.647339892487741  -41  -2
3.79813643080485  -41  -3.25
0.628932123033113  -41  13
0.650407854063512  -41  -1.1875
0.635068046184655  -41  9.75
0.635068046184655  -41  9.75
3.7920005076533  -41  -1.1875
3.78586458450176  -41  0
0.635068046184655  -41  8.5
0.635068046184655  -41  7.6875
3.78279662292599  -41  -1.1875
0.625864161457342  -41  0
0.632000084608884  -41  6.5
3.78279662292599  -41  -1.1875
3.78279662292599  -41  1.1875
0.632000084608884  -41  9.75
0.628932123033113  -41  6.5
0.638136007760427  -41  5.25
3.78586458450176  -41  -1.1875
0.635068046184655  -41  7.6875
0.632000084608884  -41  8.5
0.625864161457342  -41  0
0.635068046184655  -41  8.5
0.607456392002714  -41  13
3.77972866135022  -41  1.1875
3.77972866135022  -41  1.1875
3.77972866135022  -41  1.1875
0.638136007760427  -41  1.1875
0.632000084608884  -41  -8.9375
0.628932123033113  -41  8.5
0.635068046184655  -41  1.1875
0.644271930911969  -41  -13
3.78586458450176  -41  -1.1875
3.78586458450176  -41  -1.1875
0.62279619988157  -41  14.1875
3.78279662292599  -41  -1.1875
0.625864161457342  -41  8.5
0.647339892487741  -41  -2
0.625864161457342  -41  7.6875
0.632000084608884  -41  9.75
0.632000084608884  -41  7.6875
0.625864161457342  -41  13
0.632000084608884  -41  9.75
3.78279662292599  -41  -2
3.77972866135022  -41  0
0.628932123033113  -41  9.75
3.78893254607753  -41  -2
3.78586458450176  -41  -2
3.77666069977445  -41  2
0.625864161457342  -41  4.0625
0.628932123033113  -41  8.5
3.78893254607753  -41  -2
3.77972866135022  -41  1.1875
0.619728238305799  -41  8.9375
3.77052477662291  -41  3.25
0.625864161457342  -41  4.0625
0.619728238305799  -41  4.0625
0.632000084608884  -41  8.5
0.632000084608884  -41  7.6875
0.632000084608884  -41  -4.0625
0.638136007760427  -41  -8.9375
3.80120439238062  -41  -3.25
3.78586458450176  -41  -1.1875
3.78893254607753  -41  2
3.76438885347136  -41  6.5
0.635068046184655  -41  7.6875
3.77972866135022  -41  0
0.628932123033113  -41  8.5
0.638136007760427  -41  2
3.7920005076533  -41  -2
0.628932123033113  -41  8.5
0.628932123033113  -41  11.75
3.77972866135022  -41  1.1875
0.632000084608884  -41  7.6875
3.78279662292599  -41  1.1875
3.78893254607753  -41  -2
3.78893254607753  -41  -2
0.619728238305799  -41  13
0.62279619988157  -41  9.75
0.619728238305799  -41  13
3.78893254607753  -41  -2
0.628932123033113  -41  9.75
3.7920005076533  -41  -3.25
0.632000084608884  -41  7.6875
3.78279662292599  -41  -2
3.78586458450176  -41  0
0.625864161457342  -41  4.0625
0.628932123033113  -41  9.75
3.78279662292599  -41  -5.25
0.625864161457342  -41  11.75
3.77666069977445  -41  1.1875
3.78893254607753  -41  0
0.632000084608884  -41  2
0.632000084608884  -41  -4.0625
3.77972866135022  -41  1.1875
0.628932123033113  -41  8.5
0.635068046184655  -41  3.25
0.632000084608884  -41  10.9375
0.625864161457342  -41  8.5
0.625864161457342  -41  7.6875
0.628932123033113  -41  6.5
3.78279662292599  -41  1.1875
0.625864161457342  -41  8.9375
0.628932123033113  -41  6.5
0.619728238305799  -41  13
3.77666069977445  -41  1.1875
