4.94862202171908  -41.5  14.1875
4.9885055222041  -41  0
4.96089386802216  -41.5  13
4.99464144535565  -41  4.0625
4.99464144535565  -41  4.0625
1.84384490703854  -41.5  -3.25
1.83157306073546  -41.5  1.1875
4.96702979117371  -41.5  14.1875
4.9885055222041  -41  4.0625
1.82543713758391  -41.5  7.6875
4.9885055222041  -41  4.0625
1.80396140655351  -41.5  17.4375
4.98236959905256  -41.5  21.9375
4.97009775274948  -41.5  6.5
4.99464144535565  -41  4.0625
4.96089386802216  -41.5  15
4.99464144535565  -41  4.0625
1.82850509915968  -41.5  5.25
1.81316529128083  -41.5  3.25
4.97009775274948  -41  8.9375
1.78862159867466  -41.5  13
4.97623367590102  -41  -8.9375
4.98236959905256  -41  0
4.97009775274948  -41  4.0625
1.80396140655351  -41.5  5.25
4.96396182959793  -41  8.9375
1.82850509915968  -41.5  -3.25
4.98236959905256  -41.5  -13
4.97009775274948  -41  4.0625
1.82850509915968  -41.5  -4.4375
4.96396182959793  -41.5  8.9375
1.82543713758391  -41.5  -3.25
4.97623367590102  -41  4.0625
4.97009775274948  -41.5  0
4.97623367590102  -41  8.9375
4.97009775274948  -41  0
4.96396182959793  -41.5  8.9375
4.97623367590102  -41.5  -4.0625
4.93635017541599  -41.5  14.1875
4.97623367590102  -41  -4.0625
1.79168956025043  -41.5  11.75
4.96396182959793  -41.5  4.0625
1.81316529128083  -41.5  3.25
4.96396182959793  -41.5  4.0625
1.81009732970506  -41.5  3.25
4.97009775274948  -41  4.0625
4.98236959905256  -41.5  -4.0625
1.79782548340197  -41.5  9.75
4.96396182959793  -41.5  4.0625
1.80089344497774  -41.5  5.25
4.93941813699176  -41.5  14.1875
4.96396182959793  -41  8.9375
4.95782590644639  -41  4.0625
1.78862159867466  -41.5  13
4.93941813699176  -41.5  20.75
4.96396182959793  -41.5  8.9375
1.79782548340197  -41.5  11.75
4.97009775274948  -41  -4.0625
4.93635017541599  -41.5  14.1875
4.95168998329485  -41.5  17.0625
1.82236917600814  -41.5  -2
4.96396182959793  -41  0
4.97009775274948  -41  4.0625
4.96396182959793  -41  4.0625
1.80702936812929  -41.5  3.25
4.97623367590102  -41.5  -4.0625
1.80396140655351  -41.5  5.25
4.97009775274948  -41  4.0625
4.96396182959793  -41  13
4.93021425226445  -41.5  16.25
4.97009775274948  -41  8.9375
4.95782590644639  -41  8.9375
4.97009775274948  -41  4.0625
1.79782548340197  -41.5  9.75
1.82543713758391  -41.5  -2
4.97623367590102  -41  0
1.82236917600814  -41.5  -5.25
4.98236959905256  -41  -4.0625
4.96396182959793  -41.5  4.0625
4.96396182959793  -41  4.0625
4.95782590644639  -41  8.9375
4.98236959905256  -41  0
4.98236959905256  -41.5  -4.0625
4.97623367590102  -41.5  -4.0625
4.98236959905256  -41  -4.0625
4.96396182959793  -41  8.9375
4.96396182959793  -41  13
4.93328221384022  -41.5  16.25
4.98236959905256  -41.5  -8.9375
4.96396182959793  -41  4.0625
4.96396182959793  -41  4.0625
4.95782590644639  -41.5  8.9375
4.98236959905256  -41.5  -4.0625
1.80089344497774  -41.5  3.25
1.82543713758391  -41.5  -5.25
4.95782590644639  -41.5  13
4.96396182959793  -41  8.9375
4.94248609856754  -41.5  13
1.78862159867466  -41.5  16.25
4.95168998329485  -41  8.9375
4.95782590644639  -41.5  13
4.98236959905256  -41  -4.0625
4.95168998329485  -41  17.0625
4.95782590644639  -41  8.9375
4.98236959905256  -41.5  -13
4.97009775274948  -41  8.9375
1.82543713758391  -41.5  -2
1.82850509915968  -41.5  -5.25
4.97623367590102  -41  -4.0625
4.92714629068868  -41.5  15
4.97623367590102  -41.5  0
4.98236959905256  -41.5  -13
4.93635017541599  -41.5  15
4.96396182959793  -41  8.9375
4.97623367590102  -41  0
4.93941813699176  -41.5  14.1875
4.95782590644639  -41  8.9375
4.93635017541599  -41.5  15
4.95782590644639  -41.5  8.9375
4.96396182959793  -41  8.9375
1.82236917600814  -41.5  -1.1875
4.99464144535565  -41  -21.9375
4.92407832911291  -41.5  17.4375
4.98236959905256  -41  -8.9375
1.83157306073546  -41.5  -8.5
1.8162332528566  -41.5  0
1.79168956025043  -41.5  6.5
4.96396182959793  -41  8.9375
1.82236917600814  -41.5  -4.4375
1.81316529128083  -41.5  2
4.97009775274948  -41  0
4.93941813699176  -41.5  14.1875
