5.97638914960246  -43.5  16.25
2.85627222704306  -43.5  1.1875
5.97638914960246  -43.5  14.1875
6.00093284220863  -43.5  -17.0625
5.99479691905709  -43  0
5.97025322645092  -43.5  20.75
6.0254765348148  -43  -34.9375
2.86547611177038  -43.5  -3.25
5.98866099590554  -43.5  11.75
5.982525072754  -43.5  15
5.97945711117823  -43.5  14.1875
2.85934018861884  -43.5  0
5.97638914960246  -43.5  17.4375
5.97332118802669  -43.5  13
6.00706876536017  -43  -13
2.86547611177038  -43.5  -3.25
5.97332118802669  -43.5  16.25
5.96718526487514  -43.5  22.75
6.0254765348148  -43.5  -17.0625
5.99786488063286  -43.5  11.75
6.01320468851171  -43.5  -13
5.99479691905709  -43.5  16.25
6.01934061166326  -43  -13
5.99172895748131  -43.5  14.1875
5.98559303432977  -43.5  20.75
6.00093284220863  -43.5  8.5
6.01627265008749  -43.5  9.75
6.0040008037844  -43.5  13
5.99479691905709  -43.5  15
6.00093284220863  -43.5  14.1875
6.03161245796634  -43  -21.9375
5.97332118802669  -43.5  13
5.97332118802669  -43.5  13
5.982525072754  -43.5  10.9375
5.97638914960246  -43.5  15
6.00093284220863  -43.5  4.0625
5.98559303432977  -43.5  8.5
5.97945711117823  -43.5  16.25
5.982525072754  -43.5  11.75
5.99479691905709  -43.5  -13
6.0254765348148  -43.5  -30.0625
2.85934018861884  -43.5  -2
5.97332118802669  -43.5  13
2.85320426546729  -43.5  -4.4375
5.9610493417236  -43.5  11.75
5.97025322645092  -43.5  8.5
2.83786445758844  -43.5  -2
5.95798138014783  -43  -13
5.92730176439012  -43.5  17.4375
2.81638872655804  -43.5  -2
2.81332076498227  -43.5  1.1875
5.92423380281435  -43.5  13
5.92116584123858  -43.5  16.25
5.93343768754166  -43.5  15
5.9180978796628  -43.5  15
5.9180978796628  -43.5  20.75
5.92423380281435  -43.5  14.1875
2.80411688025495  -43.5  1.1875
5.9180978796628  -43.5  15
5.93650564911743  -43.5  6.5
5.92116584123858  -43.5  18.25
5.93343768754166  -43.5  17.4375
5.92423380281435  -43.5  20.75
5.93650564911743  -43.5  14.1875
2.81332076498227  -43.5  4.4375
5.93650564911743  -43.5  15
5.94570953384475  -43  0
2.82252464970958  -43.5  -2
5.92423380281435  -43.5  19.5
5.97025322645092  -43  -26
5.97025322645092  -43.5  -6.5
5.92730176439012  -43.5  17.4375
5.9395736106932  -43.5  14.1875
2.83172853443689  -43.5  -6.5
5.97638914960246  -43  -13
5.93650564911743  -43.5  19.5
5.92423380281435  -43.5  19.5
5.99479691905709  -43  -43.125
5.94570953384475  -43.5  11.75
5.982525072754  -43  -13
5.9395736106932  -43.5  15
5.93343768754166  -43.5  14.1875
5.95184545699629  -43.5  -13
5.93650564911743  -43.5  17.4375
5.9395736106932  -43.5  13
5.9395736106932  -43.5  14.1875
5.94877749542052  -43.5  13
2.83479649601267  -43.5  -7.6875
5.96411730329937  -43  -13
5.92730176439012  -43.5  19.5
5.92423380281435  -43.5  21.5625
5.9395736106932  -43.5  11.75
5.93650564911743  -43.5  15
5.94570953384475  -43.5  -13
5.93650564911743  -43.5  14.1875
5.92423380281435  -43.5  16.25
5.92423380281435  -43.5  17.4375
2.81638872655804  -43.5  -3.25
5.93650564911743  -43.5  13
5.92730176439012  -43.5  14.1875
2.80718484183072  -43.5  0
2.81332076498227  -43.5  -4.4375
5.9180978796628  -43.5  16.25
5.92730176439012  -43.5  14.1875
5.93036972596589  -43.5  15
5.96411730329937  -43  -30.0625
5.93343768754166  -43.5  11.75
5.93343768754166  -43.5  17.4375
5.93650564911743  -43.5  16.25
5.92730176439012  -43.5  17.4375
5.93036972596589  -43.5  14.1875
6.00093284220863  -43  -48
2.82252464970958  -43.5  -2
5.98866099590554  -43  -21.9375
5.93036972596589  -43.5  16.25
5.982525072754  -43  -26
2.81638872655804  -43.5  3.25
5.94264157226897  -43.5  14.1875
5.9395736106932  -43.5  13
5.94877749542052  -43.5  9.75
5.9395736106932  -43.5  16.25
5.93343768754166  -43.5  11.75
5.93343768754166  -43.5  14.1875
2.81638872655804  -43.5  -1.1875
5.93343768754166  -43.5  17.4375
5.93650564911743  -43.5  11.75
5.93343768754166  -43.5  17.4375
5.92116584123858  -43.5  21.5625
5.93036972596589  -43.5  16.25
5.95798138014783  -43  -8.9375
5.92730176439012  -43.5  17.4375
5.93343768754166  -43.5  16.25
