1.91440802328128  -43  4.0625
5.04986475371953  -43  8.5
5.04679679214376  -43  15
1.92054394643282  -42.5  0
1.92667986958437  -42.5  0
1.92361190800859  -43  2
5.05600067687107  -43  8.5
1.92054394643282  -42.5  0
5.08054436947724  -43  0
5.04372883056799  -43  11.75
5.04679679214376  -43  8.5
5.05600067687107  -43  9.75
5.03759290741645  -43  10.9375
1.92054394643282  -42.5  -4.0625
1.92054394643282  -43  0
5.03452494584067  -43  8.5
5.02532106111336  -43  11.75
5.02838902268913  -43  8.5
1.87759248437202  -42.5  -4.0625
5.01918513796182  -43  9.75
1.89293229225088  -43  11.75
5.03452494584067  -43  9.75
5.06213660002262  -43  -5.25
1.89600025382665  -43  0
1.8806604459478  -43  10.9375
5.02838902268913  -43  9.75
1.91440802328128  -43  -8.9375
5.04372883056799  -43  7.6875
5.0529327152953  -43  1.1875
5.0314569842649  -43  11.75
1.92054394643282  -43  -8.9375
5.04066086899222  -43  4.4375
5.04066086899222  -43  5.25
1.87452452279625  -43  18.25
5.01918513796182  -43  9.75
5.02838902268913  -43  2
1.87452452279625  -43  15
5.04066086899222  -43  1.1875
1.88986433067511  -42.5  4.0625
5.02838902268913  -43  3.25
1.88986433067511  -43  -4.0625
1.87759248437202  -43  -4.0625
5.02225309953759  -43  13
5.01304921481027  -43  7.6875
1.87145656122048  -42.5  -8.9375
4.99464144535565  -43  14.1875
1.87759248437202  -43  -8.9375
5.00384533008296  -43  15
5.00691329165873  -43  8.5
1.88986433067511  -43  -8.9375
4.99157348377988  -43  18.25
5.01304921481027  -43  10.9375
5.0314569842649  -43  3.25
1.87759248437202  -43  8.9375
1.90827210012974  -43  -8.9375
5.01611717638605  -43  6.5
5.04066086899222  -43  -7.6875
1.87759248437202  -43  0
5.02838902268913  -43  4.4375
1.87759248437202  -43  4.0625
5.02225309953759  -43  2
5.01304921481027  -43  13
1.87145656122048  -42.5  0
5.01304921481027  -43  9.75
5.00691329165873  -43  6.5
1.88372840752357  -43  0
5.03452494584067  -43  -2
1.87145656122048  -43  0
5.00384533008296  -43  8.5
5.0314569842649  -43  2
5.02225309953759  -43  11.75
5.0314569842649  -43  5.25
1.9021361769782  -43  -8.9375
5.02225309953759  -43  11.75
5.0099812532345  -43  14.1875
1.84691286861431  -43  13
1.86532063806894  -42.5  -4.0625
1.84384490703854  -43  16.25
5.01611717638605  -43  7.6875
5.02532106111336  -43  7.6875
1.90827210012974  -43  -8.9375
1.88372840752357  -43  14.1875
5.0529327152953  -43  1.1875
1.91440802328128  -43  4.0625
5.04986475371953  -43  7.6875
5.05600067687107  -43  4.4375
1.91440802328128  -43  -4.0625
5.06213660002262  -43  5.25
1.92054394643282  -43  8.9375
5.06827252317416  -43  8.5
1.93281579273591  -43  -8.9375
5.06520456159839  -43  5.25
1.93281579273591  -43  0
5.06520456159839  -43  6.5
5.08974825420456  -43  -5.25
1.93895171588745  -43  0
5.06213660002262  -43  8.5
1.92667986958437  -43  0
5.06520456159839  -43  6.5
1.94508763903899  -43  -4.0625
5.07134048474993  -43  7.6875
5.07747640790147  -43  6.5
1.95122356219054  -43  -4.0625
5.05906863844684  -43.5  14.1875
1.94508763903899  -43  0
5.07747640790147  -43  6.5
1.93895171588745  -43  -8.9375
1.92974783116014  -43  10.9375
1.94508763903899  -43  -8.9375
1.92361190800859  -43  8.5
5.05906863844684  -43  8.5
1.93281579273591  -43  -4.0625
1.92667986958437  -42.5  -8.9375
5.04986475371953  -43  16.25
5.04986475371953  -43  6.5
1.91440802328128  -42.5  0
5.04679679214376  -43  8.5
5.04372883056799  -43  9.75
1.92667986958437  -42.5  -8.9375
5.04066086899222  -43  11.75
5.06520456159839  -43  -1.1875
1.9021361769782  -43  13
5.0314569842649  -43  16.25
1.91440802328128  -43  4.0625
1.88372840752357  -43  15
5.04372883056799  -43  8.5
1.91440802328128  -43  0
5.04679679214376  -43  8.5
1.92667986958437  -43  -8.9375
5.0744084463257  -43  -2
1.95122356219054  -43  -4.0625
5.07747640790147  -43  2
