1.7732817907958  -50  0
4.85965113602171  -50  17.4375
4.86271909759748  -50  14.1875
4.87499094390057  -50  11.75
4.87805890547634  -50  9.75
4.86885502074902  -50  11.75
4.86578705917325  -50  10.9375
4.87805890547634  -50  10.9375
4.8719229823248  -50  13
4.88112686705211  -50  8.5
4.87805890547634  -50  9.75
4.8719229823248  -50  16.25
4.86578705917325  -50  18.25
4.8933987133552  -50  8.5
4.89033075177942  -50  8.5
4.87805890547634  -50  18.25
4.88419482862788  -50  15
4.88726279020365  -50  14.1875
4.89953463650674  -50  9.75
4.89953463650674  -50  10.9375
4.90260259808251  -50  9.75
4.91794240596137  -50  7.6875
4.91794240596137  -50  6.5
1.79782548340197  -49.5  4.0625
1.85304879176585  -49.5  -34.9375
4.92407832911291  -50  5.25
4.90567055965828  -50  18.25
4.90873852123405  -50  14.1875
4.91794240596137  -50  8.5
4.93021425226445  -50  5.25
4.91180648280982  -50  16.25
4.92101036753714  -50  7.6875
4.93328221384022  -50  6.5
4.90873852123405  -50  18.25
4.92407832911291  -50  9.75
4.93635017541599  -50  10.9375
4.92714629068868  -50  9.75
1.87145656122048  -50  -39
4.92101036753714  -50  17.4375
4.93635017541599  -50  5.25
4.93941813699176  -50  6.5
4.92101036753714  -50  17.4375
1.8162332528566  -50  13
1.8162332528566  -49.5  0
4.92714629068868  -50  11.75
1.8162332528566  -50  17.0625
4.93021425226445  -50  5.25
4.93021425226445  -50  13
1.84077694546277  -49.5  -8.9375
4.93328221384022  -50  9.75
4.93635017541599  -50  5.25
4.92101036753714  -50  16.25
4.92101036753714  -50  13
4.92407832911291  -50  15
4.90873852123405  -50  16.25
4.91794240596137  -50  7.6875
4.92714629068868  -50  7.6875
4.92714629068868  -50  8.5
4.93021425226445  -50  13
4.92714629068868  -50  10.9375
4.92714629068868  -50  5.25
4.93635017541599  -50  5.25
4.93328221384022  -50  8.5
1.77634975237157  -50  14.1875
4.92714629068868  -50  10.9375
1.83464102231123  -50  -4.0625
4.92714629068868  -50  9.75
1.83464102231123  -50  -8.9375
1.7732817907958  -50  19.5
4.91794240596137  -50  11.75
1.83464102231123  -50  -4.0625
4.90873852123405  -50  18.25
4.91794240596137  -50  15
4.91180648280982  -50  16.25
4.91794240596137  -50  9.75
4.92407832911291  -50  14.1875
4.92407832911291  -50  8.5
4.93941813699176  -50  3.25
4.93328221384022  -50  7.6875
4.91180648280982  -50  14.1875
4.91794240596137  -50  15
4.91794240596137  -50  14.1875
4.93021425226445  -50  9.75
4.91487444438559  -50  13
4.91794240596137  -50  11.75
4.92407832911291  -50  5.25
4.93021425226445  -50  8.5
4.92714629068868  -50  7.6875
4.92407832911291  -50  6.5
4.92101036753714  -50  9.75
4.91487444438559  -50  9.75
4.92407832911291  -50  10.9375
4.91794240596137  -50  14.1875
4.92101036753714  -50  13
4.91794240596137  -50  14.1875
1.77941771394734  -50  10.9375
1.87759248437202  -50  -21.9375
4.91794240596137  -50  16.25
4.91487444438559  -50  13
4.90873852123405  -50  13
4.90260259808251  -50  17.4375
4.93021425226445  -50  5.25
4.92407832911291  -50  10.9375
4.91487444438559  -50  8.5
4.91487444438559  -50  13
4.90873852123405  -50  10.9375
4.90567055965828  -50  11.75
1.83464102231123  -50  -17.0625
4.91794240596137  -50  6.5
4.90567055965828  -50  14.1875
4.92407832911291  -50  6.5
4.90873852123405  -50  17.4375
4.90567055965828  -50  13
4.90567055965828  -50  16.25
1.83464102231123  -50  -21.9375
1.83464102231123  -50  -13
1.76100994449272  -50  16.25
4.93328221384022  -50  7.6875
4.92101036753714  -50  11.75
4.92101036753714  -50  8.5
4.93328221384022  -50  9.75
4.91794240596137  -50  13
1.83464102231123  -50  -17.0625
4.91180648280982  -50  16.25
4.92407832911291  -50  6.5
4.91487444438559  -50  10.9375
4.91180648280982  -50  16.25
4.91180648280982  -50  8.5
4.89953463650674  -50  19.5
4.90873852123405  -50  14.1875
4.89953463650674  -50  22.75
4.89953463650674  -50  18.25
