1.64442740461341  -41  17.4375
1.69351478982575  -41  -17.0625
4.79522394293051  -41  17.4375
4.82283559711246  -41  8.5
4.83203948183977  -41  8.5
1.66897109721958  -41  17.4375
4.84431132814285  -41  2
4.82283559711246  -41  5.25
4.8504472512944  -41  0
1.71192255928038  -41  -17.0625
4.81669967396091  -41  7.6875
4.83203948183977  -41  5.25
4.85351521287017  -41  0
4.828971520264  -41  5.25
4.84431132814285  -41  3.25
4.828971520264  -41  7.6875
1.66897109721958  -41  -17.0625
4.80442782765783  -41  6.5
4.81056375080937  -41  8.5
1.66283517406803  -41  4.4375
4.81363171238514  -41  7.6875
4.81056375080937  -41  6.5
4.81056375080937  -41  5.25
4.8074957892336  -41  7.6875
4.80135986608206  -41  3.25
4.81669967396091  -41  5.25
4.80442782765783  -41  4.4375
1.65363128934072  -41  14.1875
4.8074957892336  -41  6.5
4.82283559711246  -41  0
4.81056375080937  -41  5.25
4.81363171238514  -41  6.5
4.81669967396091  -41  4.4375
4.81976763553668  -41  3.25
4.78295209662743  -41  14.1875
4.80442782765783  -41  9.75
4.81056375080937  -41  6.5
4.83203948183977  -41  0
1.69965071297729  -41  -26
4.82590355868823  -41  3.25
4.81363171238514  -41  8.5
4.80442782765783  -41  4.4375
1.68124294352266  -41  -4.0625
4.80442782765783  -41  6.5
1.68737886667421  -41  -13
4.82590355868823  -41  4.4375
4.81056375080937  -41  5.25
4.81056375080937  -41  7.6875
4.8074957892336  -41  8.5
4.81056375080937  -41  8.5
1.68124294352266  -41  -26
4.81363171238514  -41  2
4.82283559711246  -41  3.25
1.66897109721958  -41  9.75
4.81669967396091  -41  5.25
4.8074957892336  -41  8.5
1.66897109721958  -41  3.25
4.8074957892336  -41  6.5
4.81363171238514  -41  6.5
4.82283559711246  -41  3.25
4.81363171238514  -41  5.25
1.63215555831032  -41  20.75
4.82590355868823  -41  2
4.81669967396091  -41  7.6875
4.828971520264  -41  1.1875
1.66897109721958  -41.5  -8.9375
1.67817498194689  -41  -1.1875
1.67510702037112  -41  -13
4.828971520264  -41  -1.1875
4.81976763553668  -41  8.5
1.66283517406803  -41  0
4.80135986608206  -41  9.75
1.65056332776495  -41  16.25
4.83203948183977  -41  0
1.68737886667421  -41  -13
1.69351478982575  -41  -21.9375
1.65363128934072  -41  9.75
4.81056375080937  -41  1.1875
4.81669967396091  -41  4.4375
4.82283559711246  -41  3.25
4.81976763553668  -41  3.25
4.82283559711246  -41  7.6875
4.82590355868823  -41  6.5
4.82283559711246  -41  5.25
4.81363171238514  -41  3.25
4.81363171238514  -41  8.5
4.82590355868823  -41  4.4375
4.79829190450629  -41  7.6875
4.81976763553668  -41  3.25
1.65669925091649  -41  13
4.8074957892336  -41  7.6875
4.81669967396091  -41  6.5
4.79829190450629  -41  5.25
1.69351478982575  -41  -21.9375
4.8074957892336  -41  8.5
4.81669967396091  -41  3.25
4.8074957892336  -41  1.1875
4.82590355868823  -41  1.1875
4.79829190450629  -41  11.75
4.78295209662743  -41  17.4375
1.65976721249226  -41  11.75
1.69351478982575  -41  -30.0625
1.65976721249226  -41  11.75
1.65976721249226  -41  13
1.69351478982575  -41  -13
4.828971520264  -41  2
4.83510744341554  -41  2
4.81056375080937  -41  5.25
1.68124294352266  -41  -8.9375
4.83510744341554  -41  1.1875
4.82590355868823  -41  4.4375
4.828971520264  -41  3.25
1.68737886667421  -41  -17.0625
4.8074957892336  -41  7.6875
1.67510702037112  -41  -4.0625
1.69351478982575  -41  -17.0625
4.81669967396091  -41  7.6875
4.81669967396091  -41  8.5
4.81669967396091  -41  3.25
4.81056375080937  -41  8.5
1.69351478982575  -41  -13
4.828971520264  -41  2
1.69351478982575  -41  -4.4375
4.828971520264  -41  2
1.65669925091649  -41  13
4.81976763553668  -41  4.4375
4.81669967396091  -41  5.25
1.65056332776495  -41  14.1875
4.79829190450629  -41  9.75
4.828971520264  -41  0
1.68124294352266  -41  -21.9375
4.79829190450629  -41  6.5
