5.96718526487514  -42  -2
5.98559303432977  -42  1.1875
2.82252464970958  -41.5  4.0625
5.97332118802669  -42  8.5
5.9610493417236  -42  6.5
2.79798095710341  -41.5  4.0625
5.97945711117823  -42  3.25
5.98559303432977  -42  -7.6875
2.81025280340649  -42  -8.9375
5.96718526487514  -42  5.25
5.95798138014783  -42  9.75
5.982525072754  -42  3.25
2.80411688025495  -41.5  4.0625
2.80411688025495  -42  8.9375
5.982525072754  -42  4.4375
5.982525072754  -42  1.1875
5.96411730329937  -42  5.25
5.97638914960246  -42  6.5
5.97332118802669  -42  5.25
5.95798138014783  -42  5.25
2.82252464970958  -41.5  -4.0625
5.9610493417236  -42  9.75
2.81025280340649  -41.5  4.0625
5.97945711117823  -42  4.4375
5.97638914960246  -42  1.1875
2.81025280340649  -41.5  8.9375
5.96411730329937  -42  6.5
2.80411688025495  -42  0
5.96718526487514  -42  7.6875
5.97025322645092  -42  8.5
5.97945711117823  -42  2
2.79798095710341  -41.5  13
5.97025322645092  -42  4.4375
5.97025322645092  -42  6.5
5.982525072754  -42  -1.1875
5.96718526487514  -42  4.4375
5.95798138014783  -42  6.5
2.81638872655804  -41.5  0
5.97025322645092  -42  6.5
5.97638914960246  -42  1.1875
5.9610493417236  -42  7.6875
5.97025322645092  -42  5.25
5.94264157226897  -42  11.75
5.97332118802669  -42  4.4375
2.81638872655804  -41.5  0
5.96411730329937  -42  7.6875
5.97025322645092  -42  1.1875
5.96718526487514  -42  4.4375
5.95491341857206  -42  5.25
5.96411730329937  -42  7.6875
5.97638914960246  -42  4.4375
5.9610493417236  -42  6.5
2.81638872655804  -41.5  -8.9375
5.97332118802669  -42  4.4375
5.96411730329937  -42  6.5
5.96411730329937  -42  7.6875
5.9610493417236  -42  7.6875
2.80411688025495  -41.5  4.0625
5.9395736106932  -42  15
2.82252464970958  -42  -4.0625
2.81025280340649  -41.5  0
5.96718526487514  -42  4.4375
5.95491341857206  -42  9.75
2.81025280340649  -41.5  0
2.7887770723761  -42  18.25
5.9610493417236  -42  8.5
5.9610493417236  -42  2
5.97638914960246  -42  2
5.95184545699629  -42  10.9375
5.97638914960246  -42  2
2.79798095710341  -41.5  4.0625
5.95798138014783  -42  7.6875
5.95184545699629  -42  8.5
2.81025280340649  -41.5  0
5.95798138014783  -42  9.75
2.81025280340649  -41.5  -4.0625
5.9610493417236  -42  8.5
2.82252464970958  -42  4.0625
5.98866099590554  -42  3.25
5.97945711117823  -42  8.5
2.81638872655804  -42  4.0625
5.96411730329937  -42  11.75
5.98559303432977  -42  4.4375
5.98866099590554  -42  1.1875
5.982525072754  -42  4.4375
5.98559303432977  -42  2
5.97638914960246  -42  6.5
2.81638872655804  -42  -4.0625
5.97332118802669  -42  3.25
5.96718526487514  -42  7.6875
5.9610493417236  -42  8.5
2.81638872655804  -41.5  -17.0625
5.96411730329937  -42  5.25
5.95491341857206  -42  7.6875
2.79184503395187  -41.5  4.0625
5.96718526487514  -42  -2
5.97638914960246  -42  1.1875
2.81025280340649  -41.5  -8.9375
5.95184545699629  -42  13
5.95798138014783  -42  3.25
2.79184503395187  -41.5  8.9375
5.97025322645092  -42  3.25
5.96718526487514  -42  5.25
5.97945711117823  -42  2
2.81638872655804  -41.5  0
5.98559303432977  -42  -5.25
5.97638914960246  -42  3.25
2.81638872655804  -41.5  4.0625
5.97332118802669  -42  4.4375
2.82252464970958  -41.5  -4.0625
5.95798138014783  -42  11.75
2.81025280340649  -41.5  4.0625
5.97332118802669  -42  5.25
5.982525072754  -42  3.25
2.81025280340649  -42  0
5.97638914960246  -42  5.25
2.81638872655804  -41.5  0
5.96718526487514  -42  7.6875
5.96718526487514  -42  8.5
5.95491341857206  -42  9.75
5.97025322645092  -42  5.25
5.982525072754  -42  5.25
5.97332118802669  -42  7.6875
2.82252464970958  -41.5  0
5.96718526487514  -42  8.5
5.97025322645092  -42  6.5
5.94877749542052  -42  17.4375
5.982525072754  -42  1.1875
5.96718526487514  -42  6.5
5.98559303432977  -42  -4.4375
5.97025322645092  -42  2
5.97945711117823  -42  3.25
