5.92423380281435  -37.5  3.25
2.80104891867918  -37.5  0
5.91502991808703  -37.5  14.1875
5.90275807178395  -37.5  16.25
5.93343768754166  -37.5  0
5.90582603335972  -37.5  14.1875
5.92730176439012  -37  -26
5.90275807178395  -37.5  17.4375
5.89969011020818  -37.5  14.1875
5.93343768754166  -37.5  -26
5.90275807178395  -37.5  17.4375
5.93343768754166  -37.5  -26
5.89969011020818  -37.5  16.25
5.90889399493549  -37.5  14.1875
2.75809745661838  -37.5  14.1875
5.93343768754166  -37.5  -26
5.90582603335972  -37.5  15
5.93343768754166  -37  -13
5.90582603335972  -37.5  16.25
5.92116584123858  -37  -8.9375
2.79491299552764  -37.5  3.25
5.93343768754166  -37  -17.0625
5.90275807178395  -37.5  11.75
5.92116584123858  -37  -17.0625
5.89969011020818  -37.5  14.1875
5.90889399493549  -37.5  15
5.90889399493549  -37.5  14.1875
5.92116584123858  -37.5  -17.0625
5.90889399493549  -37.5  10.9375
5.93343768754166  -37  -17.0625
5.90275807178395  -37.5  18.25
5.92116584123858  -37  -8.9375
5.90582603335972  -37.5  16.25
5.92730176439012  -37.5  -17.0625
5.90889399493549  -37.5  13
5.92730176439012  -37.5  -21.9375
5.90889399493549  -37.5  15
5.9395736106932  -37.5  -26
5.90275807178395  -37.5  17.4375
5.92730176439012  -37  -4.0625
5.90889399493549  -37.5  14.1875
5.92116584123858  -37.5  -17.0625
5.90275807178395  -37.5  15
5.92116584123858  -37.5  2
5.90582603335972  -37.5  16.25
5.89969011020818  -37.5  14.1875
5.92730176439012  -37  -4.0625
5.8966221486324  -37.5  16.25
5.9395736106932  -37.5  -26
5.89969011020818  -37.5  16.25
5.90275807178395  -37.5  17.4375
5.92116584123858  -37.5  -4.0625
5.90275807178395  -37.5  18.25
5.92116584123858  -37  -17.0625
5.90889399493549  -37.5  10.9375
5.89969011020818  -37.5  17.4375
5.93343768754166  -37.5  -26
5.90582603335972  -37.5  17.4375
5.8966221486324  -37.5  15
2.79798095710341  -37.5  -5.25
5.90582603335972  -37.5  15
5.90889399493549  -37.5  11.75
5.94570953384475  -37  -30.0625
5.90582603335972  -37.5  13
5.9395736106932  -37.5  -21.9375
5.92730176439012  -37.5  -13
5.90582603335972  -37.5  13
5.90275807178395  -37.5  14.1875
5.95184545699629  -37  -39
5.90582603335972  -37.5  15
5.91502991808703  -37.5  -13
5.90889399493549  -37.5  14.1875
5.91502991808703  -37.5  10.9375
5.94570953384475  -37  -30.0625
5.9180978796628  -37.5  3.25
2.79491299552764  -37.5  0
5.89969011020818  -37.5  16.25
5.90275807178395  -37.5  16.25
2.79184503395187  -37.5  1.1875
5.90889399493549  -37.5  11.75
5.90275807178395  -37.5  16.25
5.92730176439012  -37.5  -17.0625
2.79491299552764  -37.5  0
5.93343768754166  -37  -13
2.79798095710341  -37.5  -1.1875
5.93343768754166  -37  -26
5.92423380281435  -37.5  4.4375
5.90275807178395  -37.5  16.25
5.89969011020818  -37.5  17.4375
5.94570953384475  -37  -21.9375
2.80104891867918  -37.5  0
5.93343768754166  -37  -8.9375
5.90889399493549  -37.5  11.75
5.93343768754166  -37  -26
5.89969011020818  -37.5  16.25
2.79798095710341  -37.5  0
5.91502991808703  -37  -8.9375
5.9395736106932  -37.5  -30.0625
5.91196195651126  -37.5  13
5.90275807178395  -37.5  14.1875
5.92116584123858  -37  -4.0625
2.79798095710341  -37.5  -6.5
5.90275807178395  -37.5  14.1875
2.80104891867918  -37.5  -6.5
5.92730176439012  -37  -8.9375
5.90889399493549  -37.5  14.1875
5.91196195651126  -37.5  11.75
5.92730176439012  -37  -4.0625
5.90582603335972  -37.5  14.1875
5.90582603335972  -37.5  14.1875
5.90582603335972  -37.5  15
2.76423337976993  -37.5  13
5.92730176439012  -37.5  -26
2.7887770723761  -37.5  3.25
5.93343768754166  -37.5  -30.0625
5.90275807178395  -37.5  17.4375
5.91502991808703  -37.5  13
5.9395736106932  -37.5  -26
2.80411688025495  -37.5  1.1875
2.79798095710341  -37.5  2
5.92116584123858  -37.5  -13
5.8966221486324  -37.5  16.25
5.93343768754166  -37.5  -21.9375
2.79491299552764  -37.5  -2
5.9395736106932  -37.5  -26
5.90582603335972  -37.5  16.25
5.93343768754166  -37  -26
5.90582603335972  -37.5  14.1875
5.91502991808703  -37.5  11.75
5.90582603335972  -37.5  14.1875
5.93343768754166  -37.5  -26
5.91196195651126  -37.5  8.5
