1.2394564766116  -40  -21.9375
4.38411709177716  -40  4.4375
1.2394564766116  -39.5  0
1.2394564766116  -40  6.5
4.38718505335293  -40  2
1.2394564766116  -40  10.9375
1.24252443818737  -40  7.6875
4.39638893808025  -40  -1.1875
1.24559239976314  -40  6.5
4.38718505335293  -40  2
4.37184524547408  -40  -2
1.21491278400543  -40  -17.0625
1.21491278400543  -40  8.5
1.22104870715697  -39.5  -4.0625
1.22104870715697  -39.5  4.0625
4.36264136074676  -40  5.25
1.20877686085389  -39.5  4.0625
1.22718463030851  -39.5  -4.0625
1.21491278400543  -39.5  -4.0625
4.37184524547408  -40  0
1.22718463030851  -40  -26
4.36877728389831  -40  0
1.21491278400543  -39.5  8.9375
4.36570932232253  -40  2
1.21491278400543  -40  0
4.37798116862562  -40  -2
1.22104870715697  -39.5  0
1.2179807455812  -40  9.75
4.36264136074676  -40  1.1875
1.21491278400543  -40  11.75
4.35036951444368  -40  9.75
1.22104870715697  -39.5  0
4.36877728389831  -40  1.1875
1.22718463030851  -40  -8.9375
4.38104913020139  -40  -1.1875
4.37184524547408  -40  2
4.38411709177716  -40  -1.1875
4.38104913020139  -40  0
1.22104870715697  -39.5  4.0625
4.37798116862562  -40  -2
1.2394564766116  -40  6.5
4.38718505335293  -40  -1.1875
4.37491320704985  -40  4.4375
1.22104870715697  -40  -17.0625
4.37491320704985  -40  3.25
4.36570932232253  -40  2
4.36877728389831  -40  4.4375
4.38718505335293  -40  -4.4375
1.2394564766116  -39.5  -8.9375
4.36877728389831  -40  1.1875
1.22104870715697  -39.5  0
4.37491320704985  -40  3.25
1.22104870715697  -39.5  0
4.37798116862562  -40  2
1.23332055346006  -40  -8.9375
4.36570932232253  -40  3.25
4.37491320704985  -40  0
1.22411666873274  -40  9.75
4.37184524547408  -40  2
1.2394564766116  -40  -21.9375
1.22104870715697  -40  9.75
1.22104870715697  -40  10.9375
1.2179807455812  -40  6.5
1.22104870715697  -40  9.75
4.37184524547408  -40  2
1.22104870715697  -40  -4.0625
4.36877728389831  -40  6.5
4.37491320704985  -40  1.1875
1.22718463030851  -39.5  -4.0625
4.37184524547408  -40  0
1.22104870715697  -39.5  -8.9375
4.38718505335293  -40  -3.25
4.36877728389831  -40  4.4375
4.36877728389831  -40  3.25
1.22411666873274  -40  7.6875
4.37184524547408  -40  1.1875
1.22104870715697  -39.5  0
4.36570932232253  -40  1.1875
4.37184524547408  -40  1.1875
4.36264136074676  -40  2
1.23332055346006  -39.5  -8.9375
4.38104913020139  -40  -4.4375
1.2179807455812  -40  9.75
4.37184524547408  -40  1.1875
4.36877728389831  -40  4.4375
4.37184524547408  -40  1.1875
4.37798116862562  -40  0
1.22104870715697  -39.5  -4.0625
1.22104870715697  -39.5  -8.9375
4.37491320704985  -40  -2
1.20877686085389  -40  4.0625
1.22104870715697  -40  9.75
1.22104870715697  -39.5  0
1.22104870715697  -40  -13
1.22411666873274  -40  10.9375
4.37798116862562  -40  0
4.38411709177716  -40  -4.4375
4.36877728389831  -40  1.1875
4.34730155286791  -40  11.75
1.21491278400543  -39.5  -4.0625
4.36877728389831  -40  2
4.38104913020139  -40  -2
4.35650543759522  -40  5.25
1.22104870715697  -40  -8.9375
4.35343747601945  -40  8.5
1.2179807455812  -40  11.75
1.22718463030851  -39.5  -4.0625
4.36264136074676  -40  5.25
1.22104870715697  -40  0
1.22104870715697  -40  -13
1.22104870715697  -39.5  0
4.37491320704985  -40  -2
1.20264093770234  -40  4.0625
4.36877728389831  -40  1.1875
4.36570932232253  -40  2
4.35957339917099  -40  4.4375
4.36877728389831  -40  2
1.21491278400543  -40  11.75
4.36877728389831  -40  0
4.37798116862562  -40  -3.25
4.34730155286791  -40  10.9375
4.36877728389831  -40  1.1875
4.36877728389831  -40  2
4.37798116862562  -40  0
1.22104870715697  -40  0
1.20877686085389  -40  0
4.36570932232253  -40  3.25
1.20877686085389  -40  0
4.36877728389831  -40  -1.1875
1.21491278400543  -39.5  8.9375
1.22718463030851  -40  -8.9375
1.20877686085389  -40  0
