3.675417967774  -37.5  13
0.564504929941916  -37.5  -2
3.675417967774  -37.5  17.0625
0.543029198911517  -37.5  10.9375
3.69996166038017  -37.5  4.0625
3.70302962195594  -37.5  -1.1875
0.564504929941916  -37.5  -1.1875
0.564504929941916  -37.5  -2
0.561436968366145  -37.5  1.1875
0.57370881466923  -37.5  -4.4375
3.69382573722862  -37.5  17.0625
0.567572891517687  -37.5  -1.1875
0.570640853093458  -37.5  -1.1875
0.555301045214602  -37.5  2
3.675417967774  -37.5  17.0625
3.675417967774  -37.5  4.0625
0.536893275759974  -37.5  7.6875
0.555301045214602  -37.5  -2
3.66928204462245  -37.5  17.0625
0.54916512206306  -37.5  -3.25
0.54916512206306  -37.5  3.25
3.66928204462245  -37.5  17.0625
3.675417967774  -37.5  8.9375
0.555301045214602  -37.5  -1.1875
0.521553467881118  -37.5  16.25
3.68155389092554  -37.5  13
0.555301045214602  -37.5  2
3.68768981407708  -37.5  4.0625
0.552233083638831  -37.5  4.4375
3.66314612147091  -37.5  26
0.524621429456889  -37.5  11.75
0.552233083638831  -37.5  -1.1875
3.675417967774  -37  4.0625
3.65701019831937  -37.5  21.9375
3.65087427516783  -37.5  26
3.66928204462245  -37  21.9375
3.66928204462245  -37  13
0.539961237335746  -37.5  0
0.543029198911517  -37.5  -1.1875
3.65701019831937  -37.5  26
0.539961237335746  -37.5  2
3.66314612147091  -37  17.0625
0.54916512206306  -37.5  -1.1875
3.66928204462245  -37.5  21.9375
0.524621429456889  -37.5  11.75
3.66928204462245  -37.5  8.9375
0.546097160487288  -37.5  1.1875
0.54916512206306  -37.5  0
3.66928204462245  -37.5  13
0.54916512206306  -37.5  0
3.66314612147091  -37.5  17.0625
0.546097160487288  -37.5  -1.1875
0.543029198911517  -37.5  2
0.546097160487288  -37.5  -1.1875
3.66314612147091  -37.5  21.9375
3.66314612147091  -37.5  17.0625
0.555301045214602  -37.5  -2
0.518485506305347  -37.5  14.1875
0.54916512206306  -37.5  1.1875
0.543029198911517  -37.5  2
3.675417967774  -37.5  8.9375
0.54916512206306  -37.5  0
3.68155389092554  -37.5  8.9375
0.558369006790373  -37.5  -1.1875
0.536893275759974  -37.5  4.4375
0.555301045214602  -37.5  -2
3.66928204462245  -37.5  13
0.555301045214602  -37.5  -2
0.558369006790373  -37.5  -1.1875
3.66314612147091  -37.5  21.9375
3.66314612147091  -37.5  17.0625
3.66314612147091  -37.5  21.9375
0.539961237335746  -37.5  4.4375
0.546097160487288  -37.5  1.1875
3.66928204462245  -37.5  26
0.54916512206306  -37.5  -1.1875
3.675417967774  -37.5  17.0625
3.675417967774  -37.5  17.0625
3.68768981407708  -37.5  -4.0625
0.546097160487288  -37.5  0
0.552233083638831  -37.5  -2
3.66314612147091  -37.5  26
0.546097160487288  -37.5  1.1875
3.675417967774  -37.5  21.9375
0.552233083638831  -37.5  -1.1875
3.66314612147091  -37.5  26
0.54916512206306  -37.5  -1.1875
0.552233083638831  -37.5  -1.1875
3.675417967774  -37.5  17.0625
0.555301045214602  -37.5  -2
0.552233083638831  -37.5  0
3.66928204462245  -37.5  21.9375
0.54916512206306  -37.5  -1.1875
0.54916512206306  -37.5  1.1875
0.54916512206306  -37.5  1.1875
0.539961237335746  -37.5  4.4375
3.66314612147091  -37.5  21.9375
0.558369006790373  -37.5  -1.1875
0.555301045214602  -37.5  -1.1875
0.546097160487288  -37.5  2
3.66928204462245  -37.5  21.9375
0.558369006790373  -37.5  0
0.555301045214602  -37.5  1.1875
3.68155389092554  -37.5  13
3.66928204462245  -37.5  26
0.561436968366145  -37.5  -1.1875
3.66928204462245  -37.5  21.9375
0.527689391032661  -37.5  10.9375
3.66928204462245  -37.5  8.9375
0.543029198911517  -37.5  1.1875
3.65701019831937  -37.5  39
0.555301045214602  -37.5  -2
0.546097160487288  -37.5  2
0.539961237335746  -37.5  2
0.546097160487288  -37.5  1.1875
3.675417967774  -37.5  8.9375
0.521553467881118  -37.5  15
3.68155389092554  -37.5  21.9375
3.68768981407708  -37.5  13
0.555301045214602  -37.5  0
3.675417967774  -37.5  21.9375
0.561436968366145  -37.5  1.1875
3.675417967774  -37.5  17.0625
3.68155389092554  -37.5  17.0625
3.66928204462245  -37.5  34.9375
3.68768981407708  -37.5  8.9375
3.68155389092554  -37.5  13
0.558369006790373  -37.5  -2
0.555301045214602  -37.5  2
3.66928204462245  -37.5  26
0.54916512206306  -37.5  4.4375
3.675417967774  -37.5  8.5
