0.50314569842649  -42.5  17.4375
0.539961237335746  -42.5  5.25
0.539961237335746  -42.5  17.4375
0.533825314184203  -42.5  17.4375
0.536893275759974  -42.5  15
0.552233083638831  -42.5  17.0625
3.71223350668325  -43  -4.4375
0.546097160487288  -42.5  16.25
3.70916554510748  -42.5  1.1875
0.570640853093458  -42.5  0
0.54916512206306  -42.5  13
3.71223350668325  -42.5  6.5
0.570640853093458  -42.5  -4.0625
0.543029198911517  -42.5  15
0.561436968366145  -42.5  4.4375
3.71530146825902  -42.5  -3.25
0.527689391032661  -42.5  13
0.539961237335746  -42.5  2
0.518485506305347  -42.5  17.4375
0.527689391032661  -42.5  13
0.521553467881118  -42.5  15
0.527689391032661  -42.5  15
3.69075777565285  -42.5  2
0.552233083638831  -42.5  -8.9375
0.527689391032661  -42.5  13
0.543029198911517  -42.5  4.4375
0.518485506305347  -42.5  15
0.552233083638831  -42.5  -8.9375
0.527689391032661  -42.5  15
0.539961237335746  -42.5  8.9375
0.527689391032661  -42.5  13
3.69075777565285  -42.5  -2
0.552233083638831  -42.5  0
0.530757352608432  -42.5  14.1875
0.552233083638831  -42.5  0
0.521553467881118  -42.5  16.25
0.552233083638831  -42.5  0
0.521553467881118  -42.5  13
0.539961237335746  -42.5  4.0625
0.524621429456889  -42.5  10.9375
0.533825314184203  -42.5  8.9375
0.527689391032661  -42.5  11.75
0.539961237335746  -42.5  8.9375
0.527689391032661  -42.5  16.25
0.524621429456889  -42.5  15
0.558369006790373  -42.5  -4.0625
0.530757352608432  -42.5  18.25
0.546097160487288  -42.5  4.0625
0.527689391032661  -42.5  15
3.69075777565285  -42.5  -3.25
0.539961237335746  -42.5  4.4375
0.539961237335746  -42.5  8.9375
0.527689391032661  -42.5  16.25
0.533825314184203  -42.5  8.9375
0.530757352608432  -42.5  13
3.69382573722862  -42.5  -2
0.539961237335746  -42.5  4.0625
0.533825314184203  -42.5  11.75
0.546097160487288  -42.5  4.0625
3.6968936988044  -42.5  0
3.68462185250131  -42.5  1.1875
0.533825314184203  -42.5  17.0625
0.524621429456889  -42.5  14.1875
0.543029198911517  -42.5  4.4375
0.546097160487288  -42.5  0
3.6968936988044  -42.5  -1.1875
0.524621429456889  -42.5  15
0.558369006790373  -42.5  -8.9375
0.524621429456889  -42.5  20.75
0.533825314184203  -42.5  8.9375
0.539961237335746  -42.5  0
0.536893275759974  -42.5  4.4375
0.521553467881118  -42.5  13
0.527689391032661  -42.5  14.1875
3.68155389092554  -42.5  0
0.527689391032661  -42.5  15
0.533825314184203  -42.5  9.75
0.539961237335746  -42.5  4.0625
0.527689391032661  -42.5  15
0.524621429456889  -42.5  18.25
3.69075777565285  -42.5  0
0.521553467881118  -42.5  15
0.552233083638831  -42.5  4.0625
0.546097160487288  -42.5  4.0625
0.521553467881118  -42.5  17.4375
0.521553467881118  -42.5  17.4375
3.69996166038017  -42.5  -3.25
0.530757352608432  -42.5  10.9375
0.521553467881118  -42.5  16.25
0.546097160487288  -42.5  8.9375
3.69382573722862  -42.5  -2
0.521553467881118  -42.5  19.5
3.69996166038017  -42.5  1.1875
0.558369006790373  -42.5  4.0625
3.70609758353171  -43  -3.25
0.515417544729575  -43  16.25
0.552233083638831  -42.5  -8.9375
0.518485506305347  -42.5  15
0.527689391032661  -42.5  13
0.530757352608432  -42.5  14.1875
0.558369006790373  -42.5  -8.9375
3.69996166038017  -42.5  3.25
0.546097160487288  -42.5  5.25
3.6968936988044  -43  -5.25
0.539961237335746  -42.5  8.9375
0.506213660002262  -43  19.5
0.512349583153804  -42.5  14.1875
0.524621429456889  -43  11.75
3.68462185250131  -43  0
3.68155389092554  -43  1.1875
0.536893275759974  -43  3.25
0.539961237335746  -42.5  -4.0625
3.68462185250131  -43  1.1875
0.521553467881118  -43  10.9375
0.518485506305347  -42.5  14.1875
3.68462185250131  -42.5  -3.25
0.527689391032661  -42.5  2
0.512349583153804  -42.5  16.25
0.539961237335746  -42.5  0
0.512349583153804  -42.5  17.4375
0.521553467881118  -42.5  8.9375
0.552233083638831  -42.5  -13
0.524621429456889  -42.5  15
3.69996166038017  -43  -4.4375
0.539961237335746  -42.5  17.0625
0.546097160487288  -43  13
0.539961237335746  -42.5  13
0.533825314184203  -43  13
0.539961237335746  -43  10.9375
0.546097160487288  -42.5  4.0625
3.68768981407708  -42.5  1.1875
0.533825314184203  -42.5  6.5
