0.926524395882927  -38.5  2
0.938796242186012  -38.5  -2
0.941864203761784  -38.5  2
0.944932165337555  -38.5  2
0.951068088489098  -38.5  3.25
0.954136050064869  -38.5  1.1875
0.951068088489098  -38.5  -1.1875
4.08652481892735  -38.5  -8.9375
0.941864203761784  -38.5  1.1875
0.951068088489098  -38.5  2
0.951068088489098  -38.5  3.25
0.948000126913326  -38.5  4.4375
0.948000126913326  -38.5  0
0.954136050064869  -38.5  3.25
0.960271973216411  -38.5  -4.4375
0.944932165337555  -38.5  2
0.951068088489098  -38.5  2
0.951068088489098  -38.5  1.1875
0.954136050064869  -38.5  2
0.917320511155613  -38.5  14.1875
0.948000126913326  -38.5  1.1875
4.06198112632118  -38.5  4.0625
0.93266031903447  -38.5  1.1875
4.06811704947272  -38.5  0
0.901980703276757  -38.5  14.1875
4.07425297262426  -38.5  -4.0625
0.926524395882927  -38.5  -3.25
0.935728280610241  -38.5  1.1875
0.926524395882927  -38.5  0
4.05584520316964  -38  4.0625
0.929592357458699  -38.5  1.1875
0.93266031903447  -38.5  2
0.93266031903447  -38.5  -3.25
0.926524395882927  -38.5  1.1875
0.93266031903447  -38.5  2
4.04970928001809  -38.5  8.9375
0.935728280610241  -38.5  -2
4.06198112632118  -38.5  8.9375
0.93266031903447  -38.5  1.1875
4.06198112632118  -38  4.0625
0.926524395882927  -38.5  -3.25
0.898912741700986  -38.5  10.9375
4.06198112632118  -38.5  0
4.05584520316964  -38.5  8.9375
0.926524395882927  -38.5  1.1875
4.06198112632118  -38.5  8.9375
0.935728280610241  -38.5  -3.25
0.935728280610241  -38.5  2
4.05584520316964  -38.5  8.9375
0.929592357458699  -38.5  -2
4.07425297262426  -38  -4.0625
4.05584520316964  -38  8.9375
0.920388472731385  -38.5  2
4.06811704947272  -38.5  -4.0625
0.929592357458699  -38.5  3.25
0.926524395882927  -38.5  1.1875
4.05584520316964  -38.5  4.0625
4.08038889577581  -38.5  -8.9375
0.935728280610241  -38.5  2
0.93266031903447  -38.5  1.1875
4.06198112632118  -38  4.0625
0.938796242186012  -38.5  0
0.938796242186012  -38.5  0
4.04357335686655  -38.5  10.9375
4.05584520316964  -38.5  0
0.926524395882927  -38.5  3.25
4.04970928001809  -38.5  13
4.05584520316964  -38  8.9375
0.938796242186012  -38.5  3.25
4.05584520316964  -38.5  8.9375
0.929592357458699  -38.5  2
4.04970928001809  -38.5  8.9375
0.929592357458699  -38.5  -1.1875
4.06811704947272  -38.5  -4.0625
0.926524395882927  -38.5  3.25
4.06811704947272  -38.5  -4.0625
0.944932165337555  -38.5  0
0.929592357458699  -38.5  -1.1875
0.938796242186012  -38.5  -1.1875
0.93266031903447  -38.5  -1.1875
4.05584520316964  -38.5  0
0.935728280610241  -38.5  -4.4375
4.05584520316964  -38.5  8.9375
4.05584520316964  -38.5  4.0625
0.93266031903447  -38.5  2
0.93266031903447  -38.5  0
0.93266031903447  -38.5  0
4.04970928001809  -38  8.9375
0.941864203761784  -38.5  1.1875
0.935728280610241  -38.5  -5.25
0.93266031903447  -38.5  1.1875
4.05584520316964  -38  4.0625
0.901980703276757  -38.5  10.9375
4.06811704947272  -38.5  -4.0625
4.06811704947272  -38  -4.0625
0.929592357458699  -38.5  -1.1875
4.04970928001809  -38.5  8.9375
0.929592357458699  -38.5  1.1875
0.926524395882927  -38.5  2
0.923456434307156  -38.5  3.25
4.08038889577581  -38  -13
4.04050539529078  -38.5  11.75
0.929592357458699  -38.5  3.25
0.926524395882927  -38.5  1.1875
4.06811704947272  -38.5  -4.0625
0.935728280610241  -38.5  -3.25
0.895844780125214  -38.5  13
0.926524395882927  -38.5  1.1875
4.06198112632118  -38.5  4.0625
0.929592357458699  -38.5  1.1875
4.05584520316964  -38.5  4.0625
4.04357335686655  -38.5  20.75
0.898912741700986  -38.5  16.25
0.926524395882927  -38.5  -3.25
0.929592357458699  -38.5  -1.1875
4.04970928001809  -38.5  8.9375
4.05584520316964  -38  4.0625
0.929592357458699  -38.5  1.1875
0.923456434307156  -38.5  0
4.04970928001809  -38.5  13
0.929592357458699  -38.5  1.1875
0.941864203761784  -38.5  0
4.03743743371501  -38.5  17.0625
0.926524395882927  -38.5  0
0.929592357458699  -38.5  2
0.935728280610241  -38.5  -4.4375
0.935728280610241  -38.5  0
0.926524395882927  -38.5  0
0.895844780125214  -38.5  15
0.93266031903447  -38.5  0
4.04970928001809  -38.5  8.9375
0.929592357458699  -38.5  -4.4375
