1.88986433067511  -43.5  0
5.02225309953759  -43.5  7.6875
5.01918513796182  -43.5  9.75
5.04986475371953  -43.5  0
5.04066086899222  -43.5  8.5
5.0529327152953  -43.5  6.5
1.90827210012974  -43.5  0
5.04986475371953  -44  8.5
5.0314569842649  -43.5  9.75
5.04679679214376  -43.5  8.5
1.92667986958437  -43.5  -8.9375
1.89906821540242  -43.5  9.75
5.04372883056799  -43.5  5.25
1.91440802328128  -43.5  -4.0625
1.89600025382665  -43.5  0
5.02225309953759  -43.5  9.75
5.0314569842649  -43.5  6.5
1.87145656122048  -43.5  11.75
5.00384533008296  -43.5  10.9375
5.02225309953759  -44  6.5
5.04066086899222  -44  -1.1875
5.02532106111336  -44  7.6875
5.01918513796182  -44  11.75
1.88372840752357  -43.5  -8.9375
5.0099812532345  -44  4.4375
1.86532063806894  -44  -1.1875
4.97930163747679  -44  4.4375
1.86532063806894  -43.5  -13
1.85304879176585  -43.5  -4.0625
4.97009775274948  -44  13
1.86532063806894  -43.5  -13
4.97623367590102  -44  11.75
4.9885055222041  -44  5.25
4.98543756062833  -44  5.25
4.97930163747679  -44  10.9375
4.9885055222041  -44  5.25
4.98543756062833  -44  6.5
1.8591847149174  -43.5  -13
1.86532063806894  -43.5  -13
1.84998083019008  -43.5  14.1875
4.99157348377988  -44  9.75
5.01611717638605  -43.5  6.5
5.01918513796182  -44  2
5.01611717638605  -44  5.25
5.01611717638605  -43.5  0
1.8591847149174  -43.5  13
1.89600025382665  -43.5  -8.9375
5.01611717638605  -43.5  13
5.03759290741645  -43.5  2
1.92054394643282  -43.5  -8.9375
1.9021361769782  -43.5  0
5.02225309953759  -43.5  4.4375
1.87452452279625  -43.5  10.9375
1.9021361769782  -43.5  -8.9375
5.0314569842649  -43.5  2
5.03452494584067  -43.5  -1.1875
1.89600025382665  -43.5  4.0625
5.01611717638605  -43.5  14.1875
5.02838902268913  -43.5  4.4375
1.90827210012974  -43.5  4.0625
1.9021361769782  -43.5  4.0625
5.03759290741645  -43.5  7.6875
5.03452494584067  -43.5  9.75
1.9021361769782  -43.5  4.0625
5.02532106111336  -44  8.5
5.04066086899222  -44  1.1875
5.02838902268913  -44  4.4375
5.0099812532345  -44  8.5
1.87759248437202  -43.5  -4.0625
5.01304921481027  -44  6.5
4.99770940693142  -44  10.9375
5.0099812532345  -44  7.6875
5.01918513796182  -44  1.1875
5.00384533008296  -44  8.5
4.99770940693142  -44  10.9375
5.0099812532345  -44  3.25
4.98543756062833  -44  13
1.8591847149174  -43.5  4.0625
5.00077736850719  -44  4.4375
1.84077694546277  -43.5  8.9375
4.97930163747679  -44  8.5
4.9885055222041  -43.5  5.25
1.85304879176585  -43.5  8.9375
1.87145656122048  -43.5  -13
4.98543756062833  -43.5  9.75
5.0099812532345  -43.5  5.25
5.01304921481027  -43.5  3.25
1.88986433067511  -43.5  -26
1.87759248437202  -43.5  -4.0625
4.98543756062833  -43.5  15
1.85611675334163  -43.5  10.9375
4.98543756062833  -43.5  13
5.00691329165873  -43.5  4.4375
1.87145656122048  -43.5  -4.0625
1.87759248437202  -43.5  0
5.02532106111336  -44  0
5.02225309953759  -44  3.25
1.89600025382665  -43.5  -13
5.0099812532345  -44  9.75
1.86532063806894  -43.5  15
5.00384533008296  -43.5  10.9375
5.00077736850719  -44  10.9375
1.87759248437202  -43.5  4.0625
5.01304921481027  -43.5  5.25
5.00691329165873  -43.5  5.25
5.00077736850719  -43.5  8.5
5.02838902268913  -43.5  3.25
5.00077736850719  -43.5  18.25
5.01611717638605  -43.5  8.5
4.99464144535565  -43.5  6.5
1.84077694546277  -43.5  4.0625
5.00077736850719  -43.5  8.5
1.86532063806894  -43.5  8.9375
1.86838859964471  -43.5  13
5.03452494584067  -43.5  8.5
1.86838859964471  -43.5  18.25
5.00384533008296  -43.5  2
1.82850509915968  -43.5  15
4.96702979117371  -43.5  7.6875
1.8591847149174  -43.5  -21.9375
4.99157348377988  -43.5  6.5
5.0099812532345  -43.5  6.5
1.88372840752357  -43.5  -13
4.9885055222041  -44  7.6875
5.01304921481027  -44  0
4.97316571432525  -44  13
5.00691329165873  -44  5.25
1.88372840752357  -43.5  -17.0625
4.98236959905256  -44  11.75
1.84077694546277  -43.5  0
4.97009775274948  -44  9.75
4.96396182959793  -44  13
