3.73677719928942  -38  26
0.641203969336198  -38  2
0.647339892487741  -38  -3.25
0.650407854063512  -38  -1.1875
3.75518496874405  -38  26
0.644271930911969  -38  2
3.74904904559251  -38  26
0.647339892487741  -38  3.25
0.641203969336198  -38  1.1875
0.641203969336198  -38  -2
0.641203969336198  -38  -1.1875
3.74904904559251  -38  26
0.635068046184655  -38  0
0.644271930911969  -38  1.1875
0.644271930911969  -38  1.1875
0.641203969336198  -38  0
3.73064127613788  -38  30.0625
0.619728238305799  -38  1.1875
0.619728238305799  -38  1.1875
0.585980660972315  -38  15
3.73064127613788  -38  26
0.628932123033113  -38  1.1875
3.73677719928942  -38  17.0625
0.635068046184655  -38  -3.25
0.619728238305799  -38  3.25
0.619728238305799  -38  2
3.73677719928942  -38  26
0.619728238305799  -38  2
0.625864161457342  -38  1.1875
0.628932123033113  -38  0
3.73677719928942  -38  17.0625
0.625864161457342  -38  1.1875
0.582912699396544  -38  14.1875
0.628932123033113  -38  -1.1875
0.619728238305799  -38  2
3.73064127613788  -38  21.9375
0.62279619988157  -38  -1.1875
0.62279619988157  -38  0
0.616660276730028  -38  5.25
3.73064127613788  -38  30.0625
0.619728238305799  -38  4.4375
0.62279619988157  -38  1.1875
0.62279619988157  -38  0
3.74291312244096  -38  21.9375
3.74291312244096  -38  8.9375
0.616660276730028  -38  2
3.73677719928942  -38  17.0625
0.607456392002714  -38  3.25
0.625864161457342  -38  -3.25
0.625864161457342  -38  1.1875
3.73064127613788  -38  21.9375
0.62279619988157  -38  2
0.619728238305799  -38  -1.1875
0.616660276730028  -38  0
0.619728238305799  -38  0
0.625864161457342  -38  -2
0.62279619988157  -38  1.1875
0.619728238305799  -38  3.25
3.73677719928942  -38  17.0625
0.616660276730028  -38  -2
0.613592315154256  -38  0
0.616660276730028  -38  0
3.73677719928942  -38  21.9375
0.616660276730028  -38  4.4375
0.616660276730028  -38  0
0.619728238305799  -38  0
0.619728238305799  -38  1.1875
3.74904904559251  -38  21.9375
0.625864161457342  -38  -1.1875
0.62279619988157  -38  2
3.73677719928942  -38  17.0625
0.619728238305799  -38  2
3.73064127613788  -38  21.9375
0.62279619988157  -38  0
3.73677719928942  -38  13
0.619728238305799  -38  1.1875
3.73064127613788  -38  21.9375
0.62279619988157  -38  1.1875
0.616660276730028  -38  0
0.616660276730028  -38  3.25
0.619728238305799  -38  1.1875
0.619728238305799  -38  3.25
0.619728238305799  -38  2
0.625864161457342  -38  1.1875
0.625864161457342  -38  4.4375
0.635068046184655  -38  1.1875
0.62279619988157  -38  4.4375
3.74904904559251  -38  17.0625
0.628932123033113  -38  2
0.625864161457342  -38  4.4375
0.62279619988157  -38  4.4375
0.628932123033113  -38  -2
3.73677719928942  -38  30.0625
3.73677719928942  -38  13
0.625864161457342  -38  -3.25
3.73677719928942  -38  21.9375
0.628932123033113  -38  2
0.632000084608884  -38  2
3.73064127613788  -38  26
0.619728238305799  -38  -3.25
3.73064127613788  -38  17.0625
0.628932123033113  -38  -2
0.616660276730028  -38  5.25
0.628932123033113  -38  -1.1875
0.610524353578485  -38  3.25
0.62279619988157  -38  3.25
0.632000084608884  -38  2
0.628932123033113  -38  -2
3.74291312244096  -38  13
0.62279619988157  -38  4.4375
3.73677719928942  -38  26
0.625864161457342  -38  1.1875
0.625864161457342  -38  1.1875
0.601320468851171  -38  20.75
0.628932123033113  -38  2
0.62279619988157  -38  2
3.74904904559251  -38  17.0625
0.62279619988157  -38  4.4375
3.73677719928942  -38  21.9375
0.632000084608884  -38  1.1875
0.62279619988157  -38  1.1875
3.74291312244096  -38  13
0.619728238305799  -38  3.25
3.73677719928942  -38  26
0.62279619988157  -38  1.1875
0.628932123033113  -38  0
3.73677719928942  -38  26
0.628932123033113  -38  5.25
0.601320468851171  -38  9.75
0.625864161457342  -38  1.1875
3.74291312244096  -38  21.9375
3.74291312244096  -38  21.9375
