3.8349519697141  -40  -1.1875
0.69335931612431  -40  13
3.85949566232027  -40  0
0.705631162427395  -40  0
0.705631162427395  -40  13
0.727106893457794  -40  -2
0.699495239275852  -40  13
0.696427277700081  -40  13
0.724038931882023  -40  -8.9375
0.696427277700081  -40  14.1875
0.687223392972767  -40  19.5
3.86256362389604  -40  1.1875
0.702563200851624  -40  11.75
0.699495239275852  -40  14.1875
3.84415585444142  -40  -1.1875
0.705631162427395  -40  -2
3.84722381601719  -40  -2
0.681087469821225  -40  13
0.696427277700081  -40  2
0.71790300873048  -40  -8.9375
0.69335931612431  -40  0
3.84415585444142  -40  4.4375
3.84722381601719  -40  0
0.678019508245453  -40  15
3.84415585444142  -40  5.25
3.85029177759296  -40  -2
3.84415585444142  -40  1.1875
0.699495239275852  -40  -4.0625
3.8564277007445  -40  2
3.84722381601719  -40  1.1875
0.687223392972767  -40  11.75
3.84415585444142  -40  0
3.84415585444142  -40  0
0.671883585093911  -40  21.5625
3.84108789286565  -40  0
0.690291354548539  -40  2
0.674951546669682  -40  18.25
3.83801993128987  -40  1.1875
0.66881562351814  -40  9.75
3.83801993128987  -40  -2
3.83188400813833  -40  1.1875
3.84415585444142  -40  1.1875
0.711767085578938  -40  -4.0625
3.85029177759296  -40  -1.1875
3.85949566232027  -40  -1.1875
0.684155431396996  -40  11.75
3.85029177759296  -40  -1.1875
0.711767085578938  -40  -8.9375
3.85029177759296  -40  2
3.85335973916873  -40  -1.1875
3.84415585444142  -40  1.1875
0.684155431396996  -40  11.75
3.84722381601719  -40  0
0.684155431396996  -40  9.75
3.85029177759296  -40  -2
3.84722381601719  -40  1.1875
0.681087469821225  -40  11.75
0.671883585093911  -40  17.4375
0.674951546669682  -40  15
0.681087469821225  -40  13
3.8564277007445  -40  -3.25
3.8564277007445  -40  -2
3.85029177759296  -40  -1.1875
0.69335931612431  -40.5  8.9375
3.84415585444142  -40  0
0.681087469821225  -40  14.1875
0.681087469821225  -40  14.1875
3.85029177759296  -40  -1.1875
3.84415585444142  -40  1.1875
3.85335973916873  -40  -2
0.678019508245453  -40  14.1875
3.85335973916873  -40  -3.25
3.85029177759296  -40  0
3.8564277007445  -40  1.1875
0.699495239275852  -40  -8.9375
0.66881562351814  -40  15
0.687223392972767  -40  8.9375
0.674951546669682  -40  15
3.85029177759296  -40  -2
0.678019508245453  -40  10.9375
0.687223392972767  -40  13
0.681087469821225  -40  15
0.678019508245453  -40  17.4375
3.85029177759296  -40  -3.25
3.83188400813833  -40  0
0.696427277700081  -40  3.25
0.671883585093911  -40  16.25
3.84722381601719  -40  1.1875
0.678019508245453  -40  13
3.85029177759296  -40  -2
0.687223392972767  -40  7.6875
3.85029177759296  -40  -2
0.674951546669682  -40  13
0.687223392972767  -40  8.9375
0.69335931612431  -40  -4.0625
0.674951546669682  -40  15
0.678019508245453  -40  16.25
3.83801993128987  -40  3.25
0.678019508245453  -40  13
3.84415585444142  -40  -1.1875
3.85029177759296  -40  0
3.84722381601719  -40  0
0.69335931612431  -40  8.5
0.684155431396996  -40  14.1875
3.85949566232027  -40  -2
3.85949566232027  -40  -3.25
0.674951546669682  -40  15
3.84108789286565  -40  1.1875
3.84722381601719  -40  0
0.684155431396996  -40  14.1875
0.681087469821225  -40  14.1875
0.71790300873048  -40  -4.0625
3.8349519697141  -40  5.25
0.690291354548539  -40  8.5
3.86256362389604  -40  -3.25
3.8349519697141  -40  2
3.85335973916873  -40  -3.25
3.8564277007445  -40  0
3.85029177759296  -40  0
3.84722381601719  -40  1.1875
3.8564277007445  -40  -2
0.678019508245453  -40  19.5
3.8564277007445  -40  -3.25
0.684155431396996  -40  14.1875
3.81961216183525  -40  15
0.687223392972767  -40  16.25
0.678019508245453  -40  16.25
0.681087469821225  -40  15
3.85949566232027  -40  -3.25
0.699495239275852  -40  0
3.84415585444142  -40  -1.1875
3.85335973916873  -40  -2
