0.177941771394734  -40.5  1.1875
3.32567034813607  -40.5  4.0625
0.208621387152447  -40.5  3.25
3.3440781175907  -40  0
0.205553425576676  -40.5  1.1875
3.31339850183298  -40.5  4.0625
0.184077694546277  -40.5  1.1875
3.31953442498453  -40.5  4.0625
0.153398078788564  -40.5  15
0.181009732970506  -40.5  4.4375
3.31339850183298  -40.5  0
0.184077694546277  -40.5  4.4375
0.184077694546277  -40.5  5.25
0.150330117212793  -40.5  15
0.181009732970506  -40.5  3.25
3.31339850183298  -40  4.0625
0.184077694546277  -40.5  1.1875
3.32567034813607  -40.5  0
0.147262155637022  -40.5  17.4375
0.187145656122048  -40.5  -1.1875
0.187145656122048  -40.5  0
3.31953442498453  -40  -4.0625
0.187145656122048  -40.5  1.1875
0.184077694546277  -40.5  2
0.156466040364335  -40.5  20.75
0.174873809818963  -40.5  6.5
3.31953442498453  -40.5  -8.9375
0.187145656122048  -40.5  4.4375
3.32567034813607  -40  -8.9375
0.196349540849362  -40.5  1.1875
3.32567034813607  -40  -4.0625
3.3011266555299  -40.5  10.9375
3.31953442498453  -40  4.0625
0.199417502425133  -40.5  1.1875
3.30726257868144  -40.5  8.9375
0.193281579273591  -40.5  -3.25
3.31953442498453  -40.5  -4.0625
0.156466040364335  -40.5  17.4375
0.190213617697819  -40.5  6.5
0.190213617697819  -40.5  4.4375
0.184077694546277  -40.5  3.25
0.187145656122048  -40.5  3.25
3.33180627128761  -40.5  -13
3.33180627128761  -40.5  -4.0625
0.190213617697819  -40.5  5.25
0.199417502425133  -40.5  2
0.199417502425133  -40.5  2
0.193281579273591  -40.5  4.4375
0.181009732970506  -40.5  4.4375
0.181009732970506  -40.5  4.4375
3.31953442498453  -40.5  4.0625
0.171805848243192  -40.5  7.6875
3.31953442498453  -40.5  8.9375
0.177941771394734  -40.5  5.25
0.187145656122048  -40.5  3.25
0.196349540849362  -40.5  1.1875
0.165669925091649  -40.5  7.6875
0.196349540849362  -40.5  2
0.174873809818963  -40.5  -1.1875
0.187145656122048  -40.5  3.25
0.171805848243192  -40.5  3.25
0.196349540849362  -40.5  -2
0.174873809818963  -40.5  4.4375
3.31953442498453  -40.5  -4.0625
0.187145656122048  -40.5  2
0.193281579273591  -40.5  0
0.174873809818963  -40.5  3.25
0.196349540849362  -40.5  -2
0.196349540849362  -40.5  0
0.171805848243192  -40.5  1.1875
0.187145656122048  -40.5  1.1875
0.174873809818963  -40.5  6.5
3.31339850183298  -40.5  -8.9375
0.187145656122048  -40.5  2
0.196349540849362  -40.5  0
0.181009732970506  -40.5  4.4375
0.181009732970506  -40.5  5.25
3.31953442498453  -40  0
0.193281579273591  -40.5  -4.4375
0.184077694546277  -40.5  0
0.184077694546277  -40.5  3.25
0.177941771394734  -40.5  6.5
0.159534001940107  -40.5  15
0.184077694546277  -40.5  6.5
0.190213617697819  -40.5  -4.4375
0.171805848243192  -40.5  3.25
3.31339850183298  -40.5  -4.0625
0.177941771394734  -40.5  2
3.32567034813607  -40.5  0
0.181009732970506  -40.5  5.25
3.33180627128761  -40  -8.9375
0.174873809818963  -40.5  3.25
0.181009732970506  -40.5  4.4375
0.184077694546277  -40.5  1.1875
0.196349540849362  -40.5  1.1875
3.33180627128761  -40  -4.0625
0.174873809818963  -40.5  1.1875
0.181009732970506  -40.5  4.4375
3.30726257868144  -40.5  4.0625
0.196349540849362  -40.5  -1.1875
0.190213617697819  -40.5  1.1875
0.174873809818963  -40.5  2
0.184077694546277  -40.5  0
0.190213617697819  -40.5  2
0.196349540849362  -40.5  1.1875
0.190213617697819  -40.5  3.25
3.31339850183298  -40  4.0625
3.29192277080259  -40.5  16.25
0.196349540849362  -40.5  3.25
0.190213617697819  -40.5  1.1875
3.31339850183298  -40.5  0
0.187145656122048  -40.5  2
3.31953442498453  -40.5  0
0.187145656122048  -40.5  2
0.187145656122048  -40.5  0
0.181009732970506  -40.5  0
3.32567034813607  -40.5  -4.0625
0.177941771394734  -40.5  4.4375
3.31953442498453  -40.5  -4.0625
0.190213617697819  -40.5  -3.25
0.187145656122048  -40.5  2
0.184077694546277  -40.5  2
0.181009732970506  -40.5  4.4375
0.147262155637022  -40.5  16.25
0.187145656122048  -40.5  2
3.31953442498453  -40  0
0.187145656122048  -40.5  -2
0.171805848243192  -40.5  0
3.31953442498453  -40.5  -4.0625
0.177941771394734  -40.5  1.1875
0.187145656122048  -40.5  1.1875
0.177941771394734  -40.5  3.25
