4.99464144535565  -43.5  7.6875
1.87759248437202  -43.5  0
1.86532063806894  -43.5  8.9375
5.04372883056799  -43.5  -1.1875
5.0099812532345  -43.5  15
5.02225309953759  -43.5  9.75
5.03452494584067  -43.5  4.4375
1.87145656122048  -43.5  -4.0625
5.00384533008296  -43.5  7.6875
5.0099812532345  -43.5  10.9375
5.02532106111336  -43.5  4.4375
5.02225309953759  -43.5  7.6875
1.87145656122048  -43.5  0
1.8591847149174  -43  8.9375
5.00691329165873  -43.5  11.75
1.86532063806894  -43.5  4.0625
5.01304921481027  -43.5  8.5
5.02225309953759  -43.5  6.5
5.01304921481027  -43.5  5.25
5.01304921481027  -43.5  8.5
1.8591847149174  -43.5  -13
4.9885055222041  -43.5  11.75
1.84691286861431  -43.5  0
4.99464144535565  -43.5  6.5
4.98236959905256  -43.5  13
1.83157306073546  -43.5  17.4375
1.84691286861431  -43.5  0
5.00384533008296  -43.5  4.4375
4.99464144535565  -43.5  5.25
1.85304879176585  -43.5  -13
4.99770940693142  -43.5  10.9375
1.86532063806894  -43.5  -8.9375
4.99770940693142  -43.5  8.5
1.86532063806894  -43.5  -8.9375
5.0099812532345  -43.5  4.4375
1.85304879176585  -43.5  -8.9375
1.84691286861431  -43.5  -4.0625
4.97930163747679  -43.5  8.5
5.00077736850719  -43.5  7.6875
4.99770940693142  -43.5  10.9375
1.85304879176585  -43  0
5.00077736850719  -43.5  8.5
1.8591847149174  -43.5  -8.9375
4.99464144535565  -43.5  5.25
1.86532063806894  -43.5  -8.9375
4.99770940693142  -43.5  7.6875
1.85304879176585  -43.5  -8.9375
5.00077736850719  -43.5  7.6875
5.00691329165873  -43.5  2
4.99770940693142  -43.5  4.4375
5.00077736850719  -43.5  9.75
4.99157348377988  -43.5  13
4.99157348377988  -43.5  8.5
4.99770940693142  -43.5  7.6875
5.01611717638605  -43.5  4.4375
1.86532063806894  -43.5  -13
5.00384533008296  -43.5  10.9375
1.87145656122048  -43  -8.9375
5.0099812532345  -43.5  5.25
1.87145656122048  -43.5  -4.0625
5.00077736850719  -43.5  13
5.01611717638605  -43.5  6.5
1.87145656122048  -43.5  -13
1.85611675334163  -43.5  13
5.00384533008296  -43.5  7.6875
1.87145656122048  -43.5  -4.0625
1.86532063806894  -43.5  -4.0625
1.87759248437202  -43.5  -13
5.01918513796182  -43.5  2
1.87145656122048  -43  0
5.02838902268913  -43.5  -1.1875
1.87759248437202  -43.5  -17.0625
5.02532106111336  -43.5  2
5.03452494584067  -43.5  -1.1875
5.0099812532345  -43.5  13
1.88372840752357  -43.5  -13
5.0314569842649  -43.5  1.1875
1.87759248437202  -43.5  -8.9375
5.0099812532345  -43.5  13
5.01304921481027  -43.5  9.75
1.88372840752357  -43  -8.9375
5.02532106111336  -43.5  6.5
5.02225309953759  -43.5  7.6875
5.0314569842649  -43.5  0
1.87759248437202  -43.5  -8.9375
5.03759290741645  -43.5  -1.1875
1.88372840752357  -43.5  -13
5.01304921481027  -43.5  9.75
5.02838902268913  -43.5  7.6875
5.01304921481027  -43.5  9.75
5.03452494584067  -43.5  4.4375
1.88372840752357  -43  -4.0625
5.0099812532345  -43.5  8.5
5.01611717638605  -43.5  8.5
1.87145656122048  -43  -8.9375
1.87145656122048  -43  -4.0625
5.0099812532345  -43.5  8.5
5.02532106111336  -43.5  3.25
1.86532063806894  -43  0
5.01918513796182  -43.5  6.5
5.0099812532345  -43.5  7.6875
5.00691329165873  -43.5  7.6875
1.87145656122048  -43  -4.0625
5.02532106111336  -43.5  0
1.86532063806894  -43.5  -4.0625
5.03452494584067  -43.5  -1.1875
5.01304921481027  -43.5  5.25
5.01918513796182  -43.5  5.25
5.00077736850719  -43.5  11.75
1.84691286861431  -43.5  15
5.02225309953759  -43.5  2
1.86532063806894  -43  -4.0625
5.02225309953759  -43.5  3.25
1.87145656122048  -43  -4.0625
5.00384533008296  -43.5  11.75
5.01918513796182  -43.5  1.1875
1.8591847149174  -43  4.0625
5.00384533008296  -43.5  10.9375
1.84384490703854  -43.5  18.25
5.01304921481027  -43.5  7.6875
5.01304921481027  -43.5  6.5
5.01304921481027  -43.5  4.4375
5.00077736850719  -43.5  9.75
1.87145656122048  -43.5  -8.9375
1.87145656122048  -43.5  -4.0625
5.0314569842649  -43.5  1.1875
1.88372840752357  -43  -4.0625
5.01611717638605  -43.5  8.5
5.0099812532345  -43.5  9.75
5.03759290741645  -43.5  3.25
5.00691329165873  -43.5  11.75
1.86532063806894  -43  8.9375
