0.236233041334389  -41  7.6875
3.39623346437881  -41  3.25
0.276116541819415  -40.5  -8.9375
0.279184503395187  -41  -2
0.273048580243644  -41  7.6875
0.269980618667873  -41  11.75
0.269980618667873  -41  10.9375
0.269980618667873  -41  10.9375
0.273048580243644  -41  10.9375
0.273048580243644  -41  5.25
0.300660234425586  -40.5  -13
0.269980618667873  -41  11.75
0.273048580243644  -41  8.5
0.276116541819415  -41  2
0.266912657092102  -41  8.5
0.269980618667873  -41  8.5
0.266912657092102  -41  8.5
0.266912657092102  -41  10.9375
0.273048580243644  -41  6.5
0.26384469551633  -41  8.5
3.42077715698498  -41  -1.1875
0.269980618667873  -41  7.6875
0.251572849213245  -41  7.6875
0.242368964485931  -41  10.9375
0.245436926061703  -41  9.75
0.242368964485931  -41  8.5
0.251572849213245  -40.5  4.0625
0.242368964485931  -41  11.75
0.23930100291016  -41  14.1875
3.40236938753035  -41  -1.1875
0.26384469551633  -40.5  -8.9375
0.248504887637474  -41  8.5
3.3870295796515  -41  4.4375
0.23930100291016  -41  10.9375
0.242368964485931  -41  11.75
0.242368964485931  -41  10.9375
0.257708772364788  -41  0
0.245436926061703  -41  7.6875
0.245436926061703  -41  9.75
0.245436926061703  -41  7.6875
0.242368964485931  -41  8.5
0.245436926061703  -41  9.75
0.269980618667873  -40.5  -4.0625
0.242368964485931  -41  11.75
0.245436926061703  -41  10.9375
0.254640810789016  -41  1.1875
0.245436926061703  -41  10.9375
0.245436926061703  -41  13
0.23930100291016  -41  10.9375
0.245436926061703  -41  10.9375
0.26384469551633  -40.5  -4.0625
0.23930100291016  -41  9.75
0.242368964485931  -41  8.5
0.26384469551633  -40.5  0
0.242368964485931  -41  14.1875
0.23930100291016  -41  14.1875
0.276116541819415  -40.5  -17.0625
3.40850531068189  -41  -3.25
0.23930100291016  -41  9.75
0.23930100291016  -41  8.5
0.276116541819415  -40.5  -13
3.36862181019687  -41  10.9375
0.233165079758617  -41  16.25
3.39623346437881  -41  1.1875
3.39009754122727  -41  0
0.276116541819415  -40.5  -13
3.38396161807572  -41  2
0.26384469551633  -40.5  -4.0625
0.276116541819415  -40.5  -13
0.23930100291016  -41  10.9375
0.269980618667873  -40.5  -17.0625
0.242368964485931  -41  6.5
0.242368964485931  -41  10.9375
0.23930100291016  -41  13
3.38396161807572  -41  2
3.3870295796515  -41  2
0.269980618667873  -40.5  -8.9375
0.236233041334389  -41  14.1875
0.242368964485931  -41  10.9375
0.257708772364788  -40.5  -8.9375
0.23930100291016  -41  10.9375
0.242368964485931  -41  15
0.257708772364788  -40.5  0
0.248504887637474  -41  11.75
0.242368964485931  -41  13
0.26384469551633  -40.5  -4.0625
0.23930100291016  -41  11.75
0.26384469551633  -40.5  -4.0625
0.23930100291016  -41  14.1875
0.223961195031304  -41  13
3.41157327225767  -41  -4.4375
3.37782569492418  -41  13
0.26384469551633  -40.5  4.0625
0.254640810789016  -41  4.4375
0.251572849213245  -40.5  0
0.248504887637474  -41  7.6875
0.23930100291016  -41  11.75
0.245436926061703  -41  4.4375
0.282252464970958  -40.5  -13
0.242368964485931  -41  9.75
0.242368964485931  -41  8.5
0.251572849213245  -40.5  0
0.242368964485931  -41  8.5
0.248504887637474  -41  9.75
0.26384469551633  -41  -13
0.248504887637474  -41  2
3.40543734910612  -41  -2
0.251572849213245  -40.5  -4.0625
0.248504887637474  -41  1.1875
0.26384469551633  -40.5  -17.0625
0.276116541819415  -40.5  -13
0.23930100291016  -41  13
0.23930100291016  -41  10.9375
0.245436926061703  -41  9.75
0.242368964485931  -41  6.5
0.23930100291016  -41  11.75
3.41464123383344  -41  -4.4375
0.23930100291016  -41  11.75
0.230097118182846  -41  15
0.269980618667873  -40.5  -8.9375
0.233165079758617  -41  15
0.282252464970958  -40.5  -13
0.245436926061703  -41  10.9375
0.248504887637474  -41  9.75
0.242368964485931  -41  9.75
0.242368964485931  -41  6.5
0.236233041334389  -41  11.75
0.26384469551633  -41  -2
0.276116541819415  -40.5  -13
3.3870295796515  -41  3.25
3.3870295796515  -41  1.1875
3.40543734910612  -41  -2
