0.269980618667873  -38  2
0.269980618667873  -38  0
0.254640810789016  -38  14.1875
0.285320426546729  -38  -1.1875
0.266912657092102  -38  10.9375
0.294524311274043  -38  -2
0.279184503395187  -38  1.1875
0.269980618667873  -38  0
3.40543734910612  -37.5  0
0.273048580243644  -38  1.1875
0.273048580243644  -38  0
3.39930142595458  -37.5  0
0.269980618667873  -38  1.1875
0.257708772364788  -38  7.6875
3.40543734910612  -37.5  0
0.260776733940559  -38  4.4375
3.40543734910612  -37.5  4.0625
0.260776733940559  -38  3.25
0.291456349698272  -38  -7.6875
3.40543734910612  -37.5  -4.0625
0.260776733940559  -38  4.4375
0.266912657092102  -38  -1.1875
3.41157327225767  -37.5  4.0625
0.269980618667873  -38  0
3.41157327225767  -37.5  -4.0625
0.269980618667873  -38  1.1875
0.257708772364788  -38  9.75
3.39930142595458  -37.5  4.0625
3.40543734910612  -37.5  0
0.260776733940559  -38  2
0.26384469551633  -38  0
3.40543734910612  -37.5  4.0625
0.269980618667873  -38  2
0.260776733940559  -38  4.4375
3.41770919540921  -37.5  -8.9375
0.26384469551633  -38  1.1875
0.266912657092102  -38  1.1875
3.39930142595458  -37.5  4.0625
0.269980618667873  -38  0
0.26384469551633  -38  -2
0.26384469551633  -38  2
3.39316550280304  -37.5  4.0625
0.260776733940559  -38  3.25
0.269980618667873  -38  0
3.39930142595458  -37.5  0
3.40543734910612  -37.5  0
3.41770919540921  -37.5  -4.0625
3.3870295796515  -37.5  17.0625
0.251572849213245  -38  7.6875
3.39930142595458  -37.5  4.0625
3.39930142595458  -37.5  0
0.245436926061703  -38  10.9375
0.269980618667873  -38  -2
3.40543734910612  -37.5  -4.0625
0.260776733940559  -38  2
0.266912657092102  -38  0
0.26384469551633  -38  5.25
3.41157327225767  -37.5  -8.9375
3.3870295796515  -37.5  8.9375
0.26384469551633  -38  3.25
0.260776733940559  -38  3.25
0.269980618667873  -38  1.1875
3.41157327225767  -37.5  4.0625
3.41157327225767  -37.5  4.0625
0.276116541819415  -38  -1.1875
0.26384469551633  -38  1.1875
3.39930142595458  -37.5  0
3.39930142595458  -37.5  4.0625
3.39930142595458  -37.5  -4.0625
0.26384469551633  -38  1.1875
3.40543734910612  -37.5  8.9375
0.260776733940559  -38  6.5
0.266912657092102  -38  0
3.39930142595458  -37.5  4.0625
3.39930142595458  -37.5  8.9375
0.251572849213245  -38  9.75
0.260776733940559  -38  2
0.257708772364788  -38  6.5
3.3870295796515  -37.5  8.9375
0.26384469551633  -38  1.1875
0.257708772364788  -38  5.25
0.269980618667873  -38  1.1875
0.269980618667873  -38  2
3.39930142595458  -37.5  4.0625
0.260776733940559  -38  11.75
0.269980618667873  -38  -1.1875
0.260776733940559  -38  4.4375
0.266912657092102  -38  -1.1875
3.40543734910612  -37.5  -4.0625
0.26384469551633  -38  -1.1875
0.260776733940559  -38  2
0.269980618667873  -38  -1.1875
3.40543734910612  -37.5  4.0625
0.26384469551633  -38  3.25
0.269980618667873  -38  4.4375
3.41770919540921  -37.5  -13
3.40543734910612  -37.5  4.0625
0.266912657092102  -38  2
0.273048580243644  -38  -2
3.40543734910612  -37.5  4.0625
0.269980618667873  -38  1.1875
0.242368964485931  -38  16.25
0.273048580243644  -38  -2
0.269980618667873  -38  2
0.260776733940559  -38  5.25
3.39316550280304  -37.5  8.9375
3.40543734910612  -37.5  4.0625
0.254640810789016  -38  9.75
3.40543734910612  -37.5  4.0625
0.269980618667873  -38  -1.1875
0.269980618667873  -38  -1.1875
3.40543734910612  -37.5  -4.0625
3.40543734910612  -37.5  4.0625
3.40543734910612  -37.5  0
3.39316550280304  -37.5  4.0625
0.26384469551633  -38  1.1875
3.39930142595458  -37.5  8.9375
3.40543734910612  -37.5  -4.0625
3.40543734910612  -37.5  0
0.266912657092102  -38  -2
0.260776733940559  -38  3.25
3.39930142595458  -37.5  -4.0625
3.39316550280304  -37.5  8.9375
0.266912657092102  -38  0
3.39930142595458  -37.5  0
3.39316550280304  -37.5  8.9375
0.257708772364788  -38  2
3.39930142595458  -37.5  8.9375
3.39930142595458  -37.5  0
3.41157327225767  -37.5  -4.0625
0.266912657092102  -38  1.1875
3.39930142595458  -37.5  -8.9375
