0.972543819519497  -40  16.25
1.01242732000452  -39.5  4.0625
1.00629139685298  -40  8.5
1.01856324315607  -39.5  -4.0625
4.17242774304894  -40  -4.4375
1.01242732000452  -40  9.75
1.01549528158029  -40  8.5
1.01856324315607  -39.5  -4.0625
4.13561220413969  -40  18.25
1.00935935842875  -40  10.9375
4.16322385832163  -40  5.25
1.03083508945915  -39.5  -4.0625
1.00935935842875  -40  8.5
1.00629139685298  -40  4.0625
4.16015589674586  -40  1.1875
1.01242732000452  -39.5  0
0.997087512125667  -40  13
1.02469916630761  -40  -4.0625
4.1662918198974  -40  -2
1.00629139685298  -40  8.9375
4.13254424256392  -40  13
1.01242732000452  -39.5  4.0625
1.01242732000452  -40  5.25
1.01549528158029  -40  8.5
0.997087512125667  -40  11.75
4.1233403578366  -40  5.25
4.14174812729123  -40  1.1875
1.00629139685298  -40  -2
0.978679742671039  -40  11.75
4.13561220413969  -40  2
4.13868016571546  -40  0
0.978679742671039  -40  11.75
0.98174770424681  -39.5  4.0625
4.13868016571546  -40  -1.1875
0.987883627398353  -40  4.0625
1.00322343527721  -40  1.1875
0.975611781095268  -39.5  13
4.13561220413969  -40  2
4.13561220413969  -40  3.25
4.12640831941237  -40  2
4.14174812729123  -40  -1.1875
4.13868016571546  -40  1.1875
0.972543819519497  -40  15
4.144816088867  -40  0
4.14174812729123  -40  -2
4.144816088867  -40  -2
0.987883627398353  -39.5  8.9375
0.972543819519497  -40  14.1875
1.00015547370144  -39.5  -8.9375
4.14788405044277  -40  -2
4.12027239626083  -40  11.75
4.14174812729123  -40  0
4.13561220413969  -40  1.1875
0.987883627398353  -40  7.6875
4.14174812729123  -40  0
0.978679742671039  -40  13
4.13561220413969  -40  3.25
1.00015547370144  -40  -2
0.978679742671039  -40  13
0.978679742671039  -40  9.75
4.13868016571546  -40  5.25
4.144816088867  -40  1.1875
4.13868016571546  -40  2
4.14174812729123  -40  -2
1.01242732000452  -39.5  -13
4.14174812729123  -40  -1.1875
0.98174770424681  -40  13
4.13868016571546  -40  1.1875
0.987883627398353  -40  11.75
4.14788405044277  -40  -1.1875
0.978679742671039  -40  10.9375
4.13868016571546  -40  -2
4.13254424256392  -40  2
0.972543819519497  -40  11.75
4.14174812729123  -40  0
4.12027239626083  -40  8.5
0.98174770424681  -40  9.75
0.987883627398353  -39.5  0
4.13561220413969  -40  1.1875
4.144816088867  -40  -2
4.14174812729123  -40  -1.1875
4.13868016571546  -40  0
4.12947628098815  -40  4.4375
4.12947628098815  -40  2
0.972543819519497  -40  13
0.975611781095268  -40  11.75
0.987883627398353  -40  7.6875
0.994019550549895  -40  7.6875
0.98174770424681  -39.5  8.9375
1.00015547370144  -40  3.25
4.144816088867  -40  -2
4.14174812729123  -40  3.25
4.13254424256392  -40  4.4375
4.14788405044277  -40  2
0.994019550549895  -39.5  0
0.98174770424681  -40  15
4.12027239626083  -40  13
4.144816088867  -40  0
4.144816088867  -40  -2
0.984815665822582  -40  13
0.987883627398353  -39.5  0
4.16015589674586  -40  -3.25
4.13561220413969  -40  6.5
4.13868016571546  -40  2
4.13561220413969  -40  3.25
1.00322343527721  -40  0
4.144816088867  -40  -2
4.13561220413969  -40  1.1875
4.10800054995775  -40  15
4.13868016571546  -40  0
4.13561220413969  -40  0
4.13561220413969  -40  2
0.987883627398353  -39.5  0
1.00015547370144  -39.5  -4.0625
0.972543819519497  -40  14.1875
4.14174812729123  -40  1.1875
4.14174812729123  -40  1.1875
1.00015547370144  -40  3.25
4.144816088867  -40  -2
0.994019550549895  -39.5  0
0.972543819519497  -40  14.1875
4.13868016571546  -40  1.1875
4.14174812729123  -40  -3.25
0.975611781095268  -40  15
0.997087512125667  -40  4.4375
4.144816088867  -40  0
0.975611781095268  -40  17.0625
4.14174812729123  -40  1.1875
0.994019550549895  -40  6.5
0.987883627398353  -40  8.5
4.14174812729123  -40  0
4.144816088867  -40  0
