0.128854386182394  -38.5  -8.9375
0.110446616727766  -38.5  13
0.147262155637022  -38.5  -8.9375
0.110446616727766  -38.5  11.75
0.0951068088489097  -38.5  19.5
0.141126232485479  -38.5  0
0.116582539879309  -38.5  20.75
0.134990309333936  -38.5  -1.1875
0.147262155637022  -38.5  -4.0625
0.113514578303537  -38.5  14.1875
0.147262155637022  -38.5  4.0625
0.113514578303537  -38.5  15
0.147262155637022  -38.5  -4.0625
0.116582539879309  -38.5  11.75
0.147262155637022  -38.5  -8.9375
0.110446616727766  -38.5  18.25
0.159534001940107  -38.5  -17.0625
0.147262155637022  -38.5  -8.9375
0.122718463030851  -38.5  13
0.147262155637022  -38.5  -13
3.28578684765104  -38.5  -5.25
0.0951068088489097  -38.5  13
0.122718463030851  -38.5  -8.9375
0.128854386182394  -38.5  -8.9375
0.0951068088489097  -38.5  11.75
0.128854386182394  -38.5  -4.0625
0.110446616727766  -38.5  13
0.101242732000452  -38.5  11.75
0.147262155637022  -38.5  -21.9375
0.141126232485479  -38.5  -17.0625
0.122718463030851  -38.5  -13
0.116582539879309  -38.5  -8.9375
0.0889708856973672  -38.5  14.1875
0.0920388472731385  -38.5  16.25
0.0951068088489097  -38.5  14.1875
0.134990309333936  -38.5  -13
0.128854386182394  -38.5  -8.9375
0.0951068088489097  -38.5  14.1875
0.141126232485479  -38.5  -26
0.0828349625458246  -38.5  14.1875
0.122718463030851  -38.5  -8.9375
0.141126232485479  -38.5  -21.9375
0.0951068088489097  -38.5  13
3.26431111662064  -38.5  -3.25
0.134990309333936  -38.5  -17.0625
0.0920388472731385  -38.5  14.1875
0.128854386182394  -38.5  -8.9375
0.128854386182394  -38.5  -13
0.128854386182394  -38.5  -8.9375
0.101242732000452  -38.5  11.75
0.122718463030851  -38.5  -8.9375
0.128854386182394  -38.5  -13
0.122718463030851  -38.5  0
0.0828349625458246  -38.5  15
0.116582539879309  -38.5  -4.0625
0.098174770424681  -38.5  11.75
0.128854386182394  -38.5  -17.0625
0.134990309333936  -38.5  -13
0.098174770424681  -38.5  13
0.0920388472731385  -38.5  15
0.134990309333936  -38.5  -13
0.141126232485479  -38.5  -17.0625
0.122718463030851  -38.5  -4.0625
3.27044703977219  -38.5  -5.25
0.098174770424681  -38.5  14.1875
0.116582539879309  -38.5  -4.0625
0.128854386182394  -38.5  -8.9375
0.134990309333936  -38.5  -17.0625
0.122718463030851  -38.5  -4.0625
0.128854386182394  -38.5  -8.9375
0.0920388472731385  -38.5  14.1875
0.122718463030851  -38.5  -8.9375
0.104310693576224  -38.5  10.9375
0.110446616727766  -38.5  3.25
0.122718463030851  -38.5  -4.0625
0.11965050145508  -38.5  2
0.122718463030851  -38.5  -4.0625
0.098174770424681  -38.5  13
0.141126232485479  -38.5  -13
0.128854386182394  -38.5  -13
0.134990309333936  -38.5  -17.0625
0.116582539879309  -38.5  4.0625
0.122718463030851  -38.5  -4.0625
0.122718463030851  -38.5  -4.0625
0.122718463030851  -38.5  -4.0625
0.0951068088489097  -38.5  13
0.128854386182394  -38.5  -13
0.122718463030851  -38.5  -4.0625
0.128854386182394  -38.5  -8.9375
0.116582539879309  -38.5  -4.0625
0.0920388472731385  -38.5  11.75
0.0920388472731385  -38.5  14.1875
0.128854386182394  -38.5  -8.9375
0.107378655151995  -38.5  3.25
0.0951068088489097  -38.5  14.1875
0.098174770424681  -38.5  13
0.098174770424681  -38.5  14.1875
0.134990309333936  -38.5  -13
0.098174770424681  -38.5  11.75
0.122718463030851  -38.5  -4.0625
0.134990309333936  -38.5  -13
0.141126232485479  -38.5  -17.0625
0.0920388472731385  -38.5  13
0.116582539879309  -38.5  0
0.11965050145508  -38.5  -1.1875
0.128854386182394  -38.5  -8.9375
0.141126232485479  -38.5  -17.0625
0.0889708856973672  -38.5  10.9375
0.0951068088489097  -38.5  15
0.0920388472731385  -38.5  13
0.128854386182394  -38.5  -13
0.122718463030851  -38.5  -8.9375
0.128854386182394  -38.5  -4.0625
0.128854386182394  -38.5  -13
0.122718463030851  -38.5  -8.9375
0.128854386182394  -38.5  -4.0625
0.122718463030851  -38.5  -13
0.128854386182394  -38.5  -13
0.116582539879309  -38.5  -8.9375
0.116582539879309  -38.5  0
0.122718463030851  -38.5  -13
0.122718463030851  -38.5  -8.9375
0.122718463030851  -38.5  -4.0625
0.0889708856973672  -38.5  11.75
0.128854386182394  -38.5  -8.9375
0.122718463030851  -38.5  -4.0625
0.116582539879309  -38.5  -8.9375
0.141126232485479  -38.5  -13
0.0859029241215959  -38.5  16.25
0.104310693576224  -38.5  4.0625
0.0889708856973672  -38.5  13
0.128854386182394  -38.5  -8.9375
