4.76761228874857  -47  9.75
4.77988413505166  -46.5  4.4375
4.77374821190012  -46.5  8.5
1.66283517406803  -47  -26
4.77681617347589  -46.5  6.5
4.77988413505166  -46.5  4.4375
1.62908759673455  -46.5  7.6875
1.61067982727992  -46.5  19.5
4.77068025032434  -47  10.9375
4.77374821190012  -46.5  9.75
4.7645443271728  -46.5  15
4.77988413505166  -46.5  7.6875
1.61067982727992  -46.5  18.25
1.64442740461341  -47  -13
4.77068025032434  -46.5  9.75
4.77374821190012  -46.5  5.25
4.76147636559703  -46.5  14.1875
4.7860200582032  -46.5  7.6875
4.75534044244549  -46.5  15
4.77681617347589  -46.5  8.5
4.7860200582032  -46.5  4.4375
4.76761228874857  -47  13
4.77681617347589  -47  9.75
1.63215555831032  -46.5  0
1.62601963515878  -46.5  8.5
1.63829148146186  -46.5  -8.9375
1.65056332776495  -47  -8.9375
4.7860200582032  -46.5  3.25
1.58920409624952  -46.5  26
4.77374821190012  -46.5  9.75
1.65056332776495  -47  -13
4.77374821190012  -46.5  11.75
1.63829148146186  -47  -13
4.77374821190012  -47  5.25
1.63829148146186  -47  -8.9375
4.77068025032434  -47  3.25
4.76147636559703  -47  10.9375
4.77988413505166  -47  1.1875
4.76761228874857  -47  7.6875
4.76147636559703  -47  8.5
4.75534044244549  -47  10.9375
1.64442740461341  -47  -4.0625
4.77681617347589  -47  6.5
1.64442740461341  -47  -13
1.63215555831032  -47  -4.0625
4.76761228874857  -47  9.75
4.76761228874857  -47  11.75
4.75227248086972  -47  16.25
4.75840840402126  -47  11.75
4.76761228874857  -47  8.5
4.77681617347589  -47  3.25
1.64442740461341  -47  -26
4.77374821190012  -47  4.4375
4.75534044244549  -47  7.6875
1.65056332776495  -47  -17.0625
4.7430685961424  -47  20.75
4.75840840402126  -47  10.9375
1.64442740461341  -47  -30.0625
1.61374778885569  -47  13
1.61067982727992  -47  16.25
4.76147636559703  -47  9.75
1.61988371200724  -47  6.5
1.65056332776495  -47  -13
1.63829148146186  -47  -4.0625
4.75840840402126  -47  10.9375
4.75227248086972  -47  14.1875
4.77988413505166  -47  3.25
4.75227248086972  -47  15
4.77681617347589  -47  4.4375
1.63215555831032  -47  -13
1.66283517406803  -47  -30.0625
4.7645443271728  -47  5.25
4.78295209662743  -47  0
4.77068025032434  -47  7.6875
1.63215555831032  -47  -8.9375
4.75534044244549  -47  10.9375
4.76761228874857  -47  8.5
4.77068025032434  -47  11.75
1.63829148146186  -47  -13
4.76761228874857  -47  8.5
1.60454390412838  -47  18.25
1.60761186570415  -47  16.25
4.76761228874857  -47  8.5
4.78295209662743  -47  -1.1875
1.63215555831032  -47  -13
4.7645443271728  -47  11.75
1.64442740461341  -47  -21.9375
4.7645443271728  -47  5.25
1.63829148146186  -47  0
1.65669925091649  -47  -21.9375
1.65056332776495  -47  -17.0625
4.77068025032434  -47  7.6875
1.65056332776495  -47  -26
4.7645443271728  -47  9.75
1.63215555831032  -47  -8.9375
4.7645443271728  -47  11.75
1.63215555831032  -47  0
4.76761228874857  -47  10.9375
4.75534044244549  -47  11.75
4.77374821190012  -47  5.25
4.7645443271728  -47  10.9375
4.77068025032434  -47  2
4.74920451929395  -47  11.75
1.60761186570415  -47  16.25
4.76147636559703  -47  11.75
4.77988413505166  -47  0
4.76761228874857  -47  8.5
4.74000063456663  -47  19.5
1.63215555831032  -47  -13
1.61374778885569  -47  14.1875
1.65056332776495  -47  -21.9375
4.77068025032434  -47  4.4375
1.65056332776495  -47  -17.0625
1.63829148146186  -47  4.0625
1.64442740461341  -47  -4.0625
1.64442740461341  -47  -13
1.61988371200724  -47  4.0625
1.65669925091649  -47  -26
4.7430685961424  -47  18.25
1.65056332776495  -47  -21.9375
4.76147636559703  -47  7.6875
1.63215555831032  -47  -4.0625
4.76147636559703  -47  8.5
4.75227248086972  -46.5  8.5
4.76147636559703  -47  7.6875
4.75227248086972  -47  11.75
4.76761228874857  -47  6.5
1.62601963515878  -47  -8.9375
4.76147636559703  -47  9.75
1.63829148146186  -47  -21.9375
4.75227248086972  -47  13
1.63215555831032  -47  -8.9375
