6.19728238305799  -38  4.4375
6.19114645990645  -38  15
6.21875811408839  -38  5.25
3.07409749892282  -38.5  13
3.08023342207437  -38.5  8.9375
3.08023342207437  -38.5  13
3.08636934522591  -38.5  8.9375
6.21569015251262  -38  4.4375
3.098641191529  -38.5  0
6.22489403723993  -38  7.6875
6.22182607566416  -38  2
3.09250526837745  -38.5  -4.0625
6.21875811408839  -38  3.25
3.09250526837745  -38.5  0
3.09250526837745  -38.5  -4.0625
6.21875811408839  -38  6.5
6.20955422936108  -38  7.6875
3.08023342207437  -38.5  0
6.21569015251262  -38  5.25
6.2279619988157  -38  4.4375
6.21569015251262  -38.5  4.4375
6.20035034463376  -38  10.9375
3.07409749892282  -38  0
6.20341830620953  -38  4.4375
6.19728238305799  -38  4.4375
6.20955422936108  -38  7.6875
6.20035034463376  -38  2
3.07409749892282  -38.5  4.0625
6.20341830620953  -38  7.6875
6.22182607566416  -38  1.1875
6.21262219093685  -38  5.25
3.07409749892282  -38.5  4.0625
6.21569015251262  -38  3.25
6.20035034463376  -38  9.75
6.2064862677853  -38  4.4375
3.08023342207437  -38  -4.0625
6.21262219093685  -38  2
3.06182565261974  -38.5  4.0625
6.21875811408839  -38  1.1875
3.06182565261974  -38.5  0
6.21569015251262  -38  -1.1875
6.20341830620953  -38  8.5
6.21262219093685  -38  3.25
6.2064862677853  -38  7.6875
3.06796157577128  -38.5  8.9375
6.2064862677853  -38  8.5
6.21875811408839  -38  2
6.22489403723993  -38  0
6.2064862677853  -38  7.6875
6.19421442148222  -38  7.6875
6.18807849833068  -38  8.5
6.19421442148222  -38  4.4375
6.18807849833068  -38  7.6875
6.18501053675491  -38  10.9375
6.20341830620953  -38  9.75
6.20341830620953  -38  5.25
3.06182565261974  -38.5  17.0625
6.20955422936108  -38  2
6.20955422936108  -38  5.25
6.21875811408839  -38  8.5
6.2064862677853  -38  10.9375
6.20341830620953  -38  10.9375
6.2064862677853  -38  8.5
6.2279619988157  -38  -2
6.20955422936108  -38  8.5
6.20955422936108  -38  9.75
6.20035034463376  -38  11.75
3.08023342207437  -38.5  4.0625
6.19421442148222  -38  7.6875
6.20035034463376  -38  10.9375
6.2064862677853  -38  6.5
3.06796157577128  -38  4.0625
6.2064862677853  -38  8.5
6.2064862677853  -38  9.75
6.20341830620953  -38  7.6875
6.22489403723993  -38  3.25
6.19728238305799  -38  8.5
3.06182565261974  -38.5  4.0625
6.21262219093685  -38  4.4375
3.08023342207437  -38.5  0
6.2064862677853  -38  5.25
6.20035034463376  -38  6.5
3.06796157577128  -38.5  4.0625
6.19728238305799  -38  9.75
6.2064862677853  -38  3.25
6.20341830620953  -38  5.25
6.20035034463376  -38  7.6875
6.19728238305799  -38  4.4375
6.19728238305799  -38  7.6875
6.19114645990645  -38  6.5
6.18807849833068  -38  7.6875
6.19421442148222  -38  8.5
6.20955422936108  -38  2
6.19728238305799  -38  8.5
6.19421442148222  -38  8.5
6.20955422936108  -38  4.4375
6.21262219093685  -38  3.25
6.19421442148222  -38  2
6.21875811408839  -38  0
6.20035034463376  -38  1.1875
6.20341830620953  -38  11.75
6.21569015251262  -38  0
6.20341830620953  -38  7.6875
6.21875811408839  -38  2
6.22182607566416  -38  1.1875
6.20035034463376  -38  8.5
6.21875811408839  -38  1.1875
6.19728238305799  -38  1.1875
6.20035034463376  -38  7.6875
6.20035034463376  -38  3.25
6.19421442148222  -38  7.6875
6.21569015251262  -38  0
6.2064862677853  -38  4.4375
6.19728238305799  -38  4.4375
6.20955422936108  -38  5.25
3.07409749892282  -38.5  -4.0625
3.06796157577128  -38  4.0625
6.19421442148222  -38  6.5
6.2064862677853  -38  2
6.19728238305799  -38  2
6.20341830620953  -38  6.5
6.20341830620953  -38  5.25
3.04955380631665  -38.5  13
6.19114645990645  -38  9.75
6.18807849833068  -38  8.5
3.06796157577128  -38  -4.0625
6.18807849833068  -38  6.5
6.18194257517913  -38  7.6875
6.17887461360336  -38  4.4375
6.18194257517913  -38  3.25
6.17887461360336  -38.5  7.6875
6.20341830620953  -38.5  2
