0.806873894427847  -39  -3.25
3.94539858644187  -39  8.9375
0.81300981757939  -39  -4.4375
0.816077779155161  -39  -3.25
0.809941856003619  -39  0
3.94539858644187  -38.5  8.9375
0.791534086548991  -38.5  -1.1875
0.791534086548991  -39  1.1875
3.93312674013878  -39  4.0625
0.791534086548991  -39  -1.1875
3.92699081698724  -39  0
3.9208548938357  -39  13
3.92699081698724  -39  4.0625
3.94539858644187  -39  -13
3.92699081698724  -39  8.9375
3.9208548938357  -39  4.0625
0.754718547639735  -39  16.25
0.794602048124762  -38.5  -1.1875
0.794602048124762  -38.5  -2
0.797670009700533  -38.5  -4.4375
3.92699081698724  -39  4.0625
3.92699081698724  -39  4.0625
3.91471897068416  -39  17.0625
0.782330201821677  -39  0
0.782330201821677  -38.5  -1.1875
0.785398163397448  -38.5  0
3.9208548938357  -39  -4.0625
0.782330201821677  -39  -2
3.93312674013878  -39  -13
0.782330201821677  -39  1.1875
3.9208548938357  -39  0
3.92699081698724  -39  -4.0625
0.779262240245906  -39  1.1875
3.92699081698724  -39  0
3.91471897068416  -39  4.0625
3.9208548938357  -39  0
0.779262240245906  -39  0
3.93312674013878  -39  -8.9375
3.93312674013878  -39  0
3.9208548938357  -39  -4.0625
0.751650586063964  -39  13
3.92699081698724  -39  0
0.78846612497322  -38.5  -2
0.785398163397448  -38.5  -3.25
3.92699081698724  -39  -4.0625
3.92699081698724  -39  -4.0625
3.92699081698724  -39  0
0.785398163397448  -38.5  1.1875
0.779262240245906  -38.5  0
3.9208548938357  -39  4.0625
3.89324323965376  -38.5  13
0.791534086548991  -38.5  -1.1875
3.92699081698724  -39  -4.0625
3.93312674013878  -39  -13
3.92699081698724  -39  -4.0625
3.92699081698724  -39  0
3.9208548938357  -39  0
0.794602048124762  -38.5  -1.1875
3.94539858644187  -39  -8.9375
0.785398163397448  -38.5  -2
3.92699081698724  -39  -4.0625
0.782330201821677  -38.5  4.4375
3.93312674013878  -39  -4.0625
3.92699081698724  -39  8.9375
0.78846612497322  -38.5  0
3.90858304753261  -39  21.9375
3.92699081698724  -39  4.0625
3.93926266329033  -39  -8.9375
3.93926266329033  -39  -4.0625
3.93312674013878  -39  0
0.78846612497322  -38.5  0
0.785398163397448  -39  -1.1875
0.757786509215507  -38.5  14.1875
3.92699081698724  -39  4.0625
3.9208548938357  -39  4.0625
3.92699081698724  -39  8.9375
3.93312674013878  -39  -4.0625
0.794602048124762  -38.5  -4.4375
0.797670009700533  -38.5  -4.4375
3.90858304753261  -39  17.0625
3.92699081698724  -39  0
3.92699081698724  -39  4.0625
3.94539858644187  -39  -8.9375
0.791534086548991  -38.5  -1.1875
3.9208548938357  -39  8.9375
0.791534086548991  -38.5  -1.1875
3.92699081698724  -39  4.0625
0.78846612497322  -38.5  -1.1875
0.794602048124762  -38.5  -3.25
3.93926266329033  -39  -8.9375
0.791534086548991  -38.5  1.1875
0.791534086548991  -38.5  0
3.92699081698724  -39  4.0625
0.797670009700533  -39  -2
3.93926266329033  -39  0
0.791534086548991  -38.5  1.1875
3.93926266329033  -39  -4.0625
0.78846612497322  -39  1.1875
0.785398163397448  -39  -1.1875
3.92699081698724  -39  0
0.794602048124762  -38.5  -2
3.92699081698724  -39  4.0625
0.763922432367049  -38.5  13
3.95153450959341  -39  -13
3.92699081698724  -39  13
3.93926266329033  -39  4.0625
0.797670009700533  -38.5  -2
3.93312674013878  -39  8.9375
3.93926266329033  -39  4.0625
3.92699081698724  -39  4.0625
3.93312674013878  -39  0
3.93926266329033  -39  -8.9375
3.91471897068416  -39  21.9375
0.794602048124762  -38.5  -1.1875
3.9208548938357  -39  17.0625
3.92699081698724  -39  8.9375
3.93312674013878  -39  8.9375
3.92699081698724  -39  4.0625
3.92699081698724  -39  8.9375
3.93926266329033  -39  0
3.94539858644187  -39  -13
3.92699081698724  -39  0
3.92699081698724  -39  0
3.92699081698724  -39  0
3.93926266329033  -39  -4.0625
3.92699081698724  -39  4.0625
3.91471897068416  -39  8.9375
3.90244712438107  -38.5  7.6875
3.92699081698724  -39  4.0625
0.773126317094363  -39  3.25
3.93926266329033  -39  0
0.791534086548991  -38.5  -1.1875
