5.29223371820546  -42.5  1.1875
5.29530167978123  -42.5  1.1875
2.15984494934298  -42  4.0625
5.29223371820546  -42.5  8.5
5.29223371820546  -42.5  6.5
5.29530167978123  -42.5  3.25
2.15370902619144  -42.5  17.0625
5.28609779505392  -42.5  11.75
2.17825271879761  -42.5  -6.5
5.28916575662969  -42.5  4.4375
2.17825271879761  -42.5  -4.0625
5.29530167978123  -42.5  5.25
2.1475731030399  -42  4.0625
2.13530125673681  -42.5  13
5.28916575662969  -42.5  3.25
5.298369641357  -42.5  -2
5.27075798717506  -42.5  9.75
2.16598087249453  -42  0
5.27689391032661  -42.5  3.25
2.12916533358527  -42.5  17.0625
5.27075798717506  -42.5  8.5
2.15984494934298  -42  -4.0625
5.27382594875083  -42.5  8.5
5.27689391032661  -42.5  9.75
2.1475731030399  -42.5  4.0625
2.14143717988836  -42  8.9375
2.12916533358527  -42  13
5.27075798717506  -42.5  8.5
2.15984494934298  -42  -4.0625
5.28916575662969  -42.5  2
2.14143717988836  -42.5  17.0625
5.27689391032661  -42.5  6.5
2.15370902619144  -42  0
5.27996187190238  -42.5  6.5
5.27382594875083  -42.5  10.9375
2.13530125673681  -42  17.0625
2.14143717988836  -42  17.0625
5.27996187190238  -42.5  8.5
2.1475731030399  -42.5  4.0625
5.28302983347815  -42.5  7.6875
2.13530125673681  -42  8.9375
2.11689348728218  -42.5  14.1875
2.14143717988836  -42  8.9375
2.12916533358527  -42.5  13
5.27996187190238  -42.5  1.1875
2.13530125673681  -42  8.9375
5.26769002559929  -42.5  8.5
2.13530125673681  -42  13
2.13530125673681  -42.5  0
2.14143717988836  -42  17.0625
5.28916575662969  -42.5  -4.4375
2.1475731030399  -42  4.0625
2.12302941043373  -42.5  13
2.13530125673681  -42.5  8.9375
2.13530125673681  -42.5  4.0625
5.27689391032661  -42.5  5.25
2.13530125673681  -42.5  13
5.26462206402352  -42.5  11.75
2.15370902619144  -42.5  -4.0625
2.13223329516104  -42.5  11.75
2.12916533358527  -42  17.0625
2.14143717988836  -42  8.9375
2.13530125673681  -42  13
2.13530125673681  -42.5  13
2.1475731030399  -42.5  4.0625
2.1475731030399  -42.5  0
5.27689391032661  -42.5  5.25
2.12916533358527  -42  17.0625
2.13530125673681  -42.5  13
2.14143717988836  -42.5  13
2.1475731030399  -42  8.9375
5.27075798717506  -42.5  4.4375
5.27689391032661  -42.5  5.25
2.13530125673681  -42.5  13
5.27382594875083  -42.5  8.5
2.12916533358527  -42.5  13
2.15370902619144  -42.5  -4.0625
5.26769002559929  -42.5  8.5
2.12916533358527  -42  13
5.26769002559929  -42.5  6.5
2.12916533358527  -42.5  13
5.26769002559929  -42.5  6.5
2.13530125673681  -42.5  13
2.12916533358527  -42  17.0625
5.27996187190238  -42.5  7.6875
2.13530125673681  -42.5  13
2.15370902619144  -42  0
5.27382594875083  -42.5  8.5
5.27996187190238  -42.5  7.6875
2.1475731030399  -42.5  4.0625
2.13530125673681  -42  8.9375
5.27996187190238  -42.5  6.5
2.12916533358527  -42.5  11.75
2.13530125673681  -42  8.9375
5.26769002559929  -42.5  14.1875
5.26462206402352  -42.5  8.5
2.14143717988836  -42  4.0625
2.12916533358527  -42  8.9375
2.13530125673681  -42.5  2
5.27996187190238  -42.5  7.6875
2.14143717988836  -42  13
5.27689391032661  -42.5  8.5
5.27075798717506  -42.5  9.75
2.14143717988836  -42  13
2.12916533358527  -42.5  17.0625
5.27689391032661  -42.5  7.6875
2.13530125673681  -42  21.9375
5.27382594875083  -42.5  6.5
2.13530125673681  -42  17.0625
2.13223329516104  -42.5  11.75
2.12302941043373  -42.5  21.9375
5.28302983347815  -42.5  6.5
2.14143717988836  -42.5  4.0625
5.27075798717506  -42.5  4.4375
2.13530125673681  -42.5  13
5.27689391032661  -42.5  5.25
5.27382594875083  -42.5  8.5
2.15984494934298  -42  0
5.27075798717506  -42.5  7.6875
2.15370902619144  -42  13
5.26462206402352  -42.5  13
2.13530125673681  -42.5  13
5.27689391032661  -42.5  4.4375
2.14143717988836  -42  17.0625
5.28609779505392  -42.5  6.5
2.14143717988836  -42  17.0625
2.12302941043373  -42.5  26
2.1475731030399  -42  4.0625
2.12916533358527  -42  8.9375
5.25541817929621  -42.5  17.4375
2.13530125673681  -42.5  13
5.27382594875083  -42.5  9.75
