6.09603965105754  -39.5  11.75
6.09910761263331  -39.5  13
6.12978722839102  -39.5  -13
6.13592315154256  -39.5  -13
6.10217557420908  -39.5  17.4375
6.11137945893639  -39.5  13
6.12978722839102  -39.5  -13
6.10524353578485  -39.5  15
6.12671926681525  -39.5  2
6.10831149736062  -39.5  13
6.11137945893639  -39.5  15
6.11137945893639  -39.5  16.25
6.10831149736062  -39.5  11.75
6.13592315154256  -39.5  4.4375
6.11137945893639  -39.5  15
6.09603965105754  -39.5  18.25
6.12058334366371  -39.5  13
6.10831149736062  -39.5  17.4375
2.99739845952854  -39.5  1.1875
6.13592315154256  -39.5  -17.0625
6.12365130523948  -39.5  10.9375
6.14205907469411  -39.5  3.25
6.12058334366371  -39.5  14.1875
3.00660234425586  -39.5  -1.1875
6.12058334366371  -39.5  9.75
6.10831149736062  -39.5  15
6.10831149736062  -39.5  14.1875
6.14819499784565  -39.5  -17.0625
6.11444742051217  -39.5  15
6.09603965105754  -39.5  14.1875
6.10524353578485  -39.5  -4.0625
2.98205865164969  -39.5  -2
6.12978722839102  -39.5  -26
6.09297168948177  -39.5  14.1875
6.09910761263331  -39.5  13
6.09297168948177  -39.5  4.0625
6.089903727906  -39.5  16.25
6.11444742051217  -39.5  -2
6.10524353578485  -39.5  -13
6.10524353578485  -39.5  -8.9375
6.09910761263331  -39.5  11.75
6.08683576633022  -39.5  21.5625
6.10524353578485  -39.5  -4.0625
6.089903727906  -39.5  13
6.089903727906  -39.5  18.25
6.08376780475445  -39.5  15
6.09297168948177  -39.5  14.1875
2.98205865164969  -39.5  -2
6.09297168948177  -39.5  15
2.97899069007392  -39.5  1.1875
6.08683576633022  -39.5  15
6.08683576633022  -39.5  16.25
6.09603965105754  -39.5  15
6.08683576633022  -39.5  15
6.08376780475445  -39.5  18.25
6.09910761263331  -39.5  -8.9375
6.10524353578485  -39.5  -13
6.12365130523948  -39.5  -17.0625
6.10524353578485  -39.5  4.0625
6.09297168948177  -39.5  11.75
6.11137945893639  -39.5  0
6.089903727906  -39.5  14.1875
6.08069984317868  -39.5  16.25
6.10524353578485  -39.5  -4.0625
6.08683576633022  -39.5  17.4375
6.11137945893639  -39.5  -13
6.089903727906  -39.5  10.9375
6.09297168948177  -39.5  14.1875
6.09297168948177  -39.5  11.75
6.089903727906  -39.5  15
6.09910761263331  -39.5  13
6.11137945893639  -39.5  2
6.09603965105754  -39.5  14.1875
2.98512661322546  -39.5  -3.25
6.10524353578485  -39.5  -4.0625
6.09297168948177  -39.5  14.1875
6.09297168948177  -39.5  13
6.10524353578485  -39.5  4.4375
6.08683576633022  -39.5  15
2.98205865164969  -39.5  -2
6.08683576633022  -39.5  21.5625
6.10524353578485  -39.5  -4.0625
6.10831149736062  -39.5  3.25
6.09297168948177  -39.5  0
6.08683576633022  -39.5  17.4375
6.089903727906  -39.5  15
6.08376780475445  -39.5  14.1875
6.08069984317868  -39.5  18.25
6.089903727906  -39.5  14.1875
6.10524353578485  -39.5  -8.9375
6.09297168948177  -39.5  18.25
2.98512661322546  -39.5  0
6.09297168948177  -39.5  11.75
2.98819457480123  -39.5  -2
6.089903727906  -39.5  14.1875
6.11137945893639  -39.5  5.25
6.10217557420908  -39.5  15
6.08069984317868  -39.5  15
6.12365130523948  -39.5  -17.0625
6.09910761263331  -39.5  11.75
6.08376780475445  -39.5  16.25
6.09603965105754  -39.5  11.75
6.09297168948177  -39.5  14.1875
6.09910761263331  -39.5  14.1875
6.09603965105754  -39.5  14.1875
6.09910761263331  -39.5  4.0625
6.10217557420908  -39.5  13
6.09297168948177  -39.5  13
6.11137945893639  -39.5  -8.9375
6.10524353578485  -39.5  -13
6.09297168948177  -39.5  11.75
6.08683576633022  -39.5  17.4375
6.11137945893639  -39.5  -13
6.09297168948177  -39.5  0
6.08683576633022  -39.5  17.4375
6.10831149736062  -39.5  1.1875
6.07763188160291  -39.5  16.25
6.11751538208794  -39.5  -13
6.09603965105754  -39.5  11.75
6.089903727906  -39.5  14.1875
6.09603965105754  -39.5  10.9375
6.11751538208794  -39.5  -21.9375
6.089903727906  -39.5  15
6.10831149736062  -39.5  1.1875
6.09297168948177  -39.5  -4.0625
6.07456392002714  -39.5  18.25
6.07763188160291  -39.5  14.1875
6.08683576633022  -39.5  14.1875
6.08683576633022  -39.5  10.9375
6.089903727906  -39.5  11.75
6.08376780475445  -39.5  16.25
6.08376780475445  -39.5  14.1875
