5.91502991808703  -42  5.25
2.74275764873953  -42  26
5.92423380281435  -42  2
2.74889357189107  -42  21.9375
5.93036972596589  -42  4.4375
5.93036972596589  -42  3.25
2.76116541819415  -42  8.9375
5.92423380281435  -42  5.25
5.91502991808703  -42  10.9375
2.77957318764878  -41.5  8.9375
5.93343768754166  -42  6.5
2.76116541819415  -41.5  17.0625
5.92423380281435  -42  9.75
5.92423380281435  -42  7.6875
2.7673013413457  -42  17.0625
5.90275807178395  -42  7.6875
5.89355418705663  -42  5.25
2.74889357189107  -42  13
2.7243498792849  -42  20.75
2.74889357189107  -41.5  13
5.92423380281435  -42  1.1875
2.75502949504261  -42  0
5.8966221486324  -42  6.5
2.74889357189107  -41.5  13
5.90275807178395  -42  9.75
2.74889357189107  -41.5  13
2.73662172558798  -42  26
2.7243498792849  -42  17.0625
5.91502991808703  -42  5.25
2.75502949504261  -41.5  8.9375
2.76116541819415  -41.5  8.9375
2.74275764873953  -41.5  26
5.92116584123858  -42  1.1875
2.7673013413457  -41.5  -4.0625
5.89969011020818  -42  9.75
2.74889357189107  -41.5  13
5.90275807178395  -42  9.75
2.73662172558798  -41.5  30.0625
5.91502991808703  -42  6.5
5.90275807178395  -42  8.5
2.75502949504261  -41.5  13
5.89969011020818  -42  7.6875
5.8966221486324  -42  8.5
2.74889357189107  -42  13
5.89048622548086  -42  9.75
2.74275764873953  -42  13
2.74889357189107  -41.5  8.9375
5.90582603335972  -42  5.25
5.88741826390509  -42  8.5
2.73662172558798  -41.5  17.0625
5.91196195651126  -42  3.25
5.8966221486324  -42  2
2.74275764873953  -41.5  8.9375
2.74275764873953  -42  0
2.73662172558798  -42  17.0625
5.89048622548086  -42  9.75
5.89969011020818  -42  9.75
5.89355418705663  -42  9.75
2.74275764873953  -41.5  13
2.74275764873953  -41.5  13
2.73662172558798  -41.5  21.9375
5.88128234075355  -42  14.1875
2.74275764873953  -41.5  8.9375
2.75502949504261  -41.5  8.9375
5.89355418705663  -42  9.75
2.7243498792849  -41.5  30.0625
2.7243498792849  -41.5  30.0625
5.88741826390509  -42  10.9375
2.74889357189107  -41.5  17.0625
5.89969011020818  -42  6.5
5.89355418705663  -42  8.5
2.74889357189107  -41.5  8.9375
2.75502949504261  -41.5  8.9375
5.89969011020818  -42  7.6875
5.88435030232932  -42  15
2.74889357189107  -42  4.0625
2.75502949504261  -41.5  8.9375
5.9180978796628  -42  1.1875
5.8966221486324  -42  8.5
2.74275764873953  -42  17.0625
5.90889399493549  -42  6.5
2.73662172558798  -42  8.9375
2.75502949504261  -41.5  13
2.74275764873953  -41.5  17.0625
5.88741826390509  -42  10.9375
2.74889357189107  -41.5  8.9375
5.89048622548086  -42  9.75
2.73662172558798  -41.5  13
5.89969011020818  -42  2
2.74889357189107  -42  4.0625
2.74889357189107  -42  -4.0625
2.74889357189107  -42  8.9375
2.74275764873953  -41.5  13
2.74275764873953  -42  4.0625
5.90582603335972  -42  5.25
2.75502949504261  -41.5  8.9375
5.8966221486324  -42  4.4375
5.89969011020818  -42  6.5
2.76116541819415  -41.5  0
5.90889399493549  -42  6.5
5.90889399493549  -42  4.4375
2.74275764873953  -42  13
2.74275764873953  -41.5  13
2.75502949504261  -41.5  8.9375
2.73662172558798  -42  4.0625
2.74275764873953  -42  13
5.91196195651126  -42  8.5
2.73662172558798  -42  21.9375
5.8966221486324  -42  8.5
2.74275764873953  -41.5  13
5.89355418705663  -42  3.25
2.74275764873953  -41.5  17.0625
2.74275764873953  -42  21.9375
5.91502991808703  -42  4.4375
5.91196195651126  -42  4.4375
5.89355418705663  -42  8.5
5.89355418705663  -42  13
2.75502949504261  -42  8.9375
5.8966221486324  -42  6.5
2.74889357189107  -42  17.0625
2.74275764873953  -41.5  13
2.76116541819415  -41.5  4.0625
5.90275807178395  -42  8.5
2.76116541819415  -41.5  -4.0625
5.91502991808703  -42  6.5
5.90889399493549  -42  4.4375
2.74889357189107  -42  8.9375
5.88741826390509  -42  14.1875
2.73662172558798  -42  13
5.88741826390509  -42  11.75
5.90889399493549  -42  6.5
2.74275764873953  -42  8.9375
