3.29499073237836  -38.5  -4.4375
0.138058270909708  -38.5  11.75
0.171805848243192  -38.5  -8.9375
0.134990309333936  -38.5  15
0.150330117212793  -38.5  2
0.171805848243192  -38.5  4.0625
0.165669925091649  -38.5  -4.0625
0.171805848243192  -38.5  0
0.162601963515878  -38.5  -1.1875
0.171805848243192  -38.5  0
0.165669925091649  -38.5  0
0.150330117212793  -38.5  10.9375
0.128854386182394  -38.5  10.9375
0.147262155637022  -38.5  -4.0625
0.125786424606623  -38.5  11.75
0.153398078788564  -38.5  -4.0625
0.153398078788564  -38.5  0
0.165669925091649  -38.5  -13
0.125786424606623  -38.5  11.75
0.128854386182394  -38.5  14.1875
0.128854386182394  -38.5  15
0.147262155637022  -38.5  4.0625
3.27658296292373  -38.5  4.4375
0.159534001940107  -38.5  -4.0625
0.116582539879309  -38.5  15
0.190213617697819  -38.5  -26
0.165669925091649  -38.5  -13
0.116582539879309  -38.5  13
0.131922347758165  -38.5  13
0.147262155637022  -38.5  -4.0625
0.125786424606623  -38.5  11.75
0.159534001940107  -38.5  -8.9375
0.131922347758165  -38.5  10.9375
0.165669925091649  -38.5  -17.0625
0.131922347758165  -38.5  10.9375
0.11965050145508  -38.5  14.1875
0.131922347758165  -38.5  11.75
0.125786424606623  -38.5  15
0.153398078788564  -38.5  0
0.125786424606623  -38.5  14.1875
0.128854386182394  -38.5  14.1875
0.125786424606623  -38.5  10.9375
0.125786424606623  -38.5  13
0.171805848243192  -38.5  -13
3.3011266555299  -38.5  -4.4375
0.122718463030851  -38.5  13
0.159534001940107  -38.5  -4.0625
0.128854386182394  -38.5  10.9375
0.125786424606623  -38.5  13
0.125786424606623  -38.5  13
0.171805848243192  -38.5  -8.9375
0.122718463030851  -38.5  14.1875
0.128854386182394  -38.5  13
0.159534001940107  -38.5  -8.9375
3.30419461710567  -38.5  -5.25
0.128854386182394  -38.5  11.75
3.30419461710567  -38.5  -1.1875
0.159534001940107  -38.5  -4.0625
0.156466040364335  -38.5  0
0.125786424606623  -38.5  15
0.165669925091649  -38.5  -17.0625
0.110446616727766  -38.5  18.25
0.125786424606623  -38.5  15
0.138058270909708  -38.5  11.75
0.171805848243192  -38.5  -17.0625
0.171805848243192  -38.5  -8.9375
0.177941771394734  -38.5  -8.9375
0.134990309333936  -38.5  15
0.184077694546277  -38.5  -13
0.147262155637022  -38.5  10.9375
0.196349540849362  -38.5  -17.0625
0.171805848243192  -38.5  0
0.171805848243192  -38.5  -4.0625
0.184077694546277  -38.5  4.0625
0.156466040364335  -38.5  11.75
0.165669925091649  -38.5  8.9375
0.177941771394734  -38.5  0
0.171805848243192  -38.5  0
0.184077694546277  -38.5  -17.0625
0.190213617697819  -38.5  -8.9375
0.190213617697819  -38.5  -13
0.177941771394734  -38.5  -4.0625
0.184077694546277  -38.5  -8.9375
0.171805848243192  -38.5  0
0.141126232485479  -38.5  14.1875
0.141126232485479  -38.5  11.75
0.131922347758165  -38.5  15
0.134990309333936  -38.5  16.25
0.141126232485479  -38.5  13
3.30726257868144  -38.5  1.1875
0.141126232485479  -38.5  11.75
0.150330117212793  -38.5  13
0.177941771394734  -38.5  -4.0625
0.165669925091649  -38.5  0
0.184077694546277  -38.5  -17.0625
0.131922347758165  -38.5  15
0.159534001940107  -38.5  0
0.171805848243192  -38.5  -8.9375
0.153398078788564  -38.5  4.0625
0.171805848243192  -38.5  -13
0.110446616727766  -38.5  24
0.153398078788564  -38.5  0
0.159534001940107  -38.5  -4.0625
0.153398078788564  -38.5  -4.0625
3.2796509244995  -38.5  2
0.116582539879309  -38.5  16.25
0.128854386182394  -38.5  14.1875
0.165669925091649  -38.5  -17.0625
0.125786424606623  -38.5  10.9375
0.122718463030851  -38.5  11.75
0.147262155637022  -38.5  0
0.11965050145508  -38.5  20.75
0.125786424606623  -38.5  9.75
0.122718463030851  -39  13
0.134990309333936  -39  0
0.11965050145508  -39  13
0.165669925091649  -38.5  -21.9375
0.110446616727766  -39  13
0.107378655151995  -39  14.1875
0.113514578303537  -39  11.75
0.138058270909708  -39  -2
0.122718463030851  -39  9.75
0.122718463030851  -39  8.5
0.104310693576224  -39  13
0.159534001940107  -39  -21.9375
0.141126232485479  -39  -8.9375
0.147262155637022  -38.5  0
0.147262155637022  -38.5  -8.9375
3.28885480922681  -39  -5.25
0.165669925091649  -38.5  -17.0625
0.122718463030851  -39  3.25
0.147262155637022  -38.5  -4.0625
