1.66897109721958  -45  -8.9375
4.79829190450629  -44.5  10.9375
1.65056332776495  -44.5  15
1.65056332776495  -44.5  17.4375
4.8074957892336  -44.5  3.25
4.82590355868823  -44.5  1.1875
4.81976763553668  -44.5  5.25
1.70578663612883  -45  -21.9375
4.828971520264  -44.5  -1.1875
4.79829190450629  -44.5  16.25
1.68737886667421  -45  -13
1.64135944303764  -45  19.5
4.79829190450629  -45  9.75
1.62601963515878  -45  24
1.69351478982575  -45  -17.0625
4.80442782765783  -45  6.5
1.65056332776495  -44.5  15
4.80442782765783  -45  7.6875
1.70578663612883  -45  -21.9375
4.77988413505166  -45  11.75
1.66897109721958  -44.5  0
4.81056375080937  -44.5  4.4375
1.67510702037112  -45  -13
1.65056332776495  -44.5  9.75
4.77988413505166  -45  16.25
4.8074957892336  -44.5  5.25
1.67510702037112  -44.5  -17.0625
4.78908801977897  -45  10.9375
4.80442782765783  -44.5  3.25
1.66897109721958  -44.5  0
1.62295167358301  -44.5  21.5625
4.79215598135474  -44.5  8.5
4.81056375080937  -44.5  3.25
4.80135986608206  -44.5  6.5
4.82283559711246  -44.5  -2
4.79522394293051  -45  10.9375
4.80135986608206  -45  9.75
4.81363171238514  -45  4.4375
1.65669925091649  -45  16.25
4.81669967396091  -45  2
1.69965071297729  -44.5  -13
1.70578663612883  -44.5  -17.0625
4.81056375080937  -45  5.25
4.82283559711246  -45  -2
4.81976763553668  -45  2
4.81669967396091  -45  1.1875
1.69351478982575  -44.5  -8.9375
4.80442782765783  -45  7.6875
4.78908801977897  -44.5  13
1.69351478982575  -44.5  -17.0625
4.79522394293051  -45  11.75
1.68737886667421  -45  -17.0625
4.81056375080937  -45  3.25
4.81056375080937  -44.5  6.5
1.64135944303764  -44.5  15
1.69351478982575  -44.5  -13
4.81056375080937  -44.5  1.1875
1.65056332776495  -44.5  7.6875
4.79522394293051  -44.5  8.5
4.8074957892336  -44.5  -2
1.63522351988609  -44.5  8.5
4.79522394293051  -44.5  2
4.77988413505166  -44.5  10.9375
1.65056332776495  -45  -13
4.77681617347589  -44.5  10.9375
4.77988413505166  -44.5  6.5
1.61988371200724  -44.5  19.5
1.65669925091649  -44.5  -13
4.78908801977897  -44.5  4.4375
1.63215555831032  -45  9.75
4.77068025032434  -45  13
1.64135944303764  -44.5  5.25
1.66897109721958  -45  -21.9375
4.76761228874857  -44.5  7.6875
1.62601963515878  -44.5  11.75
4.77988413505166  -44.5  4.4375
4.79829190450629  -44.5  -3.25
4.78908801977897  -44.5  4.4375
4.77988413505166  -44.5  9.75
1.68124294352266  -44.5  -26
4.79215598135474  -44.5  2
4.77681617347589  -44.5  5.25
4.77988413505166  -44.5  4.4375
4.77988413505166  -44.5  6.5
1.68737886667421  -45  -30.0625
1.66283517406803  -44.5  -13
1.66283517406803  -45  -21.9375
4.77374821190012  -44.5  10.9375
1.66283517406803  -45  -17.0625
4.78908801977897  -44.5  5.25
1.66283517406803  -44.5  -13
1.66897109721958  -45  -21.9375
4.78295209662743  -44.5  11.75
4.79829190450629  -44.5  0
1.63215555831032  -44.5  8.5
4.78295209662743  -44.5  6.5
4.7860200582032  -44.5  3.25
1.62908759673455  -44.5  14.1875
1.62295167358301  -44.5  18.25
4.77988413505166  -44.5  11.75
4.78295209662743  -44.5  9.75
1.62908759673455  -44.5  14.1875
4.75227248086972  -44.5  20.75
4.79215598135474  -44.5  3.25
1.66897109721958  -44.5  -21.9375
4.77988413505166  -44.5  8.5
1.63215555831032  -44.5  14.1875
4.77988413505166  -44.5  7.6875
4.79522394293051  -44.5  -1.1875
4.79522394293051  -44.5  -1.1875
4.78908801977897  -44.5  9.75
4.78295209662743  -44.5  9.75
1.66283517406803  -45  -13
1.67510702037112  -45  -13
4.78295209662743  -44.5  11.75
4.77988413505166  -44.5  10.9375
1.65976721249226  -44.5  -1.1875
1.66283517406803  -45  -8.9375
4.7860200582032  -44.5  4.4375
4.79215598135474  -44.5  11.75
4.80135986608206  -44.5  7.6875
1.69965071297729  -45  -21.9375
4.79829190450629  -44.5  7.6875
4.7860200582032  -45  8.5
1.66283517406803  -44.5  0
4.8074957892336  -44.5  6.5
1.65669925091649  -45  13
1.67510702037112  -45  -4.0625
4.79522394293051  -44.5  9.75
1.68737886667421  -44.5  -13
4.81363171238514  -44.5  3.25
1.66590313564381  -44.5  3.25
