2.73968968716376  -39.5  -2
2.75196153346684  -39.5  -5.25
5.86594253287469  -39.5  14.1875
5.87207845602623  -39.5  14.1875
2.75502949504261  -39.5  1.1875
5.85980660972315  -39.5  16.25
5.86287457129892  -39.5  18.25
5.87821437917778  -39  -8.9375
2.76116541819415  -39.5  -2
5.87207845602623  -39.5  14.1875
5.89355418705663  -39.5  4.4375
5.87207845602623  -39  0
2.73355376401221  -39.5  7.6875
5.86287457129892  -39.5  14.1875
5.88435030232932  -39  -13
5.86594253287469  -39.5  13
5.84446680184429  -39.5  14.1875
5.85980660972315  -39  -4.0625
5.84446680184429  -39.5  19.5
5.86594253287469  -39  -21.9375
5.84446680184429  -39.5  14.1875
5.87821437917778  -39  -26
5.85673864814738  -39.5  4.4375
5.85367068657161  -39  -8.9375
5.85367068657161  -39  -4.0625
5.83833087869275  -39.5  15
5.84446680184429  -39.5  17.4375
2.73662172558798  -39.5  2
2.73662172558798  -39.5  -2
5.84446680184429  -39.5  17.4375
5.84753476342006  -39.5  15
5.84446680184429  -39.5  17.4375
2.70594210983027  -39.5  7.6875
5.84446680184429  -39.5  17.4375
5.84446680184429  -39.5  14.1875
2.73662172558798  -39.5  0
5.87207845602623  -39  -21.9375
5.83833087869275  -39.5  16.25
5.85060272499584  -39.5  13
5.87821437917778  -39  -17.0625
5.84753476342006  -39.5  13
2.73968968716376  -39.5  0
5.85980660972315  -39  -8.9375
5.85060272499584  -39.5  16.25
5.86287457129892  -39.5  4.4375
5.87821437917778  -39  -17.0625
2.73968968716376  -39.5  -2
2.7458256103153  -39.5  -5.25
2.73355376401221  -39.5  5.25
5.87821437917778  -39  -8.9375
5.86287457129892  -39.5  7.6875
5.84446680184429  -39.5  15
5.87207845602623  -39  -4.0625
5.85060272499584  -39.5  17.4375
2.74275764873953  -39.5  1.1875
5.84446680184429  -39.5  18.25
2.7458256103153  -39.5  -5.25
2.7458256103153  -39.5  -3.25
5.85980660972315  -39.5  13
5.85673864814738  -39.5  16.25
5.84753476342006  -39.5  17.4375
5.84446680184429  -39.5  18.25
2.71821395613336  -39.5  6.5
5.87207845602623  -39  -8.9375
5.85060272499584  -39.5  16.25
5.86594253287469  -39.5  2
5.85060272499584  -39.5  14.1875
2.74275764873953  -39.5  -5.25
5.85673864814738  -39.5  16.25
2.7458256103153  -39.5  -1.1875
5.86287457129892  -39.5  6.5
5.88435030232932  -39  -8.9375
2.73968968716376  -39.5  1.1875
5.84139884026852  -39.5  19.5
5.87207845602623  -39  -17.0625
2.74275764873953  -39.5  -5.25
5.87207845602623  -39.5  2
5.86594253287469  -39  -4.0625
5.86594253287469  -39  0
5.84446680184429  -39.5  18.25
5.87207845602623  -39  -8.9375
5.86594253287469  -39  -13
2.73968968716376  -39.5  -2
5.85060272499584  -39.5  15
5.85060272499584  -39.5  16.25
5.87207845602623  -39  -21.9375
5.84753476342006  -39.5  15
5.84139884026852  -39.5  13
5.85980660972315  -39.5  8.5
2.74275764873953  -39.5  -4.4375
5.85367068657161  -39.5  10.9375
5.84139884026852  -39.5  15
5.85980660972315  -39  0
5.83833087869275  -39.5  17.4375
5.84753476342006  -39.5  13
5.87821437917778  -39  -17.0625
2.73662172558798  -39.5  -7.6875
5.87821437917778  -39  -13
2.73355376401221  -39.5  -3.25
5.85367068657161  -39  -8.9375
5.84446680184429  -39.5  10.9375
2.73355376401221  -39.5  -3.25
2.74275764873953  -39.5  2
2.73355376401221  -39.5  2
2.73968968716376  -39.5  4.4375
5.85060272499584  -39.5  15
2.74275764873953  -39.5  -3.25
5.83526291711698  -39.5  18.25
5.86287457129892  -39.5  7.6875
2.73968968716376  -39.5  -5.25
5.86594253287469  -39  -4.0625
5.88435030232932  -39  -13
5.85673864814738  -39.5  11.75
2.71821395613336  -39.5  10.9375
5.84446680184429  -39.5  17.4375
5.86901049445046  -39.5  2
5.84446680184429  -39.5  14.1875
2.72128191770913  -39.5  6.5
5.87821437917778  -39  -21.9375
5.85367068657161  -39.5  14.1875
5.85060272499584  -39.5  15
5.84753476342006  -39.5  17.4375
5.84446680184429  -39.5  17.4375
5.85060272499584  -39.5  15
5.85060272499584  -39.5  14.1875
5.84139884026852  -39.5  16.25
5.84753476342006  -39.5  16.25
5.85367068657161  -39.5  11.75
2.73968968716376  -39.5  -5.25
2.73662172558798  -39.5  0
5.85673864814738  -39.5  11.75
5.84446680184429  -39.5  17.4375
