2.17211679564607  -45  21.9375
5.34745702656935  -44.5  2
5.3413211034178  -44.5  5.25
5.35359294972089  -44.5  -1.1875
5.34438906499357  -44.5  7.6875
5.33211721869049  -45  10.9375
5.32291333396318  -45  9.75
5.35052498814512  -44.5  4.4375
2.18438864194915  -44.5  21.9375
2.15677698776721  -45  22.75
2.17211679564607  -44.5  18.25
2.18438864194915  -45  21.9375
5.35052498814512  -44.5  2
5.35052498814512  -44.5  2
2.17825271879761  -44.5  26
5.35052498814512  -44.5  4.4375
2.1905245651007  -45  13
2.18132068037338  -44.5  14.1875
5.34438906499357  -44.5  7.6875
5.33518518026626  -44.5  11.75
2.16598087249453  -44.5  21.9375
5.32904925711472  -45  4.4375
5.32904925711472  -45  6.5
2.20893233455532  -44.5  -4.0625
5.32904925711472  -45  4.4375
2.15984494934298  -45  17.0625
2.14450514146413  -45  20.75
5.31677741081163  -45  11.75
5.32904925711472  -45  4.4375
5.32904925711472  -45  5.25
2.16598087249453  -45  26
5.32904925711472  -45  6.5
2.18438864194915  -45  8.9375
2.16291291091875  -45  14.1875
5.31370944923586  -45  8.5
5.31064148766009  -45  5.25
2.17211679564607  -45  17.0625
5.33518518026626  -45  -1.1875
5.33825314184203  -45  3.25
5.33825314184203  -45  1.1875
2.15984494934298  -45  26
5.32598129553895  -45  6.5
5.28916575662969  -45  18.25
2.19666048825224  -44.5  -4.4375
5.31064148766009  -45  10.9375
2.13836921831258  -45  22.75
2.18438864194915  -44.5  13
5.31370944923586  -45  5.25
5.31370944923586  -45  6.5
5.31064148766009  -45  10.9375
5.33518518026626  -45  0
5.31064148766009  -45  11.75
2.18438864194915  -44.5  8.9375
5.31677741081163  -45  7.6875
2.15064106461567  -45  20.75
2.15677698776721  -45  14.1875
2.17825271879761  -44.5  13
2.14450514146413  -45  20.75
5.33211721869049  -45  3.25
5.33825314184203  -45  2
5.33211721869049  -45  5.25
5.29530167978123  -45  16.25
5.32598129553895  -45  4.4375
5.3198453723874  -45  7.6875
5.32598129553895  -45  5.25
5.33518518026626  -44.5  -1.1875
5.31677741081163  -45  3.25
5.33211721869049  -45  5.25
2.15984494934298  -45  15
5.33211721869049  -45  2
5.32291333396318  -45  6.5
2.16598087249453  -44.5  17.0625
5.32598129553895  -44.5  2
2.16598087249453  -44.5  21.9375
5.3198453723874  -45  2
5.31677741081163  -45  8.5
5.31370944923586  -45  3.25
5.30143760293278  -45  6.5
2.16598087249453  -44.5  8.9375
5.30143760293278  -45  8.5
2.16598087249453  -44.5  13
5.30143760293278  -45  14.1875
2.13223329516104  -45  18.25
5.30757352608432  -45  5.25
5.29223371820546  -45  10.9375
5.3198453723874  -45  -4.4375
5.31370944923586  -45  1.1875
2.15370902619144  -44.5  8.9375
5.31677741081163  -45  2
5.298369641357  -45  8.5
5.298369641357  -45  6.5
5.28302983347815  -45  9.75
5.29530167978123  -45  5.25
5.28609779505392  -45  8.5
2.14143717988836  -44.5  21.9375
5.30757352608432  -45  3.25
5.26462206402352  -45  22.75
5.31064148766009  -45  5.25
2.16598087249453  -45  21.9375
5.32598129553895  -45  3.25
5.33825314184203  -45  -4.4375
2.16598087249453  -44.5  21.9375
5.3198453723874  -45  8.5
2.18438864194915  -44.5  8.9375
5.33825314184203  -45  0
5.30757352608432  -45  11.75
5.33211721869049  -45  0
5.27996187190238  -45  21.5625
5.31064148766009  -45  9.75
2.16598087249453  -44.5  17.0625
2.15370902619144  -45  13
5.30450556450855  -45  8.5
2.16598087249453  -44.5  8.9375
5.32291333396318  -45  -1.1875
2.15984494934298  -45  17.0625
5.298369641357  -45  7.6875
2.16598087249453  -44.5  21.9375
5.31677741081163  -45  2
5.31370944923586  -45  4.4375
2.15984494934298  -44.5  17.0625
5.298369641357  -45  10.9375
5.32904925711472  -45  -4.4375
5.298369641357  -45  9.75
5.31370944923586  -45  7.6875
5.29530167978123  -45  11.75
2.13530125673681  -45  16.25
5.31677741081163  -45  -1.1875
5.30757352608432  -45  6.5
5.30143760293278  -45  5.25
2.11996144885796  -45  21.5625
5.31677741081163  -45  -2
5.30450556450855  -45  2
