1.74260217503809  -45  -1.1875
4.85965113602171  -45  19.5
1.7732817907958  -45  -4.4375
4.92101036753714  -44.5  0
1.76714586764426  -45  0
4.92101036753714  -44.5  -8.9375
4.90873852123405  -44.5  0
4.87499094390057  -45  20.75
1.76100994449272  -45  2
1.75487402134117  -45  4.4375
4.89033075177942  -45  11.75
1.730330328735  -45  15
1.75487402134117  -45  3.25
4.88419482862788  -45  16.25
1.77021382922003  -45  -2
4.87805890547634  -45  16.25
1.75487402134117  -45  4.4375
1.74260217503809  -45  10.9375
4.89646667493097  -45  8.5
4.92714629068868  -44.5  -13
1.76407790606849  -45  0
1.77021382922003  -45  -3.25
4.92101036753714  -44.5  -4.0625
4.87499094390057  -45  20.75
1.76100994449272  -45  3.25
1.76407790606849  -45  0
4.88726279020365  -45  16.25
1.74873809818963  -45  6.5
4.87499094390057  -45  16.25
1.75487402134117  -45  4.4375
4.93328221384022  -44.5  -4.0625
4.91487444438559  -44.5  0
1.7518060597654  -45  -1.1875
4.89646667493097  -44.5  -4.0625
4.87499094390057  -45  14.1875
4.92101036753714  -44.5  -17.0625
4.89646667493097  -45  13
4.86271909759748  -45  15
4.89646667493097  -44.5  0
4.90260259808251  -44.5  4.0625
1.7518060597654  -45  1.1875
1.75487402134117  -45  -4.4375
4.86885502074902  -45  15
1.74260217503809  -45  0
4.89033075177942  -44.5  0
1.75487402134117  -45  -2
4.86578705917325  -45  18.25
1.7518060597654  -45  -2
4.86271909759748  -45  16.25
1.71805848243192  -45  11.75
1.74567013661386  -45  0
1.74567013661386  -45  -2
4.89033075177942  -45  4.0625
1.73339829031077  -45  8.5
1.72726236715923  -45  8.5
1.73646625188655  -45  0
4.89646667493097  -45  -4.0625
1.74567013661386  -45  1.1875
4.86578705917325  -45  16.25
1.72726236715923  -45  11.75
1.72112644400769  -45  13
4.85658317444594  -45  17.4375
1.730330328735  -45  7.6875
1.74567013661386  -45  0
1.730330328735  -45  5.25
1.75794198291694  -45  -3.25
4.88419482862788  -45  4.0625
4.85965113602171  -45  16.25
1.72726236715923  -45  5.25
4.89033075177942  -44.5  4.0625
4.85658317444594  -45  18.25
1.73646625188655  -45  4.4375
1.71805848243192  -45  13
4.87805890547634  -44.5  8.9375
4.89646667493097  -44.5  0
1.7518060597654  -45  -1.1875
1.75487402134117  -45  -5.25
4.86885502074902  -45  14.1875
4.86578705917325  -45  13
1.74873809818963  -45  -1.1875
4.88419482862788  -45  8.9375
4.88419482862788  -45  -4.0625
4.86271909759748  -45  14.1875
4.89033075177942  -44.5  4.0625
1.72112644400769  -45  14.1875
4.85965113602171  -45  16.25
4.86271909759748  -45  14.1875
4.91487444438559  -44.5  -8.9375
1.7088545977046  -45  15
4.85658317444594  -45  16.25
1.72112644400769  -45  13
4.86578705917325  -45  17.4375
1.72419440558346  -45  5.25
4.89033075177942  -45  8.9375
1.73953421346232  -45  6.5
4.86885502074902  -45  13
4.85965113602171  -45  19.5
1.7518060597654  -45  -2
1.7518060597654  -45  -1.1875
1.7518060597654  -45  -1.1875
4.85351521287017  -45  19.5
4.89646667493097  -44.5  -4.0625
1.73953421346232  -45  3.25
4.90260259808251  -44.5  0
4.90873852123405  -44.5  -4.0625
1.72112644400769  -45  10.9375
1.74260217503809  -45  4.4375
4.86885502074902  -45  17.4375
1.730330328735  -45  10.9375
4.8719229823248  -45  15
4.89646667493097  -44.5  8.9375
1.730330328735  -45  7.6875
4.90260259808251  -44.5  4.0625
4.88726279020365  -45  11.75
4.91487444438559  -45  8.9375
1.76714586764426  -45  -3.25
1.75487402134117  -45  2
1.76714586764426  -45  -1.1875
4.8933987133552  -45  4.4375
4.8719229823248  -45  14.1875
1.730330328735  -45  9.75
1.72726236715923  -45  7.6875
1.76100994449272  -45  -4.4375
1.77021382922003  -45  -4.4375
4.92101036753714  -44.5  0
4.91794240596137  -45  1.1875
1.78248567552312  -45  0
1.76407790606849  -45  14.1875
1.77941771394734  -45  2
1.7732817907958  -45  1.1875
1.76407790606849  -45  9.75
4.89646667493097  -45  10.9375
