3.71836942983479  -42  2
0.601320468851171  -42  13
0.613592315154256  -42  1.1875
0.601320468851171  -42  17.0625
0.595184545699629  -42  16.25
0.601320468851171  -42  9.75
3.74598108401674  -42  -3.25
0.582912699396544  -42  17.0625
0.601320468851171  -42  5.25
3.74904904559251  -42  1.1875
0.582912699396544  -42  17.0625
0.592116584123857  -42  10.9375
3.74598108401674  -42  5.25
0.601320468851171  -42  -4.0625
0.592116584123857  -42  4.4375
3.74598108401674  -42  0
0.579844737820772  -42  13
0.582912699396544  -42  13
0.582912699396544  -42  17.0625
3.74598108401674  -42  4.4375
0.579844737820772  -42  15
3.73370923771365  -42  1.1875
0.595184545699629  -42  0
0.592116584123857  -42  8.5
0.579844737820772  -42  9.75
0.595184545699629  -42  8.9375
0.579844737820772  -42  10.9375
0.585980660972315  -42  13
0.601320468851171  -42  4.0625
0.576776776245001  -42  13
0.57370881466923  -42  16.25
0.589048622548086  -42  8.9375
0.585980660972315  -42  16.25
0.582912699396544  -42  10.9375
0.582912699396544  -42  13
0.592116584123857  -42  19.5
0.585980660972315  -42  13
0.576776776245001  -42  17.0625
3.74598108401674  -42  2
3.75211700716828  -42  -2
0.607456392002714  -42  0
0.582912699396544  -42  16.25
0.592116584123857  -42  9.75
0.589048622548086  -42  8.9375
3.74598108401674  -42  3.25
0.607456392002714  -42  -4.0625
0.570640853093458  -42  18.25
0.582912699396544  -42  17.4375
0.582912699396544  -42  13
0.607456392002714  -42  4.0625
3.74904904559251  -42  3.25
3.74598108401674  -42  6.5
0.582912699396544  -42  13
0.589048622548086  -42  9.75
0.57370881466923  -42  14.1875
0.607456392002714  -42  -8.9375
0.57370881466923  -42  18.25
3.74904904559251  -42  0
0.595184545699629  -42  17.0625
0.592116584123857  -42  9.75
0.582912699396544  -42  21.9375
0.585980660972315  -42  11.75
0.589048622548086  -42  8.9375
3.74291312244096  -42  3.25
3.73984516086519  -42  2
0.595184545699629  -42  13
0.579844737820772  -42  10.9375
3.75211700716828  -42  -1.1875
3.74291312244096  -42  2
3.75211700716828  -42  0
0.601320468851171  -42  8.9375
3.75211700716828  -42  -1.1875
0.585980660972315  -42  13
0.601320468851171  -42  4.0625
3.74598108401674  -42  2
3.74904904559251  -42  -2
0.589048622548086  -42  13
0.57370881466923  -42  22.75
0.579844737820772  -42  15
0.601320468851171  -42  8.9375
0.585980660972315  -42  15
0.57370881466923  -42  15
0.582912699396544  -42  13
3.74598108401674  -42  3.25
0.585980660972315  -42  8.5
0.601320468851171  -42  0
0.579844737820772  -42  16.25
0.57370881466923  -42  13
0.585980660972315  -42  8.5
0.582912699396544  -42  21.9375
0.57370881466923  -42  13
0.601320468851171  -42  -4.0625
0.579844737820772  -42  11.75
0.585980660972315  -42  11.75
0.576776776245001  -42  21.9375
0.576776776245001  -42  26
0.582912699396544  -42  10.9375
3.75211700716828  -42  -1.1875
0.595184545699629  -42  4.0625
0.579844737820772  -42  11.75
3.75211700716828  -42  1.1875
3.74904904559251  -42  0
0.595184545699629  -42  0
3.73984516086519  -42  5.25
0.589048622548086  -42  10.9375
0.601320468851171  -42  -4.0625
3.74598108401674  -42  3.25
0.576776776245001  -42  13
3.74598108401674  -42  1.1875
0.589048622548086  -42  0
0.585980660972315  -42  14.1875
0.579844737820772  -42  11.75
3.74904904559251  -42  1.1875
0.579844737820772  -42  11.75
0.576776776245001  -42  15
3.73984516086519  -42  1.1875
0.579844737820772  -42  11.75
0.582912699396544  -42  13
0.579844737820772  -42  15
0.579844737820772  -42  13
0.576776776245001  -42  16.25
0.570640853093458  -42  17.0625
0.582912699396544  -42  11.75
3.74598108401674  -42  -2
0.57370881466923  -42  14.1875
0.57370881466923  -42  15
0.595184545699629  -42  4.0625
0.570640853093458  -42  16.25
3.74291312244096  -42  2
3.74904904559251  -42  0
0.570640853093458  -42  13
0.589048622548086  -42  13
