0.570640853093458  -46.5  -17.0625
3.69996166038017  -46.5  4.4375
0.536893275759974  -46.5  16.25
0.564504929941916  -46.5  2
0.533825314184203  -46.5  14.1875
0.546097160487288  -46.5  11.75
0.521553467881118  -46.5  30.0625
0.546097160487288  -46.5  8.5
0.576776776245001  -46.5  -21.9375
0.533825314184203  -46.5  10.9375
0.533825314184203  -46.5  17.0625
3.69382573722862  -47  0
0.558369006790373  -46  -8.9375
0.546097160487288  -47  6.5
0.555301045214602  -47  -1.1875
3.68768981407708  -46.5  2
0.546097160487288  -46.5  3.25
0.536893275759974  -47  5.25
0.527689391032661  -46.5  13
0.527689391032661  -46.5  13
0.521553467881118  -46.5  17.4375
0.570640853093458  -46.5  -8.9375
0.524621429456889  -46.5  14.1875
0.539961237335746  -47  6.5
0.527689391032661  -46.5  14.1875
3.69382573722862  -46.5  1.1875
0.521553467881118  -46.5  17.4375
3.69075777565285  -46.5  5.25
3.70302962195594  -47  1.1875
0.521553467881118  -46.5  19.5
0.524621429456889  -46.5  17.4375
3.70302962195594  -46.5  -1.1875
0.524621429456889  -46.5  15
0.524621429456889  -46.5  13
0.539961237335746  -46.5  0
3.6968936988044  -46.5  -1.1875
0.530757352608432  -47  15
0.546097160487288  -46.5  4.4375
3.68768981407708  -46.5  8.5
0.546097160487288  -46.5  -4.0625
0.546097160487288  -47  -1.1875
3.6968936988044  -46.5  3.25
0.524621429456889  -46.5  15
0.546097160487288  -46.5  8.9375
3.6968936988044  -46.5  2
0.536893275759974  -46.5  10.9375
0.539961237335746  -46.5  8.5
0.539961237335746  -46.5  6.5
0.518485506305347  -46.5  15
0.527689391032661  -46.5  13
0.524621429456889  -46.5  16.25
0.518485506305347  -46.5  18.25
3.69996166038017  -46.5  -3.25
3.69996166038017  -46.5  1.1875
0.527689391032661  -46.5  14.1875
0.576776776245001  -46.5  -13
3.68768981407708  -46.5  2
0.527689391032661  -46.5  11.75
3.69996166038017  -46.5  -2
0.533825314184203  -46.5  8.9375
0.527689391032661  -46.5  16.25
0.524621429456889  -46.5  16.25
0.527689391032661  -46.5  15
3.70302962195594  -46.5  1.1875
0.524621429456889  -46.5  20.75
3.6968936988044  -47  3.25
0.539961237335746  -46.5  14.1875
3.69996166038017  -47  0
3.69996166038017  -47  0
3.69382573722862  -47  3.25
0.561436968366145  -47  0
3.69382573722862  -47  1.1875
0.543029198911517  -47  6.5
0.536893275759974  -47  14.1875
0.552233083638831  -46.5  0
3.6968936988044  -47  2
0.539961237335746  -46.5  9.75
0.543029198911517  -47  8.5
0.530757352608432  -47  16.25
0.527689391032661  -46.5  18.25
0.533825314184203  -46.5  19.5
3.70302962195594  -47  2
0.539961237335746  -46.5  6.5
3.69382573722862  -46.5  5.25
0.530757352608432  -46.5  17.4375
3.69996166038017  -47  1.1875
3.69996166038017  -47  1.1875
0.536893275759974  -46.5  13
0.546097160487288  -46.5  5.25
3.69075777565285  -47  6.5
0.533825314184203  -47  16.25
3.69382573722862  -47  4.4375
3.6968936988044  -47  -1.1875
0.539961237335746  -47  9.75
3.68768981407708  -47  7.6875
0.536893275759974  -47  18.25
0.552233083638831  -46.5  6.5
0.527689391032661  -46.5  16.25
3.70302962195594  -47  -1.1875
0.527689391032661  -46.5  16.25
0.536893275759974  -46.5  10.9375
0.582912699396544  -46.5  -17.0625
0.558369006790373  -47  3.25
3.69075777565285  -47  3.25
0.539961237335746  -47  9.75
3.70609758353171  -47  -6.5
0.530757352608432  -46.5  17.4375
3.69996166038017  -47  -1.1875
3.69382573722862  -47  1.1875
0.589048622548086  -46.5  -26
0.595184545699629  -46.5  -34.9375
0.524621429456889  -46.5  19.5
0.595184545699629  -46.5  -26
3.70609758353171  -47  -1.1875
0.539961237335746  -47  10.9375
0.539961237335746  -46.5  13
3.6968936988044  -47  0
0.527689391032661  -47  15
0.527689391032661  -47  17.4375
0.555301045214602  -47  2
0.527689391032661  -46.5  18.25
0.546097160487288  -47  3.25
3.6968936988044  -47  1.1875
3.70302962195594  -47  2
0.536893275759974  -46.5  15
0.546097160487288  -47  11.75
0.555301045214602  -47  5.25
0.533825314184203  -47  15
0.524621429456889  -46.5  16.25
0.536893275759974  -46.5  13
3.70609758353171  -47  -2
0.527689391032661  -46.5  18.25
