0.14419419406125  -43  14.1875
0.177941771394734  -43  -17.0625
0.165669925091649  -43  -17.0625
0.125786424606623  -43  13
0.181009732970506  -43  0
0.177941771394734  -43  -17.0625
0.125786424606623  -43  11.75
0.125786424606623  -43  13
0.165669925091649  -43  -30.0625
0.104310693576224  -43  14.1875
0.159534001940107  -43  -17.0625
0.101242732000452  -43  17.4375
0.177941771394734  -43  -21.9375
0.122718463030851  -43  10.9375
0.171805848243192  -43  -17.0625
0.107378655151995  -43  15
0.11965050145508  -43  17.4375
0.116582539879309  -43  16.25
0.122718463030851  -43  15
0.11965050145508  -43  13
0.116582539879309  -43  19.5
0.159534001940107  -43  -13
3.28885480922681  -43  -5.25
0.153398078788564  -43  -8.9375
0.110446616727766  -43  16.25
0.113514578303537  -43  15
0.116582539879309  -43  15
0.122718463030851  -43  15
0.153398078788564  -43  -8.9375
0.165669925091649  -43  -21.9375
0.128854386182394  -43  15
0.113514578303537  -43  16.25
0.131922347758165  -43  13
0.159534001940107  -43  -8.9375
0.150330117212793  -43  0
0.171805848243192  -43  -8.9375
0.128854386182394  -43  17.4375
0.165669925091649  -43  -4.0625
0.138058270909708  -43  11.75
0.128854386182394  -43  16.25
0.141126232485479  -43  17.4375
0.141126232485479  -43  15
0.184077694546277  -43  -13
0.147262155637022  -43  10.9375
0.171805848243192  -43  -4.0625
0.125786424606623  -43  16.25
0.141126232485479  -43  14.1875
0.131922347758165  -43  16.25
3.28885480922681  -43  1.1875
0.138058270909708  -43  15
3.27351500134796  -43  7.6875
0.177941771394734  -43  -13
0.134990309333936  -43  14.1875
0.138058270909708  -43  10.9375
0.177941771394734  -43  -13
0.171805848243192  -43  -4.0625
0.159534001940107  -43  -8.9375
0.128854386182394  -43  11.75
0.125786424606623  -43  18.25
0.153398078788564  -43.5  -2
0.177941771394734  -43  -17.0625
0.156466040364335  -43  2
0.131922347758165  -43.5  7.6875
0.122718463030851  -43  15
0.131922347758165  -43  9.75
0.122718463030851  -43  15
0.171805848243192  -43  -17.0625
0.128854386182394  -43  11.75
0.122718463030851  -43  16.25
0.134990309333936  -43  11.75
0.134990309333936  -43  10.9375
0.159534001940107  -43  -13
0.125786424606623  -43  11.75
0.141126232485479  -43  8.9375
0.128854386182394  -43  13
0.134990309333936  -43  11.75
0.141126232485479  -43  0
0.128854386182394  -43  11.75
0.125786424606623  -43  13
0.171805848243192  -43  -17.0625
0.128854386182394  -43  15
0.116582539879309  -43  15
0.165669925091649  -43  -17.0625
0.125786424606623  -43  11.75
0.128854386182394  -43  11.75
0.159534001940107  -43  -8.9375
0.11965050145508  -43  13
0.125786424606623  -43  13
0.128854386182394  -43  10.9375
0.122718463030851  -43  13
0.134990309333936  -43  4.0625
0.131922347758165  -43  6.5
0.122718463030851  -43  14.1875
0.147262155637022  -43  -4.0625
0.116582539879309  -43  14.1875
0.159534001940107  -43  -13
0.128854386182394  -43  15
0.122718463030851  -43  11.75
0.128854386182394  -43  11.75
0.138058270909708  -43  8.5
0.165669925091649  -43  -13
0.141126232485479  -43  13
0.131922347758165  -43  11.75
0.134990309333936  -43  13
3.29192277080259  -43  -3.25
0.153398078788564  -43  -13
0.128854386182394  -43  11.75
0.165669925091649  -43  -13
0.177941771394734  -43  -17.0625
0.116582539879309  -43  18.25
0.171805848243192  -43  -13
3.28271888607527  -43  -2
0.165669925091649  -43  -21.9375
0.131922347758165  -43  11.75
0.11965050145508  -43  18.25
0.159534001940107  -43  -21.9375
0.122718463030851  -43  13
0.171805848243192  -43  -13
3.28885480922681  -43  0
0.153398078788564  -43  -8.9375
3.29805869395413  -43  -3.25
0.134990309333936  -43  15
0.184077694546277  -43  -34.9375
0.165669925091649  -43  -8.9375
0.165669925091649  -43  -4.0625
3.28271888607527  -43  5.25
0.171805848243192  -43  -17.0625
0.122718463030851  -43  15
0.128854386182394  -43  15
0.165669925091649  -43  -4.0625
0.131922347758165  -43  13
0.125786424606623  -43  15
