5.06827252317416  -43  1.1875
5.07747640790147  -43  -4.4375
1.93281579273591  -43  -8.9375
5.06213660002262  -43  7.6875
1.92667986958437  -43  4.0625
5.0529327152953  -43  10.9375
1.92054394643282  -43  8.9375
5.05600067687107  -43  7.6875
1.93281579273591  -43  4.0625
5.07134048474993  -43  0
1.91134006170551  -43  17.4375
5.05600067687107  -43  10.9375
1.93281579273591  -43  0
5.06827252317416  -43  -1.1875
5.0744084463257  -43  3.25
1.93281579273591  -43  -4.0625
1.91747598485705  -43  9.75
5.05600067687107  -43  10.9375
5.06520456159839  -43  6.5
5.04372883056799  -43  3.25
5.02838902268913  -43  11.75
5.04372883056799  -43  5.25
1.89600025382665  -43  4.0625
5.03759290741645  -43  6.5
5.03452494584067  -43  9.75
5.03759290741645  -43  2
5.03452494584067  -43  7.6875
1.9021361769782  -43  -4.0625
5.03452494584067  -43  4.4375
1.89600025382665  -43  -13
5.02532106111336  -43  7.6875
1.91440802328128  -43  -8.9375
5.03759290741645  -43  4.4375
1.88372840752357  -43  14.1875
1.89600025382665  -43  4.0625
1.90827210012974  -43  -4.0625
1.91440802328128  -43  -8.9375
5.03452494584067  -43  5.25
1.89600025382665  -43  0
5.04066086899222  -43  0
1.9021361769782  -43  8.9375
5.04372883056799  -43  7.6875
1.89906821540242  -43  9.75
1.89600025382665  -43  0
5.03759290741645  -43  8.5
1.90827210012974  -43  0
1.89600025382665  -43  8.9375
5.03452494584067  -43  14.1875
5.04986475371953  -43  3.25
5.02225309953759  -43  14.1875
5.03452494584067  -43  10.9375
5.03759290741645  -43  9.75
5.04372883056799  -43  4.4375
5.03759290741645  -43  6.5
5.03759290741645  -43  10.9375
5.04372883056799  -43  6.5
5.04372883056799  -43  7.6875
1.89600025382665  -43  8.9375
5.03759290741645  -43  5.25
1.89600025382665  -43  4.0625
5.01611717638605  -43  13
5.01918513796182  -43  15
1.9021361769782  -43  0
5.02838902268913  -43  4.4375
1.90827210012974  -43  -17.0625
5.0314569842649  -43  4.4375
1.88986433067511  -43  -4.0625
5.04372883056799  -43  -1.1875
1.88986433067511  -43  4.0625
5.01918513796182  -43  10.9375
1.86532063806894  -43  11.75
5.02838902268913  -43  10.9375
1.88986433067511  -43  8.9375
5.04986475371953  -43  2
1.87759248437202  -43  8.9375
5.02532106111336  -43  4.4375
5.0314569842649  -43.5  3.25
1.89906821540242  -43.5  -4.4375
5.03452494584067  -43.5  0
1.88986433067511  -43  -4.0625
5.02532106111336  -43.5  5.25
5.0314569842649  -43.5  2
5.02532106111336  -43.5  8.5
1.88679636909934  -43.5  9.75
5.0099812532345  -43.5  10.9375
5.0099812532345  -43.5  8.5
4.99770940693142  -43.5  10.9375
4.98543756062833  -43.5  7.6875
1.8591847149174  -43  -8.9375
4.99157348377988  -43.5  4.4375
1.84384490703854  -43.5  13
5.00691329165873  -43.5  3.25
5.00691329165873  -43.5  0
1.87452452279625  -43.5  -5.25
1.87145656122048  -43  -13
5.00384533008296  -43.5  0
4.99157348377988  -43.5  1.1875
1.84077694546277  -43  4.0625
1.87145656122048  -43  -21.9375
4.95475794487062  -43.5  14.1875
1.85304879176585  -43  -4.0625
1.84691286861431  -43  8.9375
4.9885055222041  -43  6.5
5.01918513796182  -43  -1.1875
5.00077736850719  -43.5  8.5
4.99464144535565  -43.5  9.75
1.85611675334163  -43.5  13
5.00691329165873  -43.5  7.6875
4.99770940693142  -43.5  14.1875
5.01304921481027  -43.5  8.5
5.01304921481027  -43.5  8.5
5.00384533008296  -43.5  9.75
1.86532063806894  -43.5  8.5
1.86838859964471  -43  5.25
1.84691286861431  -43  4.0625
4.98543756062833  -43.5  4.4375
4.99464144535565  -43.5  2
4.96396182959793  -43.5  11.75
4.97009775274948  -43.5  10.9375
1.81930121443237  -43.5  11.75
4.98543756062833  -43.5  -4.4375
4.94248609856754  -43.5  10.9375
4.94862202171908  -43.5  3.25
4.92407832911291  -43.5  9.75
1.79168956025043  -43  -4.0625
1.77021382922003  -43  13
4.93941813699176  -43  5.25
4.92714629068868  -43.5  5.25
1.79782548340197  -43  -8.9375
4.93635017541599  -43.5  16.25
4.99464144535565  -43.5  -3.25
4.97316571432525  -43.5  5.25
