4.97009775274948  -37.5  0
1.80089344497774  -38  10.9375
4.97009775274948  -38  8.9375
1.81316529128083  -38  6.5
1.837708983887  -38  -3.25
4.97623367590102  -38  0
1.837708983887  -38  -2
1.83157306073546  -38  1.1875
1.82236917600814  -38  4.4375
1.81930121443237  -38  4.4375
4.94862202171908  -38  15
4.98236959905256  -38  -4.0625
1.84998083019008  -38  -9.75
1.8162332528566  -38  7.6875
4.97623367590102  -37.5  8.9375
4.93941813699176  -38  20.75
1.84384490703854  -38  -4.4375
4.99464144535565  -37.5  -8.9375
4.97623367590102  -38  0
1.83157306073546  -38  0
1.84691286861431  -38  -3.25
4.95782590644639  -37.5  8.9375
4.97009775274948  -37.5  0
4.93941813699176  -38  9.75
1.82850509915968  -38  -7.6875
4.95782590644639  -38  4.0625
4.94248609856754  -38  13
4.92101036753714  -38  17.4375
4.96396182959793  -38  4.0625
1.8162332528566  -38  -4.4375
1.80396140655351  -38  7.6875
4.94248609856754  -38  13
1.82543713758391  -38  -3.25
4.95782590644639  -38  0
1.80396140655351  -38  4.4375
1.79168956025043  -38  8.5
1.81316529128083  -38  3.25
1.7947575218262  -38  11.75
1.82236917600814  -38  -5.25
4.97009775274948  -38  -8.9375
4.95782590644639  -38  4.0625
1.80396140655351  -38  2
4.9885055222041  -37.5  -17.0625
1.79168956025043  -38  9.75
4.93941813699176  -38  13
1.80702936812929  -38  5.25
4.95782590644639  -37.5  4.0625
4.96396182959793  -37.5  4.0625
1.82236917600814  -38  -4.4375
1.80089344497774  -38  6.5
1.80396140655351  -38  4.4375
1.79782548340197  -38  8.5
4.93941813699176  -38  15
1.8162332528566  -38  1.1875
1.82543713758391  -38  -3.25
4.95782590644639  -38  4.0625
1.80396140655351  -38  3.25
4.95782590644639  -38  4.0625
1.81930121443237  -38  2
1.79168956025043  -38  9.75
1.81316529128083  -38  2
4.97623367590102  -37.5  -8.9375
1.78862159867466  -38  8.5
1.79168956025043  -38  8.5
1.81009732970506  -38  1.1875
1.81930121443237  -38  -2
1.79168956025043  -38  9.75
1.82236917600814  -38  -2
1.79168956025043  -38  9.75
4.95782590644639  -38  4.0625
4.96396182959793  -37.5  8.9375
1.8162332528566  -38  0
1.79168956025043  -38  10.9375
1.82236917600814  -38  -5.25
1.8162332528566  -38  3.25
4.96396182959793  -37.5  4.0625
1.81316529128083  -38  0
1.8162332528566  -38  -1.1875
1.79782548340197  -38  7.6875
1.8162332528566  -38  1.1875
4.95782590644639  -37.5  4.0625
4.97009775274948  -37.5  0
4.93635017541599  -38  14.1875
1.81930121443237  -38  0
1.7947575218262  -38  13
4.93941813699176  -38  16.25
1.82236917600814  -38  -1.1875
1.79168956025043  -38  7.6875
4.97623367590102  -37.5  -8.9375
1.81009732970506  -38  6.5
4.94248609856754  -38  14.1875
1.81930121443237  -38  0
1.7947575218262  -38  8.5
1.81930121443237  -38  -2
1.81009732970506  -38  6.5
4.97009775274948  -37.5  -4.0625
1.80396140655351  -38  5.25
1.81930121443237  -38  -2
1.82236917600814  -38  -2
4.98236959905256  -38  -8.9375
4.94248609856754  -38  7.6875
4.93635017541599  -38  14.1875
4.96396182959793  -38  4.0625
1.81316529128083  -38  -1.1875
1.79782548340197  -38  7.6875
1.82850509915968  -38  -5.25
4.9885055222041  -37.5  -17.0625
4.96396182959793  -38  -4.0625
1.82236917600814  -38  -1.1875
4.94248609856754  -38  11.75
4.96396182959793  -38  0
1.79168956025043  -38  6.5
4.93941813699176  -38  13
1.8162332528566  -38  0
4.93635017541599  -38  15
1.80396140655351  -38  2
1.8162332528566  -38  -1.1875
4.94248609856754  -38  13
4.95782590644639  -38  13
1.7947575218262  -38  10.9375
1.81930121443237  -38  1.1875
1.82236917600814  -38  -3.25
4.93328221384022  -38  14.1875
1.79168956025043  -38  6.5
1.81930121443237  -38  -2
1.83157306073546  -38  -6.5
4.96396182959793  -37.5  0
4.95782590644639  -38  8.9375
1.7947575218262  -38  7.6875
1.83157306073546  -38  -5.25
1.78862159867466  -38  11.75
1.8162332528566  -38  4.4375
