1.34376717018782  -42  -3.25
1.34376717018782  -42  5.25
1.31922347758165  -41.5  8.9375
1.34683513176359  -42  2
1.33456328546051  -42  9.75
1.33149532388474  -41.5  0
4.48842778535339  -42  0
4.48229186220184  -42  5.25
4.48535982377761  -42  1.1875
4.48535982377761  -42  2
4.50376759323224  -42  5.25
1.34683513176359  -42  5.25
1.34990309333936  -42  4.0625
1.34990309333936  -41.5  13
1.33763124703628  -42  17.0625
1.33763124703628  -42  9.75
4.48842778535339  -42  3.25
1.32535940073319  -41.5  -4.0625
1.33149532388474  -41.5  11.75
1.32535940073319  -41.5  0
1.32535940073319  -41.5  0
1.32535940073319  -41.5  8.9375
4.4976316700807  -42  0
1.35603901649091  -41.5  4.0625
4.51297147795956  -42  -1.1875
4.51297147795956  -42  6.5
4.50069963165647  -42  -1.1875
4.45774816959567  -42  5.25
1.30695163127857  -41.5  0
4.45774816959567  -42  8.5
1.30081570812702  -41.5  0
4.47002001589876  -42  0
4.46081613117144  -42  3.25
1.31922347758165  -41.5  -4.0625
1.30081570812702  -42  0
1.30695163127857  -42  4.0625
4.4761559390503  -42  3.25
1.32535940073319  -42  0
1.33763124703628  -42  0
4.5191074011111  -42  4.4375
1.34990309333936  -42  -8.9375
4.49456370850493  -42  6.5
1.36524290121822  -42  1.1875
1.34376717018782  -41.5  4.0625
4.50069963165647  -42  4.4375
1.35603901649091  -41.5  -4.0625
4.50376759323224  -42  3.25
1.33149532388474  -42  13
4.52217536268687  -42  -3.25
1.36831086279399  -42  7.6875
1.36217493964245  -42  -4.0625
4.5191074011111  -42  -3.25
1.33763124703628  -41.5  13
1.34990309333936  -42  0
1.34376717018782  -41.5  17.0625
4.50376759323224  -42  6.5
1.35603901649091  -41.5  -4.0625
1.34990309333936  -41.5  0
4.4976316700807  -42  6.5
1.35603901649091  -41.5  -4.0625
4.50683555480801  -42  1.1875
1.35603901649091  -42  11.75
1.34990309333936  -41.5  4.0625
1.33763124703628  -41.5  17.0625
4.4976316700807  -42  13
1.34376717018782  -41.5  8.9375
4.50069963165647  -42  4.4375
1.31308755443011  -42  13
4.47002001589876  -42  3.25
1.31922347758165  -41.5  0
1.30695163127857  -41.5  -4.0625
4.46388409274722  -42  5.25
1.31922347758165  -41.5  -8.9375
4.47002001589876  -42  1.1875
1.31922347758165  -41.5  0
1.31922347758165  -42  9.75
1.31615551600588  -42  10.9375
4.46081613117144  -42  2
4.45774816959567  -42  6.5
4.47308797747453  -42  0
1.32535940073319  -41.5  -4.0625
4.48535982377761  -42  7.6875
1.34376717018782  -42  -8.9375
4.50990351638379  -42  0
1.35603901649091  -42  4.0625
1.34376717018782  -41.5  8.9375
4.50376759323224  -42  6.5
1.35603901649091  -42  4.0625
4.50376759323224  -42  3.25
4.50683555480801  -42  0
1.34990309333936  -42  9.75
1.33149532388474  -41.5  8.9375
1.36217493964245  -42  -8.9375
1.34990309333936  -41.5  0
1.34376717018782  -41.5  8.9375
1.36217493964245  -42  8.5
1.34990309333936  -42  8.9375
4.50990351638379  -42  0
1.34376717018782  -42  4.0625
4.50990351638379  -42  2
4.50990351638379  -42  4.4375
1.34990309333936  -41.5  8.9375
1.34376717018782  -42  13
4.5191074011111  -42  -1.1875
1.36524290121822  -42  9.75
1.34376717018782  -42  8.9375
1.34376717018782  -42  4.0625
4.51603943953533  -42  1.1875
4.48229186220184  -42  18.25
1.36524290121822  -42  7.6875
4.50069963165647  -42  3.25
1.36217493964245  -42  6.5
1.34990309333936  -42  0
1.36217493964245  -42  8.5
1.35603901649091  -42  0
4.50376759323224  -42  2
1.36217493964245  -42  0
1.33763124703628  -42  13
1.34990309333936  -42  4.0625
4.50990351638379  -42  2
1.34990309333936  -42  0
1.34683513176359  -42  8.5
4.49149574692916  -42  0
1.33149532388474  -41.5  -4.0625
1.32535940073319  -42  -8.9375
1.31308755443011  -41.5  0
1.31922347758165  -41.5  0
1.33149532388474  -42  0
1.34376717018782  -41.5  -4.0625
1.37137882436976  -42  -4.4375
1.35603901649091  -41.5  0
1.33763124703628  -42  0
