3.8564277007445  -42  5.25
3.89017527807799  -42  -2
0.74244670133665  -42  -4.0625
0.754718547639735  -42  2
0.724038931882023  -42  14.1875
0.730174855033565  -42  13
3.89017527807799  -42  1.1875
3.86869954704759  -42  2
3.86256362389604  -42  5.25
0.699495239275852  -42  11.75
0.69335931612431  -42  14.1875
0.690291354548539  -42  16.25
0.71790300873048  -42.5  -13
3.8564277007445  -42  6.5
0.724038931882023  -42  -17.0625
3.87483547019913  -42  0
0.702563200851624  -42  22.75
0.730174855033565  -42  -17.0625
0.733242816609336  -42  0
0.736310778185108  -42  -13
3.86563158547182  -42  6.5
0.711767085578938  -42  -4.0625
0.699495239275852  -42.5  8.9375
0.711767085578938  -42  0
0.748582624488193  -42  -21.9375
0.736310778185108  -42  -17.0625
0.730174855033565  -42  -8.9375
0.711767085578938  -42  0
0.724038931882023  -42.5  -8.9375
0.730174855033565  -42  -4.0625
0.724038931882023  -42  -8.9375
0.711767085578938  -42  11.75
0.760854470791278  -42  -30.0625
3.85949566232027  -42  4.4375
0.711767085578938  -42  4.0625
0.696427277700081  -42  17.4375
3.85949566232027  -42  3.25
0.705631162427395  -42  -4.0625
0.699495239275852  -42  0
0.711767085578938  -42  -17.0625
0.69335931612431  -42  8.9375
0.699495239275852  -42  4.0625
0.690291354548539  -42  15
0.711767085578938  -42  -4.0625
0.69335931612431  -42  -4.0625
0.681087469821225  -42  16.25
3.85335973916873  -42  3.25
3.85335973916873  -42  0
0.711767085578938  -42  -13
3.85029177759296  -42  3.25
3.85335973916873  -42  4.4375
0.699495239275852  -42  -4.0625
3.86256362389604  -42  0
0.711767085578938  -42  -8.9375
0.705631162427395  -42  4.0625
0.69335931612431  -42  8.9375
0.711767085578938  -42  -4.0625
0.724038931882023  -42  -13
0.705631162427395  -42  0
0.714835047154709  -42  3.25
0.705631162427395  -42  -4.0625
0.711767085578938  -42  0
3.8564277007445  -42  2
0.71790300873048  -42  -8.9375
3.85949566232027  -42  0
0.724038931882023  -42  -8.9375
0.724038931882023  -42  -8.9375
0.699495239275852  -42  4.0625
0.736310778185108  -42  -26
0.730174855033565  -42  -17.0625
0.696427277700081  -42  22.75
3.86869954704759  -42  3.25
0.696427277700081  -42  17.4375
0.730174855033565  -42  -13
0.711767085578938  -42  -4.0625
0.71790300873048  -42  -8.9375
0.705631162427395  -42  -4.0625
0.690291354548539  -42  14.1875
0.724038931882023  -42  -13
3.8564277007445  -42  1.1875
0.696427277700081  -42  14.1875
0.711767085578938  -42  -8.9375
3.85029177759296  -42  5.25
0.711767085578938  -42  0
3.8564277007445  -42  3.25
0.730174855033565  -42  -21.9375
3.86256362389604  -42  2
0.720970970306251  -42  2
0.705631162427395  -42  4.0625
0.711767085578938  -42  6.5
3.86563158547182  -42  5.25
3.85029177759296  -42  11.75
0.748582624488193  -42  -17.0625
0.74244670133665  -42  -13
0.730174855033565  -42.5  -8.9375
0.736310778185108  -42  -17.0625
0.724038931882023  -42  -4.0625
0.730174855033565  -42  -13
3.86256362389604  -42  2
0.724038931882023  -42  -4.0625
0.74244670133665  -42  -17.0625
0.74244670133665  -42  -21.9375
0.730174855033565  -42  -4.0625
0.702563200851624  -42  15
0.736310778185108  -42  -21.9375
0.71790300873048  -42  4.4375
0.730174855033565  -42  -4.0625
0.730174855033565  -42  -13
0.71790300873048  -42  -8.9375
0.724038931882023  -42  -8.9375
0.71790300873048  -42  -17.0625
0.74244670133665  -42  -21.9375
0.711767085578938  -42  0
0.71790300873048  -42.5  -8.9375
0.730174855033565  -42  -17.0625
0.711767085578938  -42  -4.0625
0.724038931882023  -42  -8.9375
0.699495239275852  -42  -4.0625
0.690291354548539  -42  16.25
0.724038931882023  -42  -8.9375
3.86256362389604  -42  2
0.724038931882023  -42  -8.9375
0.730174855033565  -42  -8.9375
0.74244670133665  -42.5  -17.0625
0.711767085578938  -42  -4.0625
0.702563200851624  -42  15
0.71790300873048  -42  -8.9375
3.86256362389604  -42  2
0.724038931882023  -42  -13
0.699495239275852  -42  14.1875
0.724038931882023  -42  -4.0625
3.86256362389604  -42  3.25
