0.745514662912422  -39.5  3.25
3.9208548938357  -39.5  0
3.91471897068416  -39.5  4.0625
0.773126317094363  -39.5  1.1875
0.773126317094363  -39.5  -1.1875
0.776194278670134  -39.5  0
3.88403935492644  -39.5  8.9375
3.89631120122953  -39.5  4.0625
3.91471897068416  -39.5  -8.9375
3.90858304753261  -39.5  -4.0625
3.90244712438107  -39.5  0
0.757786509215507  -39.5  -1.1875
3.89017527807799  -39.5  13
0.751650586063964  -39.5  1.1875
3.89631120122953  -39.5  8.9375
0.763922432367049  -39.5  -1.1875
3.92699081698724  -39.5  -13
0.763922432367049  -39  0
0.748582624488193  -39.5  4.4375
0.757786509215507  -39.5  -1.1875
3.89017527807799  -39.5  13
0.748582624488193  -39.5  3.25
0.763922432367049  -39  0
3.90244712438107  -39.5  8.9375
0.766990393942821  -39.5  -1.1875
3.90858304753261  -39.5  0
0.745514662912422  -39.5  6.5
3.9208548938357  -39.5  -8.9375
0.748582624488193  -39  4.4375
3.89631120122953  -39.5  4.0625
3.91471897068416  -39.5  -8.9375
0.748582624488193  -39.5  3.25
0.757786509215507  -39.5  -1.1875
0.766990393942821  -39.5  -1.1875
0.754718547639735  -39.5  -2
3.90858304753261  -39.5  0
0.760854470791278  -39.5  0
3.90858304753261  -39.5  0
3.90244712438107  -39.5  4.0625
3.90244712438107  -39.5  4.0625
3.91471897068416  -39.5  -8.9375
3.90244712438107  -39.5  4.0625
3.89631120122953  -39.5  8.9375
3.90244712438107  -39.5  -4.0625
3.90244712438107  -39.5  8.9375
3.90858304753261  -39.5  -4.0625
3.89631120122953  -39.5  8.9375
3.89631120122953  -39.5  8.9375
0.751650586063964  -39.5  2
0.760854470791278  -39.5  1.1875
3.90244712438107  -39.5  0
3.89017527807799  -39.5  13
0.736310778185108  -39.5  8.5
3.89631120122953  -39.5  13
0.751650586063964  -39.5  -1.1875
3.90244712438107  -39.5  -4.0625
0.760854470791278  -39.5  -2
3.91471897068416  -39.5  -4.0625
0.748582624488193  -39.5  2
0.766990393942821  -39.5  -3.25
3.89017527807799  -39.5  13
3.90244712438107  -39.5  4.0625
3.90858304753261  -39.5  0
0.748582624488193  -39.5  5.25
0.773126317094363  -39.5  -3.25
3.93312674013878  -39.5  -13
3.9208548938357  -39.5  0
0.748582624488193  -39.5  4.4375
0.760854470791278  -39.5  -1.1875
0.757786509215507  -39.5  0
3.91471897068416  -39.5  -8.9375
0.760854470791278  -39.5  -1.1875
3.90858304753261  -39.5  -4.0625
0.766990393942821  -39.5  0
0.760854470791278  -39.5  -2
0.770058355518592  -39.5  -3.25
3.90244712438107  -39.5  4.0625
3.91471897068416  -39.5  0
0.760854470791278  -39.5  -3.25
0.763922432367049  -39.5  -3.25
3.92699081698724  -39.5  -13
0.760854470791278  -39.5  -1.1875
3.91471897068416  -39.5  -4.0625
3.90858304753261  -39.5  -8.9375
0.754718547639735  -39.5  1.1875
0.748582624488193  -39.5  1.1875
3.89017527807799  -39.5  4.0625
0.763922432367049  -39.5  -3.25
0.763922432367049  -39.5  -3.25
0.760854470791278  -39.5  -1.1875
0.754718547639735  -39.5  0
3.88403935492644  -39.5  8.9375
3.89631120122953  -39.5  8.9375
3.89631120122953  -39.5  0
0.760854470791278  -39  1.1875
3.89017527807799  -39.5  13
0.748582624488193  -39.5  1.1875
3.90244712438107  -39.5  4.0625
3.88710731650221  -39  10.9375
3.90244712438107  -39.5  4.0625
0.757786509215507  -39.5  -1.1875
3.90858304753261  -39.5  0
3.90244712438107  -39.5  -4.0625
3.89017527807799  -39.5  8.9375
3.89631120122953  -39.5  8.9375
3.90244712438107  -39.5  -4.0625
0.763922432367049  -39.5  -5.25
3.89017527807799  -39.5  8.9375
0.757786509215507  -39.5  0
3.90244712438107  -39.5  4.0625
0.754718547639735  -39.5  0
0.74244670133665  -39.5  5.25
3.90244712438107  -39.5  4.0625
3.89017527807799  -39.5  8.9375
0.763922432367049  -39.5  -3.25
0.733242816609336  -39.5  14.1875
3.89631120122953  -39.5  0
3.89017527807799  -39.5  13
3.89017527807799  -39.5  8.9375
3.90244712438107  -39.5  0
3.89631120122953  -39.5  4.0625
3.90858304753261  -39.5  0
0.74244670133665  -39.5  4.4375
0.760854470791278  -39.5  -3.25
3.91471897068416  -39.5  -13
3.89017527807799  -39  0
0.757786509215507  -39.5  0
0.757786509215507  -39  -3.25
3.90858304753261  -39.5  -8.9375
0.754718547639735  -39.5  -1.1875
3.89017527807799  -39.5  0
0.763922432367049  -39.5  -4.4375
