5.04066086899222  -43.5  9.75
5.0529327152953  -43.5  8.5
5.07134048474993  -43.5  4.4375
5.0529327152953  -43.5  9.75
5.0744084463257  -43.5  4.4375
1.93588375431168  -43.5  -1.1875
5.07747640790147  -43.5  6.5
5.07747640790147  -43.5  5.25
5.06520456159839  -43.5  3.25
1.93281579273591  -43  -13
5.0529327152953  -43.5  6.5
1.92667986958437  -43  -13
1.92667986958437  -43  -8.9375
1.93281579273591  -43  -13
1.92054394643282  -43  -17.0625
5.03759290741645  -43.5  10.9375
5.06520456159839  -43.5  4.4375
1.90827210012974  -43  0
5.07134048474993  -43.5  -2
1.91440802328128  -43  -8.9375
5.05906863844684  -43.5  4.4375
5.03759290741645  -43.5  13
5.04372883056799  -43.5  8.5
5.05600067687107  -43.5  2
5.04372883056799  -43.5  8.5
5.06213660002262  -43.5  0
5.03452494584067  -43.5  10.9375
1.9021361769782  -43  -8.9375
1.92054394643282  -43  -13
1.91440802328128  -43  -4.0625
1.91134006170551  -43.5  8.5
1.92054394643282  -43  -8.9375
5.05600067687107  -43.5  6.5
5.04066086899222  -43.5  10.9375
1.92054394643282  -43  -8.9375
5.0529327152953  -43.5  4.4375
5.07134048474993  -43.5  -4.4375
1.9021361769782  -43  4.0625
1.89906821540242  -43.5  14.1875
5.03759290741645  -43.5  9.75
1.89906821540242  -43.5  14.1875
1.92054394643282  -43  -13
5.06827252317416  -43.5  1.1875
1.92054394643282  -43  -8.9375
1.93281579273591  -43  -21.9375
5.06520456159839  -43.5  4.4375
1.92667986958437  -43  -13
5.03759290741645  -43.5  4.4375
5.02838902268913  -43.5  10.9375
1.91440802328128  -43  -13
5.04679679214376  -43.5  0
1.91440802328128  -43  -17.0625
5.04066086899222  -43.5  2
5.04372883056799  -43.5  6.5
1.9021361769782  -43  -8.9375
5.03452494584067  -43.5  7.6875
1.88372840752357  -43.5  10.9375
1.9021361769782  -43  0
5.05906863844684  -43.5  0
5.02532106111336  -43.5  10.9375
1.90827210012974  -43  -17.0625
1.90827210012974  -43  -8.9375
1.9021361769782  -43  0
5.01304921481027  -43.5  10.9375
1.88986433067511  -43  -8.9375
5.04372883056799  -43.5  1.1875
1.89600025382665  -43  -21.9375
5.01918513796182  -43.5  13
1.89600025382665  -43  -8.9375
5.03452494584067  -43.5  5.25
1.9021361769782  -43  -13
1.88986433067511  -43  -8.9375
1.89600025382665  -43  -8.9375
1.88372840752357  -43  -4.0625
1.89600025382665  -43  -8.9375
5.0529327152953  -43.5  2
5.02225309953759  -43.5  13
5.04372883056799  -43.5  6.5
5.03452494584067  -43.5  8.5
1.88986433067511  -43.5  13
1.91440802328128  -43  -17.0625
5.04372883056799  -43.5  7.6875
5.0314569842649  -43.5  6.5
5.02838902268913  -43.5  5.25
1.9021361769782  -43  -8.9375
1.84998083019008  -43.5  24.8125
1.89600025382665  -43  -8.9375
5.03452494584067  -43.5  3.25
1.9021361769782  -43  -13
5.04986475371953  -43.5  3.25
5.02838902268913  -43.5  14.1875
1.91440802328128  -43  -17.0625
5.04066086899222  -43.5  9.75
5.02838902268913  -43.5  7.6875
1.91440802328128  -43  -13
5.05906863844684  -43.5  1.1875
5.03452494584067  -43.5  10.9375
5.04986475371953  -43.5  7.6875
1.9021361769782  -43  -8.9375
1.90827210012974  -43  -4.0625
5.03452494584067  -43.5  7.6875
5.03452494584067  -43.5  10.9375
5.04066086899222  -43.5  7.6875
1.90827210012974  -43  -13
5.0529327152953  -43.5  2
1.92054394643282  -43  -17.0625
1.9021361769782  -43  -4.0625
5.03452494584067  -43.5  11.75
1.92667986958437  -43  -13
1.89600025382665  -43.5  8.5
5.04986475371953  -43.5  5.25
1.91440802328128  -43  -8.9375
5.04679679214376  -43.5  8.5
1.90827210012974  -43  -8.9375
5.04679679214376  -43.5  7.6875
5.05906863844684  -43.5  2
5.0529327152953  -43.5  6.5
5.04679679214376  -43.5  5.25
1.9021361769782  -43  -4.0625
5.04986475371953  -43.5  8.5
5.05906863844684  -43.5  1.1875
5.04066086899222  -43.5  6.5
1.91440802328128  -43  -8.9375
5.05600067687107  -43.5  4.4375
1.90827210012974  -43  -8.9375
5.03759290741645  -43.5  10.9375
5.04986475371953  -43.5  5.25
1.90827210012974  -43  -8.9375
5.04066086899222  -43.5  8.5
5.04986475371953  -43.5  8.5
1.92054394643282  -43  -13
5.03452494584067  -43.5  13
