1.08605839782303  -47  -1.1875
4.2092432819582  -46.5  21.9375
1.08605839782303  -47  6.5
4.23378697456437  -46.5  0
4.22151512826128  -46.5  17.0625
1.10139820570189  -47  -1.1875
4.22151512826128  -46.5  8.9375
1.09833024412612  -46.5  -2
4.2092432819582  -46.5  13
1.09526228255035  -47  1.1875
4.23378697456437  -46.5  0
1.08605839782303  -47  4.4375
1.09526228255035  -47  1.1875
1.08912635939881  -47  5.25
1.09526228255035  -46.5  1.1875
1.08605839782303  -46.5  9.75
1.09219432097458  -47  4.4375
1.09833024412612  -47  -1.1875
4.24605882086745  -46.5  4.0625
1.08912635939881  -47  2
1.08605839782303  -47  2
4.21537920510974  -46.5  21.9375
1.07992247467149  -47  5.25
1.08605839782303  -47  3.25
4.21537920510974  -46.5  21.9375
1.08605839782303  -47  2
1.08605839782303  -47  2
4.22151512826128  -46.5  13
1.07378655151995  -47  15
1.09219432097458  -47  6.5
1.09833024412612  -47  -2
4.2307190129886  -47  5.25
4.21537920510974  -46.5  17.0625
4.21844716668551  -46.5  11.75
1.09526228255035  -47  -1.1875
4.23378697456437  -46.5  8.9375
1.09219432097458  -47  -3.25
4.2092432819582  -46.5  13
1.06151470521686  -47  13
4.23378697456437  -46.5  0
1.06765062836841  -47  13
1.09526228255035  -47  -1.1875
1.07071858994418  -47  10.9375
1.07992247467149  -47  9.75
1.08912635939881  -47  2
4.20310735880666  -46.5  21.9375
1.08912635939881  -47  0
1.07378655151995  -47  9.75
4.19697143565511  -46.5  30.0625
1.07992247467149  -47  -3.25
1.05844674364109  -47  15
1.07071858994418  -47  13
4.22151512826128  -46.5  8.9375
1.07992247467149  -47  6.5
1.08299043624726  -47  1.1875
4.20003939723089  -47  14.1875
1.07378655151995  -47  4.4375
4.19697143565511  -46.5  13
1.07071858994418  -47  7.6875
4.19697143565511  -46.5  21.9375
1.07071858994418  -47  6.5
1.07992247467149  -47  2
4.21537920510974  -47  8.5
1.08605839782303  -47  0
4.23992289771591  -46.5  0
1.08299043624726  -47  1.1875
4.20310735880666  -46.5  21.9375
1.09219432097458  -47  0
1.08605839782303  -47  3.25
1.08912635939881  -47  5.25
4.23378697456437  -46.5  0
4.20617532038243  -47  14.1875
4.22151512826128  -46.5  17.0625
1.08912635939881  -47  1.1875
4.23992289771591  -46.5  -4.0625
4.19697143565511  -47  26
1.07685451309572  -47  7.6875
1.08605839782303  -47  -1.1875
4.23378697456437  -46.5  -4.0625
1.08299043624726  -47  1.1875
1.06458266679264  -47  9.75
4.2092432819582  -46.5  17.0625
4.19697143565511  -46.5  21.9375
1.07378655151995  -47  6.5
1.07685451309572  -47  2
1.08912635939881  -47  1.1875
1.08912635939881  -47  -1.1875
4.21537920510974  -46.5  17.0625
1.08299043624726  -47  -1.1875
4.19697143565511  -46.5  34.9375
1.07992247467149  -47  1.1875
1.07992247467149  -47  2
4.23992289771591  -46.5  -4.0625
4.23378697456437  -46.5  -4.0625
1.06458266679264  -47  13
1.07071858994418  -47  5.25
4.23378697456437  -46.5  4.0625
1.07992247467149  -47  2
1.09219432097458  -47  0
1.06765062836841  -47  11.75
4.22765105141283  -46.5  0
1.08912635939881  -47  1.1875
4.20310735880666  -46.5  34.9375
1.07992247467149  -47  4.4375
1.07378655151995  -47  6.5
1.08605839782303  -47  1.1875
1.08299043624726  -47  -3.25
1.07071858994418  -47  6.5
4.19083551250357  -46.5  39
4.1877675509278  -47  19.5
1.07071858994418  -47  2
4.23992289771591  -46.5  -13
1.07071858994418  -47  2
1.06151470521686  -47  9.75
4.22151512826128  -46.5  -4.0625
1.06151470521686  -47  11.75
1.06151470521686  -47  10.9375
1.05231082048955  -47  11.75
1.06458266679264  -47  3.25
1.07071858994418  -47  2
4.21537920510974  -46.5  17.0625
1.06458266679264  -47  -1.1875
1.07378655151995  -47  3.25
4.22151512826128  -46.5  -4.0625
4.23378697456437  -46.5  -4.0625
1.07378655151995  -47  -1.1875
1.07685451309572  -47  -2
4.23378697456437  -46.5  -4.0625
1.05537878206532  -47  11.75
1.07685451309572  -47  -3.25
1.05537878206532  -47  11.75
4.20003939723089  -47  13
