3.78586458450176  -41  34.9375
3.79813643080485  -41  30.0625
0.708699124003166  -41  0
0.702563200851624  -41  -2
0.702563200851624  -41  0
0.711767085578938  -41  0
0.702563200851624  -41  3.25
0.696427277700081  -41  3.25
0.702563200851624  -41  1.1875
0.705631162427395  -41  1.1875
0.711767085578938  -41  -1.1875
0.705631162427395  -41  -1.1875
3.82881604656256  -41  17.0625
0.711767085578938  -41  1.1875
0.708699124003166  -41  -1.1875
0.711767085578938  -41  -1.1875
3.8349519697141  -41  17.0625
3.82881604656256  -41  26
0.699495239275852  -41  -2
0.699495239275852  -41  0
0.705631162427395  -41  0
3.82881604656256  -41  13
0.687223392972767  -41  7.6875
0.705631162427395  -41  1.1875
3.8349519697141  -41  13
0.711767085578938  -41  -3.25
0.705631162427395  -41  -1.1875
0.690291354548539  -41  9.75
0.684155431396996  -41  8.5
0.687223392972767  -41  1.1875
0.678019508245453  -41  10.9375
3.8349519697141  -41  4.0625
0.671883585093911  -41  6.5
0.702563200851624  -41  -3.25
3.82881604656256  -41  13
0.684155431396996  -41  3.25
3.80427235395639  -41  30.0625
0.699495239275852  -41  -3.25
0.671883585093911  -41  4.4375
0.684155431396996  -41  4.4375
0.69335931612431  -41  -1.1875
0.696427277700081  -41  -1.1875
0.699495239275852  -41  0
0.671883585093911  -41  11.75
0.69335931612431  -41  1.1875
3.80427235395639  -41  30.0625
3.80427235395639  -41  26
0.696427277700081  -41  -1.1875
0.699495239275852  -41  -2
3.80427235395639  -41  30.0625
0.69335931612431  -41  1.1875
0.690291354548539  -41  1.1875
3.81040827710793  -41  21.9375
0.699495239275852  -41  -2
0.690291354548539  -41  0
0.702563200851624  -41  0
0.702563200851624  -41  -1.1875
0.69335931612431  -41  1.1875
0.687223392972767  -41  2
3.81040827710793  -41  21.9375
3.79813643080485  -41  34.9375
0.69335931612431  -41  0
0.69335931612431  -41  0
0.674951546669682  -41  10.9375
0.69335931612431  -41  -1.1875
0.702563200851624  -41  0
0.702563200851624  -41  -3.25
3.84108789286565  -41  0
0.674951546669682  -41  8.5
0.696427277700081  -41  1.1875
3.81040827710793  -41  26
0.678019508245453  -41  5.25
0.659611738790826  -41  14.1875
3.81040827710793  -41  30.0625
3.81654420025948  -41  21.9375
0.687223392972767  -41  4.4375
0.69335931612431  -41  -1.1875
0.69335931612431  -41  1.1875
3.81040827710793  -41  30.0625
0.705631162427395  -41  -1.1875
0.687223392972767  -41  1.1875
0.690291354548539  -41  1.1875
3.82881604656256  -41  8.9375
0.678019508245453  -41  4.4375
0.674951546669682  -41  4.4375
0.687223392972767  -41  3.25
0.69335931612431  -41  0
0.687223392972767  -41  0
3.82574808498679  -41  3.25
3.82881604656256  -41  4.0625
0.684155431396996  -41  4.4375
0.690291354548539  -41  -1.1875
3.80427235395639  -41  30.0625
0.696427277700081  -41  -2
0.699495239275852  -41  -1.1875
0.69335931612431  -41  0
0.671883585093911  -41  14.1875
0.696427277700081  -41  -3.25
0.699495239275852  -41  -3.25
0.681087469821225  -41  5.25
3.79813643080485  -41  34.9375
0.705631162427395  -41  -3.25
3.80427235395639  -41  30.0625
0.696427277700081  -41  -1.1875
3.79813643080485  -41  34.9375
3.82268012341102  -41  13
0.699495239275852  -41  -3.25
0.69335931612431  -41  -1.1875
0.662679700366597  -41  14.1875
3.81654420025948  -41  9.75
0.690291354548539  -41  1.1875
0.696427277700081  -41  1.1875
0.702563200851624  -41  -2
3.81654420025948  -41  26
0.705631162427395  -41  -3.25
0.702563200851624  -41  -1.1875
3.7920005076533  -41  43.125
0.708699124003166  -41  -4.4375
0.696427277700081  -41  -2
3.80427235395639  -41  34.9375
3.82268012341102  -41  17.0625
0.696427277700081  -41  0
0.705631162427395  -41  -1.1875
3.81654420025948  -41  21.9375
3.82881604656256  -41  17.0625
0.699495239275852  -41  -2
3.81654420025948  -41  17.0625
0.69335931612431  -41  1.1875
0.687223392972767  -41  2
3.81654420025948  -41  21.9375
0.705631162427395  -41  -2
0.699495239275852  -41  -2
