3.29805869395413  -39  -2
0.125786424606623  -39  13
0.116582539879309  -39  15
0.171805848243192  -38.5  -4.0625
0.153398078788564  -39  1.1875
0.141126232485479  -38.5  0
0.128854386182394  -39  8.9375
0.134990309333936  -39  -1.1875
0.153398078788564  -38.5  -17.0625
0.116582539879309  -39  11.75
0.110446616727766  -39  14.1875
0.104310693576224  -39  20.75
0.147262155637022  -38.5  -8.9375
3.2796509244995  -39  -1.1875
0.113514578303537  -39  10.9375
0.113514578303537  -39  13
0.153398078788564  -38.5  -8.9375
0.113514578303537  -39  11.75
0.141126232485479  -38.5  0
0.125786424606623  -39  10.9375
0.153398078788564  -38.5  -4.0625
0.147262155637022  -38.5  -4.0625
0.113514578303537  -39  14.1875
0.110446616727766  -39  15
0.153398078788564  -38.5  -8.9375
3.29499073237836  -39  -6.5
0.134990309333936  -38.5  8.9375
0.141126232485479  -39  -1.1875
0.153398078788564  -38.5  -8.9375
0.113514578303537  -39  14.1875
0.11965050145508  -39  11.75
3.26431111662064  -39  8.5
0.159534001940107  -38.5  0
0.153398078788564  -38.5  0
0.147262155637022  -38.5  -4.0625
0.113514578303537  -39  16.25
0.125786424606623  -39  11.75
0.159534001940107  -38.5  -4.0625
0.128854386182394  -39  14.1875
0.125786424606623  -39  11.75
0.177941771394734  -38.5  -17.0625
0.131922347758165  -39  10.9375
0.165669925091649  -38.5  -4.0625
0.131922347758165  -39  11.75
0.165669925091649  -38.5  -8.9375
0.125786424606623  -38.5  16.25
0.125786424606623  -39  14.1875
0.153398078788564  -39  -2
0.165669925091649  -38.5  -8.9375
0.14419419406125  -38.5  7.6875
0.153398078788564  -38.5  0
0.122718463030851  -38.5  11.75
0.171805848243192  -38.5  -8.9375
3.29805869395413  -39  -1.1875
0.141126232485479  -39  10.9375
0.177941771394734  -38.5  -13
0.11965050145508  -38.5  14.1875
0.165669925091649  -38.5  -8.9375
0.134990309333936  -39  11.75
0.165669925091649  -38.5  -4.0625
0.165669925091649  -38.5  -4.0625
0.125786424606623  -39  17.4375
0.138058270909708  -39  10.9375
3.26431111662064  -39  13
0.113514578303537  -39  18.25
0.122718463030851  -38.5  16.25
0.125786424606623  -38.5  15
0.165669925091649  -38.5  -8.9375
0.138058270909708  -39  10.9375
0.177941771394734  -38.5  -13
3.29805869395413  -39  -1.1875
0.138058270909708  -39  11.75
0.184077694546277  -38.5  -21.9375
0.122718463030851  -39  17.4375
0.159534001940107  -38.5  -4.0625
0.125786424606623  -39  14.1875
0.153398078788564  -38.5  0
0.14419419406125  -39  10.9375
0.131922347758165  -39  11.75
0.131922347758165  -39  9.75
0.150330117212793  -39  0
0.165669925091649  -38.5  -8.9375
0.14419419406125  -39  2
0.125786424606623  -39  10.9375
0.171805848243192  -38.5  -13
0.165669925091649  -38.5  -8.9375
0.159534001940107  -38.5  0
0.159534001940107  -38.5  0
0.125786424606623  -39  13
0.11965050145508  -39  17.4375
0.153398078788564  -38.5  0
0.147262155637022  -39  1.1875
0.122718463030851  -39  16.25
0.153398078788564  -38.5  4.0625
0.125786424606623  -39  13
0.14419419406125  -39  1.1875
0.11965050145508  -39  10.9375
0.122718463030851  -39  11.75
0.131922347758165  -39  13
0.165669925091649  -38.5  -8.9375
0.11965050145508  -39  13
0.125786424606623  -39  11.75
0.110446616727766  -39  18.25
0.113514578303537  -39  17.4375
0.138058270909708  -39  1.1875
0.147262155637022  -38.5  0
0.159534001940107  -38.5  -13
0.159534001940107  -38.5  -13
0.116582539879309  -39  15
0.153398078788564  -38.5  -4.0625
3.2796509244995  -39  4.4375
0.153398078788564  -38.5  0
0.11965050145508  -39  14.1875
0.147262155637022  -38.5  0
0.11965050145508  -39  16.25
0.153398078788564  -38.5  0
0.122718463030851  -39  13
0.159534001940107  -38.5  -4.0625
0.122718463030851  -39  14.1875
0.11965050145508  -39  13
0.165669925091649  -38.5  -17.0625
0.125786424606623  -39  14.1875
0.171805848243192  -38.5  -17.0625
3.28885480922681  -39  3.25
0.171805848243192  -38.5  -4.0625
0.125786424606623  -39  13
0.14419419406125  -39  9.75
0.141126232485479  -38.5  11.75
0.165669925091649  -38.5  -8.9375
0.150330117212793  -38.5  1.1875
0.122718463030851  -38.5  14.1875
0.159534001940107  -38.5  -13
