5.41188421966054  -48.5  6.5
5.40881625808477  -48.5  13
5.405748296509  -48.5  8.5
5.42415606596363  -48  6.5
5.4272240275394  -48.5  4.4375
5.40881625808477  -48.5  16.25
5.41802014281208  -48.5  15
2.27029156607075  -48.5  13
5.41802014281208  -48.5  11.75
2.26415564291921  -48.5  13
5.42415606596363  -48  4.4375
5.40881625808477  -48.5  15
5.41495218123631  -48.5  11.75
5.40268033493323  -48.5  15
5.42108810438786  -48  8.5
2.27642748922229  -48.5  21.9375
5.39654441178169  -48.5  19.5
2.25801971976766  -48.5  14.1875
2.25495175819189  -48.5  20.75
5.4272240275394  -48.5  4.4375
5.41188421966054  -48.5  15
2.28256341237383  -48.5  13
5.42108810438786  -48.5  8.5
2.26108768134344  -48.5  15
5.41188421966054  -48.5  11.75
5.43029198911517  -48  7.6875
5.41188421966054  -48.5  9.75
5.41188421966054  -48.5  16.25
5.41495218123631  -48.5  13
2.28256341237383  -48.5  0
5.42108810438786  -48  7.6875
2.28256341237383  -48.5  13
2.28869933552538  -48.5  8.9375
5.405748296509  -48.5  14.1875
5.41802014281208  -48.5  8.5
5.39654441178169  -48.5  14.1875
5.4272240275394  -48  6.5
5.41495218123631  -48.5  10.9375
5.41495218123631  -48.5  6.5
5.41802014281208  -48.5  10.9375
5.405748296509  -48.5  13
5.41188421966054  -48.5  16.25
5.41188421966054  -48.5  15
5.41188421966054  -48.5  6.5
5.41802014281208  -48.5  7.6875
5.41802014281208  -48.5  10.9375
2.27029156607075  -48.5  17.0625
5.42108810438786  -48.5  7.6875
2.28256341237383  -48.5  0
5.41802014281208  -48.5  6.5
5.39961237335746  -48.5  14.1875
5.40268033493323  -48.5  17.4375
5.42415606596363  -48.5  2
2.29483525867692  -48.5  0
5.40268033493323  -48.5  11.75
5.40881625808477  -48.5  9.75
5.40268033493323  -48.5  16.25
5.39347645020591  -48.5  20.75
2.28256341237383  -48.5  13
5.41188421966054  -48.5  11.75
2.31324302813155  -48.5  -21.9375
5.39654441178169  -48.5  17.4375
2.27642748922229  -48.5  17.0625
2.29483525867692  -48.5  13
5.42108810438786  -48.5  9.75
5.405748296509  -48.5  15
2.26415564291921  -48.5  26
5.42415606596363  -48  9.75
5.41802014281208  -48.5  14.1875
2.28256341237383  -48.5  8.9375
2.31324302813155  -48.5  -4.0625
5.42415606596363  -48.5  7.6875
5.41802014281208  -48.5  8.5
2.28869933552538  -48.5  4.0625
5.43642791226671  -48.5  1.1875
5.41802014281208  -48.5  7.6875
5.42415606596363  -48.5  7.6875
2.27029156607075  -48.5  26
5.41495218123631  -48.5  7.6875
5.41802014281208  -48.5  8.5
2.29483525867692  -48.5  0
5.42108810438786  -48.5  10.9375
5.40268033493323  -48.5  15
5.43029198911517  -48.5  5.25
2.28869933552538  -48.5  13
5.43642791226671  -48.5  6.5
5.4272240275394  -48.5  8.5
5.43029198911517  -48.5  6.5
5.41495218123631  -48.5  16.25
5.40268033493323  -48.5  19.5
5.42108810438786  -48.5  9.75
2.27642748922229  -48.5  26
5.405748296509  -48.5  16.25
5.41802014281208  -48.5  8.5
5.41188421966054  -48.5  8.5
5.4272240275394  -48.5  8.5
5.42415606596363  -48.5  6.5
5.43029198911517  -48.5  4.4375
5.39347645020591  -48.5  22.75
5.40268033493323  -48.5  10.9375
5.42415606596363  -48.5  4.4375
5.40881625808477  -48.5  14.1875
5.40881625808477  -48.5  14.1875
2.28869933552538  -48.5  4.0625
5.41802014281208  -48.5  10.9375
2.25495175819189  -48.5  18.25
5.4272240275394  -48.5  3.25
5.41188421966054  -48.5  8.5
5.41495218123631  -48.5  6.5
5.4272240275394  -48.5  0
5.40881625808477  -48.5  11.75
5.41188421966054  -48.5  9.75
5.39654441178169  -48.5  22.75
5.39654441178169  -48.5  21.5625
5.41802014281208  -48.5  13
2.30097118182846  -48.5  8.9375
5.4272240275394  -48.5  7.6875
2.29483525867692  -48.5  4.0625
5.41495218123631  -48.5  14.1875
5.4272240275394  -48.5  7.6875
5.42415606596363  -48.5  10.9375
2.28869933552538  -48.5  13
5.41802014281208  -48.5  11.75
5.41495218123631  -48.5  8.5
5.43029198911517  -48.5  1.1875
5.41802014281208  -48.5  9.75
5.4272240275394  -48.5  8.5
5.42108810438786  -48.5  10.9375
5.40268033493323  -48.5  16.25
2.25801971976766  -48.5  26
5.39040848863014  -48.5  16.25
5.42415606596363  -48  4.4375
