2.70594210983027  -42.5  4.0625
5.88128234075355  -43  -2
5.86594253287469  -43  6.5
5.89048622548086  -43  -1.1875
5.86287457129892  -43  7.6875
5.87207845602623  -43  8.5
5.86901049445046  -43  10.9375
2.70594210983027  -42.5  4.0625
5.85673864814738  -43  11.75
2.69980618667873  -42.5  8.9375
5.86594253287469  -43  9.75
2.71207803298181  -42.5  13
5.86287457129892  -43  10.9375
5.86901049445046  -43  7.6875
5.89048622548086  -43  -2
2.71821395613336  -42.5  8.9375
5.86287457129892  -43  8.5
5.86901049445046  -43  11.75
5.87514641760201  -43  4.4375
2.75809745661838  -43  -6.5
5.88128234075355  -43  4.4375
5.85980660972315  -43  4.4375
5.83833087869275  -43  14.1875
5.84446680184429  -43  8.5
2.69980618667873  -42.5  4.0625
5.84753476342006  -43  9.75
5.85060272499584  -43  6.5
5.86594253287469  -43  3.25
5.85367068657161  -43  7.6875
5.86287457129892  -43  0
5.83219495554121  -43  19.5
5.86287457129892  -43  6.5
5.88435030232932  -43  -4.4375
5.84753476342006  -43  11.75
5.85367068657161  -43  8.5
5.85980660972315  -43  4.4375
2.6813984172241  -42.5  17.0625
5.84753476342006  -43  6.5
2.6813984172241  -42.5  17.0625
5.85673864814738  -43  7.6875
5.85060272499584  -43  5.25
2.67526249407256  -42.5  13
5.83219495554121  -43  8.5
5.83219495554121  -43  5.25
5.81992310923812  -43  10.9375
5.86287457129892  -43  5.25
2.6813984172241  -42.5  21.9375
5.85060272499584  -43  9.75
5.86901049445046  -43  6.5
5.88435030232932  -43  -1.1875
5.85980660972315  -43  4.4375
5.87207845602623  -43  2
5.87207845602623  -43  -3.25
5.82912699396544  -43  11.75
2.66912657092102  -42.5  17.0625
2.67526249407256  -42.5  4.0625
5.84139884026852  -43  -3.25
5.83833087869275  -43  4.4375
5.81071922451081  -43  13
2.66299064776947  -42.5  4.0625
5.84139884026852  -43  1.1875
5.82299107081389  -43  9.75
2.66912657092102  -42.5  8.9375
5.82912699396544  -43  4.4375
2.68753434037564  -42.5  0
5.82912699396544  -43  11.75
5.84139884026852  -43  4.4375
5.83219495554121  -43  9.75
5.83526291711698  -43  10.9375
5.85367068657161  -43  4.4375
2.68753434037564  -42.5  13
2.69980618667873  -42.5  4.0625
2.70594210983027  -42.5  4.0625
5.85367068657161  -43  6.5
5.85673864814738  -43  10.9375
5.85673864814738  -43  11.75
5.85980660972315  -43  10.9375
5.86594253287469  -43  9.75
5.85673864814738  -43  10.9375
5.85060272499584  -43  11.75
5.86287457129892  -43  9.75
5.87821437917778  -43  4.4375
5.85980660972315  -43  7.6875
5.84446680184429  -43  15
2.70594210983027  -42.5  8.9375
5.84446680184429  -43  13
5.85060272499584  -43  6.5
5.83219495554121  -43  11.75
2.67526249407256  -42.5  17.0625
5.84753476342006  -43  2
5.82299107081389  -43  13
5.84139884026852  -43  -1.1875
2.66299064776947  -42.5  8.9375
5.81071922451081  -43  11.75
5.84753476342006  -43  -7.6875
5.81071922451081  -43  8.5
5.81071922451081  -43  10.9375
2.65685472461793  -42.5  8.9375
5.81071922451081  -43  8.5
5.81378718608658  -43  6.5
5.82912699396544  -43  3.25
5.80765126293504  -43  11.75
2.65071880146639  -43  21.9375
5.81071922451081  -43  9.75
5.81378718608658  -43  9.75
2.66299064776947  -42.5  8.9375
5.82912699396544  -43  6.5
5.81992310923812  -43  11.75
2.67526249407256  -42.5  13
5.84139884026852  -43  7.6875
5.81685514766235  -43  10.9375
2.66912657092102  -42.5  13
5.82912699396544  -43  9.75
5.83219495554121  -43  8.5
2.67526249407256  -42.5  8.9375
5.80458330135927  -43  17.4375
5.82912699396544  -43  8.5
5.82912699396544  -43  10.9375
5.83219495554121  -43  10.9375
2.6813984172241  -42.5  8.9375
5.84753476342006  -43  5.25
5.86287457129892  -43  -2
5.85980660972315  -43  2
2.6813984172241  -42.5  4.0625
5.83526291711698  -43  10.9375
5.84753476342006  -43  9.75
2.6813984172241  -43  8.9375
2.67526249407256  -43  13
5.84446680184429  -43  8.5
5.84139884026852  -43  9.75
5.86287457129892  -43  0
5.82605903238967  -43  14.1875
