5.04372883056799  -48  15
1.93281579273591  -48  8.5
1.92974783116014  -48  7.6875
1.93588375431168  -48  10.9375
5.06213660002262  -48  15
1.94201967746322  -48  10.9375
5.08668029262879  -48  13
5.09895213893187  -47.5  -4.0625
1.93588375431168  -48  5.25
5.09281621578033  -48  4.0625
5.08054436947724  -48  8.9375
5.06213660002262  -48  18.25
1.93281579273591  -48  4.4375
1.95429152376631  -48  -2
1.91747598485705  -48  15
1.93588375431168  -48  3.25
5.08668029262879  -47.5  4.0625
1.93895171588745  -48  4.4375
5.0744084463257  -48  8.9375
1.95122356219054  -48  -3.25
1.94508763903899  -48  0
1.93895171588745  -48  4.4375
5.05600067687107  -48  14.1875
5.0529327152953  -48  19.5
1.93895171588745  -48  6.5
1.94508763903899  -48  2
1.92361190800859  -48  6.5
5.05600067687107  -48  16.25
5.05600067687107  -48  18.25
1.93588375431168  -48  4.4375
5.0744084463257  -48  17.0625
1.94201967746322  -48  5.25
1.92974783116014  -48  9.75
1.93281579273591  -48  4.4375
1.93895171588745  -48  2
1.94508763903899  -48  1.1875
1.91747598485705  -48.5  16.25
5.08054436947724  -48  17.0625
1.94201967746322  -48  7.6875
1.94508763903899  -48  1.1875
1.92667986958437  -48  15
5.07134048474993  -48  15
5.09281621578033  -47.5  4.0625
5.06520456159839  -48  19.5
1.95429152376631  -48  0
5.1173599083865  -48  -4.0625
1.95735948534208  -48  0
5.08054436947724  -48  5.25
5.07134048474993  -48  10.9375
1.95429152376631  -48  4.4375
5.09895213893187  -48  13
1.94508763903899  -48  11.75
5.06520456159839  -48  19.5
1.94201967746322  -48  9.75
1.95735948534208  -48  0
5.09895213893187  -48  8.9375
5.08668029262879  -48  8.9375
5.06520456159839  -48  20.75
1.92054394643282  -48  14.1875
5.05906863844684  -48  17.4375
5.08668029262879  -48  5.25
5.05600067687107  -48  19.5
1.92667986958437  -48  15
1.95122356219054  -48  0
1.94815560061476  -48  4.4375
1.93895171588745  -48  7.6875
5.11122398523496  -47.5  -8.9375
1.95122356219054  -48  2
1.92974783116014  -48  10.9375
1.94508763903899  -48  1.1875
5.0744084463257  -48  10.9375
1.95429152376631  -48  2
1.94201967746322  -48  3.25
1.94815560061476  -48  3.25
1.95735948534208  -48  -1.1875
1.95122356219054  -48  -1.1875
1.95122356219054  -48.5  -1.1875
5.09895213893187  -48  13
5.09281621578033  -48  4.0625
1.93895171588745  -48  9.75
1.94508763903899  -48  10.9375
1.96042744691785  -48  0
1.92361190800859  -48.5  9.75
1.94815560061476  -48  0
5.10202010050764  -48  -3.25
1.93281579273591  -48  7.6875
1.93588375431168  -48  13
1.94815560061476  -48  3.25
1.95429152376631  -48  1.1875
1.94201967746322  -48  7.6875
5.06827252317416  -48  11.75
1.94508763903899  -48  4.4375
5.11122398523496  -47.5  -4.0625
1.95735948534208  -48  -1.1875
1.95429152376631  -48  0
5.06520456159839  -48  21.5625
5.06213660002262  -48  21.5625
1.94815560061476  -48  -1.1875
1.95735948534208  -48  -1.1875
1.95122356219054  -48  1.1875
1.92054394643282  -48  19.5
5.11122398523496  -48  -8.9375
1.96349540849362  -48  2
1.95735948534208  -48  3.25
1.96042744691785  -48  0
1.93895171588745  -48  11.75
5.09895213893187  -48  8.9375
1.95122356219054  -48  3.25
5.0744084463257  -48  14.1875
5.1173599083865  -48  -13
1.95122356219054  -48  1.1875
5.05600067687107  -48  22.75
5.06827252317416  -48  18.25
5.1173599083865  -48  -8.9375
1.93588375431168  -48  11.75
5.0744084463257  -48  17.4375
1.94201967746322  -48  4.4375
5.10508806208341  -48  -8.9375
1.95122356219054  -48  5.25
1.94508763903899  -48  0
1.95735948534208  -48  0
1.94508763903899  -48  3.25
5.09281621578033  -48  0
1.93895171588745  -48  4.4375
5.06520456159839  -48  19.5
1.94201967746322  -48  4.4375
1.95429152376631  -48  0
1.93895171588745  -48  5.25
5.05906863844684  -48  18.25
1.93588375431168  -48  7.6875
5.10508806208341  -47.5  0
1.94508763903899  -48  6.5
