6.2709134608765  -40.5  -21.9375
6.25250569142187  -40.5  4.0625
6.25864161457342  -40.5  4.0625
6.23716588354302  -40.5  15
6.24023384511879  -40.5  15
6.25864161457342  -40.5  0
6.24330180669456  -40.5  11.75
6.2709134608765  -40.5  -4.0625
6.23716588354302  -40.5  17.4375
6.24023384511879  -40.5  16.25
6.23409792196725  -40.5  26
6.24023384511879  -40.5  13
6.24023384511879  -40.5  11.75
6.2709134608765  -40.5  0
6.23102996039147  -40.5  13
6.26477753772496  -40.5  -2
6.25864161457342  -40.5  4.0625
6.23716588354302  -40.5  15
6.24330180669456  -40.5  15
6.21262219093685  -40.5  15
6.27704938402804  -40.5  -34.9375
6.21875811408839  -40.5  11.75
6.2279619988157  -40.5  8.9375
6.22182607566416  -40.5  13
6.25250569142187  -40.5  -13
6.21569015251262  -40.5  15
6.21262219093685  -40.5  13
6.2279619988157  -40.5  8.9375
6.21875811408839  -40.5  10.9375
6.26477753772496  -40.5  -21.9375
6.21569015251262  -40.5  15
6.24023384511879  -40.5  8.9375
6.21262219093685  -40.5  16.25
6.24636976827033  -40.5  -4.0625
6.24636976827033  -40.5  4.0625
6.25250569142187  -40.5  -13
6.24636976827033  -40.5  0
6.24636976827033  -40.5  4.0625
6.21569015251262  -40.5  15
6.25250569142187  -40.5  -13
6.21875811408839  -40.5  16.25
6.25250569142187  -40.5  0
6.21569015251262  -40.5  18.25
6.25864161457342  -40.5  -8.9375
6.22182607566416  -40.5  13
6.24023384511879  -40.5  4.0625
6.22182607566416  -40.5  17.4375
6.2279619988157  -40.5  13
6.22489403723993  -40.5  15
6.23409792196725  -40.5  8.9375
6.25250569142187  -40.5  -4.0625
6.24330180669456  -40.5  6.5
6.26477753772496  -40.5  -13
6.25250569142187  -40.5  -4.0625
6.23409792196725  -40.5  0
6.25864161457342  -40.5  -17.0625
6.25864161457342  -40.5  -13
6.26477753772496  -40.5  -13
6.22182607566416  -40.5  14.1875
6.22489403723993  -40.5  11.75
6.22489403723993  -40.5  17.4375
6.21569015251262  -40.5  17.0625
6.24636976827033  -40.5  1.1875
6.24023384511879  -40.5  4.0625
6.24636976827033  -40.5  0
6.24636976827033  -40.5  -4.0625
6.24636976827033  -40.5  0
6.21875811408839  -40.5  16.25
6.24023384511879  -40.5  8.9375
6.22489403723993  -40.5  14.1875
6.24023384511879  -40.5  4.0625
6.25250569142187  -40.5  -4.0625
6.25864161457342  -40.5  -13
6.21875811408839  -40.5  14.1875
6.24023384511879  -40.5  0
6.2279619988157  -40.5  10.9375
6.24023384511879  -40.5  -4.0625
6.22182607566416  -40.5  16.25
6.24636976827033  -40.5  0
6.25250569142187  -40.5  -4.0625
6.25864161457342  -40.5  -4.0625
6.22182607566416  -40.5  15
6.24636976827033  -40.5  0
6.24636976827033  -40.5  -4.0625
6.24636976827033  -40.5  -4.0625
6.25250569142187  -40.5  -4.0625
6.25250569142187  -40.5  -8.9375
6.21875811408839  -40.5  15
6.25250569142187  -40.5  -8.9375
6.22489403723993  -40.5  10.9375
6.25864161457342  -40.5  -8.9375
6.21569015251262  -40.5  13
6.25864161457342  -40.5  -13
6.22489403723993  -40.5  8.5
6.25250569142187  -40.5  -4.0625
6.21569015251262  -40.5  17.4375
6.25250569142187  -40.5  -8.9375
6.22182607566416  -40.5  10.9375
6.21262219093685  -40.5  16.25
6.25864161457342  -40.5  -8.9375
6.22182607566416  -40.5  17.0625
6.24023384511879  -40.5  3.25
6.25250569142187  -40.5  0
6.23409792196725  -40.5  13
6.26477753772496  -40.5  -17.0625
6.25864161457342  -40.5  0
6.25557365299764  -40.5  2
6.24023384511879  -40.5  4.0625
6.21875811408839  -40.5  14.1875
6.25250569142187  -40.5  -4.0625
6.21875811408839  -40.5  14.1875
6.2279619988157  -40.5  15
6.2279619988157  -40.5  11.75
6.24023384511879  -40.5  0
6.21875811408839  -40.5  17.4375
6.25250569142187  -40.5  -4.0625
6.22182607566416  -40.5  13
6.25864161457342  -40.5  -13
6.23409792196725  -40.5  7.6875
6.25864161457342  -40.5  -13
6.25250569142187  -40.5  -4.0625
6.24023384511879  -40.5  4.0625
6.25250569142187  -40.5  4.0625
6.25250569142187  -40.5  -4.0625
6.23409792196725  -40.5  8.9375
6.24023384511879  -40.5  0
6.22182607566416  -40.5  15
6.25864161457342  -40.5  -4.0625
6.25250569142187  -40.5  4.0625
6.2279619988157  -40.5  15
6.22489403723993  -40.5  15
6.26477753772496  -40.5  -8.9375
