0.365087427516783  -42  5.25
0.380427235395639  -42  7.6875
0.386563158547182  -42  7.6875
0.417242774304894  -41.5  -13
0.395767043274495  -42  10.9375
0.411106851153352  -42  3.25
3.56497135104623  -42  -7.6875
0.42951462060798  -41.5  -8.9375
0.392699081698724  -42  13
0.417242774304894  -41.5  0
0.404970928001809  -42  10.9375
0.408038889577581  -42  11.75
0.408038889577581  -42  9.75
0.411106851153352  -42  6.5
0.423378697456437  -42  0
0.414174812729123  -42  10.9375
0.404970928001809  -42  11.75
0.435650543759522  -41.5  -4.0625
0.398835004850267  -41.5  4.0625
0.38349519697141  -42  9.75
0.398835004850267  -41.5  -8.9375
0.404970928001809  -41.5  -8.9375
0.38349519697141  -42  7.6875
0.386563158547182  -41.5  0
3.53122377371275  -42  0
0.368155389092554  -42  13
0.380427235395639  -42  13
0.38349519697141  -42  9.75
0.374291312244096  -42  10.9375
0.38349519697141  -42  8.5
0.374291312244096  -42  10.9375
0.374291312244096  -42  11.75
3.54042765844006  -42  -2
0.38349519697141  -42  9.75
0.38349519697141  -42  9.75
3.53122377371275  -42  1.1875
3.54349562001583  -42  0
0.392699081698724  -42  9.75
0.404970928001809  -41.5  4.0625
0.386563158547182  -42  11.75
0.389631120122953  -42  11.75
3.53429173528852  -42  5.25
0.395767043274495  -42  9.75
3.52815581213697  -42  5.25
0.389631120122953  -42  10.9375
0.386563158547182  -42  11.75
0.395767043274495  -42  10.9375
3.53429173528852  -42  -2
0.377359273819868  -42  13
3.5465635815916  -42  0
0.377359273819868  -42  13
3.54042765844006  -42  0
0.35895150436524  -42  17.4375
0.377359273819868  -42  14.1875
0.392699081698724  -41.5  0
3.51895192740966  -42  4.4375
0.38349519697141  -42  9.75
0.374291312244096  -42  15
0.392699081698724  -42  4.4375
0.380427235395639  -42  14.1875
0.386563158547182  -42  9.75
0.395767043274495  -42  2
0.380427235395639  -42  9.75
0.395767043274495  -42  3.25
3.53735969686429  -42  0
0.380427235395639  -41.5  8.9375
0.368155389092554  -42  14.1875
0.398835004850267  -41.5  0
0.365087427516783  -42  16.25
0.374291312244096  -41.5  13
0.368155389092554  -42  14.1875
0.389631120122953  -42  3.25
0.365087427516783  -42  16.25
0.355883542789469  -42  17.4375
0.35895150436524  -42  15
0.365087427516783  -42  14.1875
0.374291312244096  -42  6.5
0.349747619637926  -42  15
3.51895192740966  -42  1.1875
0.368155389092554  -42  9.75
0.386563158547182  -41.5  0
0.380427235395639  -41.5  -8.9375
0.346679658062155  -42  17.4375
3.50054415795503  -42  5.25
0.362019465941011  -42  13
0.362019465941011  -42  9.75
0.365087427516783  -42  9.75
0.35895150436524  -42  10.9375
3.5250878505612  -42  0
3.50668008110658  -42  4.4375
0.371223350668325  -42  8.5
0.365087427516783  -42  10.9375
0.380427235395639  -41.5  -4.0625
3.51895192740966  -42  2
0.362019465941011  -42  11.75
0.362019465941011  -42  9.75
0.368155389092554  -42  8.5
0.380427235395639  -41.5  0
0.374291312244096  -41.5  -4.0625
0.365087427516783  -42  8.5
3.51588396583389  -42  -1.1875
0.352815581213697  -42  8.5
0.368155389092554  -42  -1.1875
0.337475773334841  -42  14.1875
3.48520435007618  -42  10.9375
0.33440781175907  -42  14.1875
0.352815581213697  -42  11.75
0.362019465941011  -42  8.5
0.355883542789469  -42  14.1875
0.386563158547182  -41.5  -4.0625
3.5250878505612  -42  -5.25
0.392699081698724  -41.5  -8.9375
3.50974804268235  -42  4.4375
0.362019465941011  -42  9.75
0.374291312244096  -42  11.75
0.380427235395639  -42  -1.1875
0.377359273819868  -42  6.5
0.352815581213697  -42  16.25
3.53122377371275  -42  -1.1875
0.362019465941011  -42  13
0.374291312244096  -41.5  8.9375
0.386563158547182  -41.5  -4.0625
0.365087427516783  -42  11.75
0.374291312244096  -42  14.1875
0.365087427516783  -42  16.25
0.355883542789469  -42  17.4375
3.53735969686429  -42  -2
0.377359273819868  -42  6.5
3.54042765844006  -42  -2
0.362019465941011  -42  15
0.392699081698724  -41.5  -4.0625
3.53735969686429  -42  2
