5.20939875565964  -44  4.4375
5.21860264038695  -44  3.25
5.23394244826581  -44  5.25
2.08621387152447  -43.5  0
5.22780652511427  -44  5.25
2.07700998679716  -44  4.4375
5.24007837141735  -44  -3.25
2.09234979467601  -43.5  0
5.22167060196272  -44  11.75
2.04633037103945  -44  21.5625
5.22167060196272  -44  5.25
5.24928225614466  -44  -4.4375
5.23701040984158  -44  4.4375
2.08621387152447  -43.5  -13
5.20633079408387  -44  5.25
2.06780610206984  -44  13
2.08007794837293  -43.5  4.0625
2.06473814049407  -44  9.75
5.23087448669004  -44  1.1875
5.23701040984158  -44  -3.25
5.22167060196272  -44  4.4375
5.21553467881118  -44  10.9375
5.20019487093232  -44  11.75
2.06780610206984  -43.5  13
5.21553467881118  -44  2
2.08007794837293  -44  -8.9375
5.18792302462924  -44  17.4375
5.22780652511427  -44  3.25
5.20019487093232  -44  13
5.23087448669004  -44  1.1875
5.22780652511427  -44  2
2.06780610206984  -43.5  4.0625
2.09234979467601  -43.5  0
5.21860264038695  -44  8.5
5.18792302462924  -44  16.25
5.22473856353849  -44  5.25
5.20633079408387  -44  6.5
5.22167060196272  -44  3.25
5.21553467881118  -44  4.4375
2.04939833261522  -44  16.25
5.22780652511427  -44  0
5.17565117832615  -44  16.25
5.22473856353849  -44  4.4375
2.07394202522139  -43.5  8.9375
5.22473856353849  -44  4.4375
2.07394202522139  -44  8.9375
2.07394202522139  -43.5  0
2.06473814049407  -44  9.75
5.22167060196272  -44  5.25
5.22780652511427  -44  1.1875
5.23087448669004  -44  0
5.22473856353849  -44  3.25
5.22167060196272  -44  3.25
2.05553425576676  -44  15
2.0616701789183  -44  13
5.24007837141735  -44  -4.4375
5.20019487093232  -44  10.9375
5.20633079408387  -44  9.75
5.23087448669004  -44  1.1875
5.22473856353849  -44  5.25
5.20326283250809  -44  11.75
5.22473856353849  -44  1.1875
5.21860264038695  -44  9.75
5.23394244826581  -44  2
2.06780610206984  -43.5  8.9375
5.20939875565964  -44  9.75
5.20939875565964  -44  9.75
5.19405894778078  -44  5.25
2.0616701789183  -43.5  17.0625
5.20326283250809  -44  9.75
2.03405852473636  -44  15
2.05246629419099  -44  14.1875
5.16951525517461  -44  18.25
5.21553467881118  -44  -1.1875
5.19405894778078  -44  9.75
5.21860264038695  -44  -1.1875
2.04939833261522  -44  13
5.21860264038695  -44  -1.1875
2.0616701789183  -43.5  13
5.21553467881118  -44  6.5
2.0831459099487  -44  -3.25
5.18792302462924  -44  10.9375
5.19405894778078  -44  9.75
5.21246671723541  -44  6.5
5.21553467881118  -44  4.4375
2.06780610206984  -43.5  13
5.21860264038695  -44  6.5
5.22167060196272  -44  3.25
2.06473814049407  -44  13
5.20019487093232  -44  8.5
2.06780610206984  -43.5  8.9375
5.21246671723541  -44  8.5
5.22167060196272  -44  5.25
2.07394202522139  -43.5  13
5.20633079408387  -44  11.75
5.21246671723541  -44  3.25
5.20019487093232  -44  10.9375
5.22473856353849  -44  2
5.22167060196272  -44  5.25
5.20633079408387  -44  7.6875
2.02792260158482  -44  22.75
2.05553425576676  -44  14.1875
5.20019487093232  -44  13
5.21553467881118  -44  4.4375
2.07394202522139  -43.5  4.0625
5.23087448669004  -44  -4.4375
5.19712690935655  -44  10.9375
2.08007794837293  -43.5  4.0625
5.22167060196272  -44  5.25
5.22473856353849  -44  2
5.23087448669004  -44  -2
5.18485506305347  -44  15
5.21553467881118  -44  8.5
5.22780652511427  -44  3.25
5.22780652511427  -44  5.25
2.08007794837293  -43.5  0
5.22780652511427  -44  0
5.22473856353849  -44  5.25
5.21246671723541  -44  9.75
2.08621387152447  -43.5  -4.0625
5.20326283250809  -44  9.75
5.20939875565964  -44  9.75
5.22167060196272  -44  4.4375
2.0401944478879  -44  18.25
2.08007794837293  -43.5  0
5.21246671723541  -44  7.6875
5.21246671723541  -44  9.75
5.22780652511427  -44  0
2.06780610206984  -43.5  13
5.20939875565964  -44  6.5
5.22780652511427  -44  5.25
5.22780652511427  -44  4.4375
