0.294524311274043  -41.5  -4.0625
0.279184503395187  -42  9.75
0.288388388122501  -42  9.75
0.279184503395187  -42  10.9375
0.282252464970958  -42  10.9375
0.288388388122501  -42  10.9375
0.319068003880213  -41.5  -4.0625
0.312932080728671  -41.5  0
3.44225288801538  -42  -3.25
0.285320426546729  -42  9.75
0.291456349698272  -42  6.5
3.43304900328806  -42  0
0.288388388122501  -41.5  13
0.282252464970958  -42  10.9375
0.325203927031756  -41.5  -13
0.319068003880213  -41.5  -8.9375
0.288388388122501  -42  10.9375
0.288388388122501  -42  9.75
0.279184503395187  -42  11.75
3.41770919540921  -42  8.5
0.282252464970958  -42  9.75
0.291456349698272  -42  9.75
0.288388388122501  -42  11.75
0.282252464970958  -42  8.5
0.300660234425586  -41.5  -4.0625
0.285320426546729  -42  8.5
0.294524311274043  -42  7.6875
0.288388388122501  -42  11.75
0.285320426546729  -42  8.5
3.44838881116692  -42  -4.4375
0.285320426546729  -42  11.75
3.43611696486384  -42  2
0.282252464970958  -42  11.75
0.279184503395187  -42  16.25
0.279184503395187  -42  9.75
0.288388388122501  -42  11.75
0.260776733940559  -42  7.6875
3.42384511856075  -42  -1.1875
0.282252464970958  -42  1.1875
0.306796157577128  -41.5  -21.9375
0.266912657092102  -42  9.75
0.285320426546729  -42  -1.1875
0.26384469551633  -42  14.1875
3.42077715698498  -42  0
0.260776733940559  -42  8.5
0.254640810789016  -42  11.75
0.254640810789016  -42  10.9375
0.260776733940559  -42  11.75
0.269980618667873  -42  9.75
0.273048580243644  -42  7.6875
3.42077715698498  -42  -3.25
0.300660234425586  -41.5  -13
0.257708772364788  -42  13
0.26384469551633  -42  10.9375
3.42077715698498  -42  -4.4375
0.257708772364788  -42  13
0.294524311274043  -41.5  -17.0625
0.257708772364788  -42  13
0.257708772364788  -42  13
3.42077715698498  -42  -2
0.248504887637474  -42  14.1875
0.251572849213245  -42  13
0.26384469551633  -42  8.5
0.257708772364788  -42  13
3.42077715698498  -42  -4.4375
3.40850531068189  -42  1.1875
0.273048580243644  -42  7.6875
3.39930142595458  -42  7.6875
0.26384469551633  -42  8.5
0.276116541819415  -41.5  4.0625
0.26384469551633  -42  8.5
0.26384469551633  -42  9.75
0.260776733940559  -42  11.75
0.260776733940559  -42  11.75
0.26384469551633  -42  9.75
0.257708772364788  -42  13
0.257708772364788  -42  14.1875
0.257708772364788  -42  11.75
0.294524311274043  -41.5  -13
0.260776733940559  -42  13
0.26384469551633  -42  8.5
0.254640810789016  -42  6.5
0.282252464970958  -41.5  0
0.26384469551633  -42  8.5
0.260776733940559  -42  10.9375
0.288388388122501  -41.5  0
0.257708772364788  -42  11.75
0.254640810789016  -42  10.9375
0.254640810789016  -42  9.75
0.282252464970958  -41.5  0
0.266912657092102  -42  4.4375
3.39930142595458  -42  4.4375
0.288388388122501  -41.5  -8.9375
0.254640810789016  -42  9.75
0.254640810789016  -42  11.75
0.26384469551633  -42  7.6875
0.282252464970958  -41.5  -8.9375
0.294524311274043  -41.5  -13
0.254640810789016  -42  13
0.257708772364788  -42  9.75
0.257708772364788  -42  9.75
0.251572849213245  -42  14.1875
0.26384469551633  -42  8.5
0.254640810789016  -42  13
0.257708772364788  -42  7.6875
0.266912657092102  -42  4.4375
0.288388388122501  -41.5  -13
0.26384469551633  -42  8.5
0.269980618667873  -42  5.25
0.282252464970958  -41.5  -4.0625
0.294524311274043  -41.5  -4.0625
0.26384469551633  -42  9.75
3.42691308013652  -42  -4.4375
0.276116541819415  -42  4.4375
3.39930142595458  -42  5.25
0.294524311274043  -41.5  -13
0.282252464970958  -42  -1.1875
0.288388388122501  -41.5  -4.0625
0.279184503395187  -42  3.25
0.282252464970958  -41.5  -4.0625
0.26384469551633  -42  11.75
0.260776733940559  -42  9.75
0.276116541819415  -41.5  0
0.266912657092102  -42  9.75
0.254640810789016  -42  9.75
0.260776733940559  -42  10.9375
0.269980618667873  -42  6.5
0.260776733940559  -42  7.6875
0.282252464970958  -41.5  -4.0625
3.40850531068189  -42  1.1875
0.260776733940559  -42  10.9375
0.312932080728671  -41.5  -26
