1.45114582533982  -47  13
4.59273847892961  -47  15
4.62035013311155  -47  1.1875
4.60807828680847  -47  8.5
1.47875747952176  -47  -13
1.47875747952176  -47.5  -17.0625
1.45421378691559  -47.5  0
1.45421378691559  -47  9.75
1.45114582533982  -47  13
4.60807828680847  -47  6.5
4.6050103252327  -47  5.25
4.59887440208115  -47  0
4.6050103252327  -47  9.75
4.61421420996001  -47  13
4.63875790256618  -47  0
4.62955401783887  -47  6.5
1.47262155637022  -47  9.75
4.61421420996001  -47  2
4.59887440208115  -47  13
4.62341809468732  -47  -2
4.60807828680847  -47  7.6875
4.59580644050538  -47  9.75
4.57739867105075  -47  14.1875
4.5835345942023  -47  14.1875
4.59580644050538  -47  7.6875
4.59887440208115  -47  3.25
4.59273847892961  -47  3.25
4.58046663262652  -47  6.5
4.57433070947498  -47  10.9375
4.57739867105075  -47  8.5
4.58046663262652  -47  5.25
4.58046663262652  -47  1.1875
4.5835345942023  -47  1.1875
4.57126274789921  -47  10.9375
4.56512682474767  -47  9.75
1.44807786376405  -47.5  -13
4.57126274789921  -47  5.25
1.42353417115788  -47  8.5
4.57126274789921  -47  6.5
4.5835345942023  -47  2
1.42660213273365  -47  16.25
4.57433070947498  -47  7.6875
4.57126274789921  -47  9.75
4.57739867105075  -47  3.25
4.5835345942023  -47  5.25
4.58967051735384  -47  3.25
4.59273847892961  -47  3.25
4.57126274789921  -47  14.1875
1.44807786376405  -47.5  8.9375
4.58660255577807  -47  9.75
1.44500990218827  -47  16.25
1.46648563321867  -47  -8.9375
4.6050103252327  -47  1.1875
4.61421420996001  -47  1.1875
4.59887440208115  -47  5.25
4.60194236365692  -47  6.5
4.60807828680847  -47  7.6875
1.45421378691559  -47  14.1875
4.61114624838424  -47  8.5
4.61114624838424  -47  5.25
1.47875747952176  -47.5  4.0625
4.61114624838424  -47  7.6875
1.49716524897639  -47  -8.9375
4.61421420996001  -47  5.25
4.61421420996001  -47  2
1.45728174849136  -47  10.9375
4.59887440208115  -47  9.75
4.60807828680847  -47  7.6875
1.4848934026733  -47.5  -8.9375
4.61421420996001  -47  5.25
1.45728174849136  -47  14.1875
4.60194236365692  -47  11.75
4.6050103252327  -47  10.9375
4.60194236365692  -47  13
1.50330117212793  -47.5  -26
1.46034971006713  -47  13
1.47262155637022  -47  8.5
1.46648563321867  -47  14.1875
4.61114624838424  -47  9.75
4.61728217153578  -47  8.5
1.47568951794599  -47  10.9375
1.50330117212793  -47.5  -4.0625
4.61728217153578  -47  8.5
4.61114624838424  -47  7.6875
4.62035013311155  -47  0
4.6050103252327  -47  4.4375
4.59887440208115  -47  8.5
4.61421420996001  -47  5.25
1.4634176716429  -47  11.75
1.4634176716429  -47  13
1.4848934026733  -47.5  -17.0625
1.4634176716429  -47  11.75
4.62035013311155  -47  8.5
4.6050103252327  -47  16.25
4.62341809468732  -47  4.4375
4.63875790256618  -47  4.4375
4.65409771044504  -47  1.1875
4.65102974886926  -47  1.1875
4.61114624838424  -47  21.5625
4.62955401783887  -47  8.5
4.62955401783887  -47  6.5
4.63262197941464  -47  7.6875
4.6050103252327  -47.5  17.4375
4.62035013311155  -47  11.75
4.62648605626309  -47  9.75
4.62955401783887  -47.5  3.25
4.62955401783887  -47.5  2
1.46648563321867  -47  15
4.61421420996001  -47.5  13
4.61728217153578  -47.5  11.75
1.47262155637022  -47.5  0
4.62648605626309  -47.5  4.4375
4.62648605626309  -47.5  7.6875
4.63568994099041  -47  2
4.62035013311155  -47.5  8.5
4.59887440208115  -47  17.4375
4.59580644050538  -47.5  16.25
4.62035013311155  -47.5  9.75
1.49716524897639  -47.5  -13
4.63568994099041  -47.5  4.4375
1.45421378691559  -47.5  21.5625
1.47262155637022  -47.5  5.25
1.47875747952176  -47.5  4.0625
4.62341809468732  -47.5  6.5
1.47875747952176  -47.5  -4.0625
1.49716524897639  -47.5  -26
4.61114624838424  -47.5  10.9375
4.62035013311155  -47.5  4.4375
4.61421420996001  -47.5  8.5
4.61114624838424  -47.5  7.6875
4.60194236365692  -47.5  8.5
4.59273847892961  -47.5  7.6875
