6.24023384511879  -35  8.9375
6.23716588354302  -35  10.9375
6.25250569142187  -35  13
6.23102996039147  -35  22.75
6.27704938402804  -35  -13
6.26477753772496  -35  -4.0625
6.26477753772496  -35  0
6.24330180669456  -35  19.5
6.2709134608765  -35  -4.875
6.2494377298461  -34.5  10.9375
6.2494377298461  -35  17.4375
0.00613592315154256  -35.5  -13
6.24023384511879  -35  24.8125
6.24636976827033  -35  15
6.24330180669456  -35  14.1875
6.23716588354302  -35  21.5625
6.24023384511879  -35  14.1875
6.23102996039147  -35  14.1875
6.23409792196725  -35  10.9375
6.23102996039147  -35  10.9375
6.2279619988157  -35  15
6.2279619988157  -35  14.1875
6.2279619988157  -35  13
6.23102996039147  -35  20.75
6.23409792196725  -35  14.1875
6.23716588354302  -35  14.1875
6.25864161457342  -35  4.875
6.25250569142187  -34.5  7.6875
6.24330180669456  -34.5  10.9375
6.2279619988157  -35  18.25
6.23409792196725  -35  13
6.25250569142187  -35  2
6.24330180669456  -35  9.75
6.25250569142187  -35  7.6875
6.23102996039147  -35  17.4375
6.23716588354302  -35  9.75
6.24636976827033  -34.5  8.5
6.23102996039147  -35  22.75
6.2279619988157  -35  14.1875
6.24636976827033  -35  13
6.25557365299764  -35  8.5
6.24636976827033  -35  9.75
6.23409792196725  -35  17.4375
6.26170957614919  -35  9.75
6.25557365299764  -34.5  9.75
6.25250569142187  -34.5  7.6875
6.24636976827033  -34.5  9.75
6.25250569142187  -34.5  7.6875
6.25864161457342  -35  4.0625
6.25250569142187  -34.5  2
6.24330180669456  -34.5  13
6.2494377298461  -34.5  10.9375
6.24023384511879  -34.5  9.75
6.24023384511879  -35  9.75
6.24636976827033  -35  8.5
6.25250569142187  -34.5  8.5
6.22489403723993  -34.5  13
6.26477753772496  -35  -4.875
6.22489403723993  -35  22.75
6.24330180669456  -35  9.75
6.24636976827033  -35  9.75
6.24636976827033  -35  9.75
6.23102996039147  -35  13
0  -35  -13
6.24636976827033  -35  7.6875
6.25250569142187  -35  4.0625
6.23716588354302  -35  11.75
6.24636976827033  -35  14.625
6.24330180669456  -35  9.75
6.24023384511879  -35  8.9375
6.2279619988157  -35  14.1875
3.11704896098362  -35  1.1875
6.26477753772496  -35  -8.9375
6.24330180669456  -35  2
6.24023384511879  -35  9.75
6.23409792196725  -35  10.9375
6.24330180669456  -35  6.5
6.25250569142187  -35  0
6.24330180669456  -34.5  3.25
6.25250569142187  -35  9.75
6.24023384511879  -35  8.9375
6.27704938402804  -35  -14.625
6.24636976827033  -35  8.9375
6.26477753772496  -35  -4.875
6.24636976827033  -35  9.75
6.2279619988157  -35  14.1875
6.2494377298461  -35  2
6.23102996039147  -35  18.25
6.24330180669456  -34.5  9.75
6.24023384511879  -35  10.9375
6.23102996039147  -34.5  11.75
6.23102996039147  -35  15
6.23102996039147  -35  15
6.24636976827033  -35  9.75
6.24636976827033  -35  9.75
6.24023384511879  -35  14.625
6.24023384511879  -35  14.625
6.25864161457342  -35  0
6.23409792196725  -35  18.6875
6.24023384511879  -35  14.625
6.24636976827033  -35  9.75
6.24636976827033  -35  4.875
6.2279619988157  -35  20.75
6.24023384511879  -35  13
6.25864161457342  -35  0
6.23409792196725  -35  14.625
6.23409792196725  -35  13
6.25250569142187  -35  9.75
6.23102996039147  -35  20.75
6.25250569142187  -35  9.75
6.23102996039147  -35  19.5
6.24636976827033  -35  9.75
6.23716588354302  -34.5  9.75
6.24023384511879  -35  4.875
6.22489403723993  -34.5  14.1875
6.24330180669456  -35  9.75
6.25250569142187  -35  4.875
6.2279619988157  -35  15
6.2279619988157  -35  24.8125
6.2279619988157  -35  20.75
6.23409792196725  -35  13
6.21875811408839  -35  16.25
6.23409792196725  -35  2
6.20341830620953  -35  20.75
6.20035034463376  -35  16.25
6.20955422936108  -35  13
6.20955422936108  -35  15
6.20955422936108  -35  24.8125
6.24330180669456  -35  2
6.22489403723993  -35  11.75
6.20955422936108  -35  16.25
6.20035034463376  -35  20.75
