1.06765062836841  -40  7.6875
1.08912635939881  -40  7.6875
1.07378655151995  -39.5  -4.0625
4.24912678244323  -40  -1.1875
1.09219432097458  -40  7.6875
1.10446616727766  -39.5  -4.0625
1.09219432097458  -40  4.4375
4.23992289771591  -40  3.25
4.23992289771591  -40  5.25
1.10139820570189  -40  3.25
1.10446616727766  -39.5  -4.0625
4.24605882086745  -40  5.25
1.08605839782303  -40  10.9375
4.24299085929168  -40  4.4375
1.10446616727766  -40  0
4.24299085929168  -40  5.25
1.1106020904292  -40  1.1875
1.10139820570189  -40  7.6875
4.24299085929168  -40  3.25
1.10139820570189  -40  4.4375
4.252194744019  -40  5.25
4.26446659032208  -40  3.25
1.1106020904292  -39.5  -13
4.25833066717054  -40  5.25
1.07992247467149  -40  10.9375
4.23992289771591  -40  2
4.23685493614014  -40  2
4.23378697456437  -40  3.25
4.24912678244323  -40  3.25
4.23992289771591  -40  4.4375
4.24605882086745  -40  0
1.09219432097458  -40  6.5
4.24912678244323  -40  -1.1875
1.09833024412612  -40  -1.1875
1.08605839782303  -40  7.6875
1.07378655151995  -39.5  4.0625
1.08605839782303  -39.5  4.0625
4.23685493614014  -40  1.1875
1.07992247467149  -40  9.75
1.08605839782303  -39.5  -8.9375
4.23992289771591  -40  -1.1875
4.2307190129886  -40  0
1.07992247467149  -39.5  11.75
1.09219432097458  -40  7.6875
4.24299085929168  -40  1.1875
4.24912678244323  -40  1.1875
1.09219432097458  -39.5  0
4.23378697456437  -40  3.25
4.23685493614014  -40  0
4.21844716668551  -40  10.9375
4.25526270559477  -40  1.1875
1.08912635939881  -39.5  6.5
1.08605839782303  -40  7.6875
1.09219432097458  -39.5  -17.0625
4.24299085929168  -40  3.25
1.07992247467149  -39.5  -8.9375
4.23992289771591  -40  1.1875
1.07992247467149  -39.5  0
4.23992289771591  -40  -1.1875
1.09219432097458  -39.5  0
1.08605839782303  -39.5  6.5
1.08605839782303  -40  6.5
1.09219432097458  -39.5  -4.0625
4.22765105141283  -40  3.25
4.22765105141283  -40  3.25
4.23992289771591  -40  -3.25
4.23685493614014  -40  2
4.23992289771591  -40  -1.1875
1.07992247467149  -40  8.5
1.07378655151995  -39.5  4.0625
4.22458308983706  -40  7.6875
4.2307190129886  -40  1.1875
4.20617532038243  -40  20.75
1.07071858994418  -40  9.75
4.20617532038243  -40  13
4.23685493614014  -40  0
4.23378697456437  -40  1.1875
4.23685493614014  -40  -1.1875
1.07992247467149  -39.5  -8.9375
4.22765105141283  -40  2
1.08605839782303  -39.5  0
1.09219432097458  -39.5  -8.9375
4.23378697456437  -40  5.25
4.23685493614014  -40  4.4375
1.07378655151995  -40  15
4.23992289771591  -40  3.25
1.10446616727766  -40  1.1875
1.09219432097458  -39.5  -13
4.20310735880666  -40  22.75
4.24912678244323  -40  1.1875
4.24605882086745  -40  2
1.09833024412612  -39.5  -21.9375
1.08605839782303  -39.5  -17.0625
4.24299085929168  -40  1.1875
4.252194744019  -40  3.25
4.24912678244323  -40  1.1875
1.09219432097458  -39.5  0
4.23992289771591  -40  4.4375
4.2307190129886  -40  -1.1875
1.08912635939881  -40  8.5
1.07378655151995  -39.5  -8.9375
4.2092432819582  -40  21.5625
4.23685493614014  -40  4.4375
1.08605839782303  -39.5  -4.0625
4.23992289771591  -40  4.4375
4.24912678244323  -40  -1.1875
4.21537920510974  -40  17.4375
4.23685493614014  -40  1.1875
1.07992247467149  -39.5  -8.9375
1.08912635939881  -40  4.4375
1.07378655151995  -39.5  4.0625
4.24299085929168  -40  0
4.23992289771591  -40  3.25
4.23685493614014  -40  -3.25
1.08605839782303  -39.5  4.0625
1.07992247467149  -39.5  8.9375
4.252194744019  -40  2
4.23992289771591  -40  3.25
4.2307190129886  -40  4.4375
1.08605839782303  -39.5  -17.0625
4.24605882086745  -40  1.1875
4.2307190129886  -40  4.4375
1.08299043624726  -40  8.5
1.08605839782303  -39.5  -13
4.23992289771591  -40  1.1875
4.23685493614014  -40  2
1.08605839782303  -39.5  8.9375
1.07992247467149  -39.5  4.0625
1.07378655151995  -40  13
1.09833024412612  -40  -3.25
1.07685451309572  -40  13
1.07378655151995  -40  10.9375
