1.47262155637022  -43  -21.9375
1.47262155637022  -43  -17.0625
1.46034971006713  -43  -4.0625
4.60194236365692  -43  10.9375
4.60807828680847  -43  9.75
1.46648563321867  -43  -17.0625
1.4848934026733  -43.5  -17.0625
1.49716524897639  -43  -21.9375
4.61728217153578  -43  7.6875
1.49102932582484  -43  -13
1.4848934026733  -43  -17.0625
1.4848934026733  -43  -21.9375
4.61728217153578  -43  7.6875
1.49102932582484  -43  -21.9375
4.61421420996001  -43  5.25
4.62341809468732  -43  0
1.47262155637022  -43  -13
1.45421378691559  -43  11.75
1.44807786376405  -43  4.0625
4.61421420996001  -43  4.4375
4.59580644050538  -43  9.75
1.47262155637022  -43.5  -21.9375
1.4848934026733  -43  -21.9375
4.59580644050538  -43  9.75
1.47262155637022  -43  -26
4.59273847892961  -43  9.75
4.58967051735384  -43  10.9375
1.47875747952176  -43  -13
1.4848934026733  -43  -21.9375
4.60807828680847  -43  7.6875
1.48182544109753  -43  -1.1875
1.46034971006713  -43  -8.9375
1.46034971006713  -43  10.9375
4.61421420996001  -43  3.25
1.47262155637022  -43  -13
1.43273805588519  -43  16.25
1.45114582533982  -43  5.25
1.46648563321867  -43  -17.0625
1.44807786376405  -43  -8.9375
4.60194236365692  -43  4.4375
1.46034971006713  -43  -13
1.45421378691559  -43  8.5
1.46034971006713  -43  6.5
1.45728174849136  -43  13
4.60194236365692  -43  11.75
1.47262155637022  -43.5  -17.0625
1.4634176716429  -43  6.5
4.61114624838424  -43  7.6875
1.47262155637022  -43  -8.9375
4.61421420996001  -43  5.25
1.47875747952176  -43.5  -13
4.57433070947498  -43  22.75
4.61114624838424  -43  9.75
1.46648563321867  -43.5  -13
4.61114624838424  -43  6.5
1.46648563321867  -43.5  -8.9375
1.45421378691559  -43  13
1.45728174849136  -43  11.75
1.46648563321867  -43  0
1.45728174849136  -43  10.9375
1.47262155637022  -43  -17.0625
4.59580644050538  -43  7.6875
1.43887397903673  -43  14.1875
1.46034971006713  -43  -17.0625
1.42353417115788  -43  19.5
1.47875747952176  -43  -26
4.61114624838424  -43  3.25
1.44500990218827  -43  14.1875
1.46034971006713  -43.5  -4.0625
4.6050103252327  -43  10.9375
1.47875747952176  -43.5  -21.9375
1.47262155637022  -43  -8.9375
4.60807828680847  -43  6.5
1.45421378691559  -43  0
1.47875747952176  -43.5  -13
4.61421420996001  -43  7.6875
1.46034971006713  -43.5  -4.0625
1.46955359479444  -43  9.75
4.61728217153578  -43  7.6875
1.47568951794599  -43  11.75
4.62035013311155  -43  7.6875
4.63875790256618  -43  4.4375
4.62035013311155  -43  8.5
1.45114582533982  -43  14.1875
4.6050103252327  -43  2
4.59887440208115  -43  6.5
1.46648563321867  -43  -8.9375
4.60194236365692  -43  5.25
1.47262155637022  -43  -13
4.58967051735384  -43  14.1875
1.45421378691559  -43  -4.0625
1.47262155637022  -43  -4.0625
1.46034971006713  -43  0
4.62035013311155  -43  7.6875
1.49716524897639  -43  -26
4.58046663262652  -43  14.1875
4.61114624838424  -43  5.25
1.4848934026733  -43  -21.9375
1.49102932582484  -43  -21.9375
1.4848934026733  -43  -21.9375
1.46034971006713  -43  4.0625
4.60194236365692  -43  7.6875
1.46648563321867  -43  -17.0625
1.4848934026733  -43  -21.9375
1.44807786376405  -43  14.1875
1.46648563321867  -43  -8.9375
1.45421378691559  -43  -4.0625
1.46034971006713  -43  -13
1.47875747952176  -43  -17.0625
1.4419419406125  -43  15
1.41739824800633  -43  17.0625
1.43580601746096  -43  15
1.43887397903673  -43  14.1875
4.59273847892961  -43  8.5
4.61728217153578  -43  -2
4.6050103252327  -43  9.75
4.59580644050538  -43  5.25
1.47875747952176  -43  -13
4.60194236365692  -43  6.5
1.45421378691559  -43  -4.0625
1.46034971006713  -43  13
1.46648563321867  -43.5  -8.9375
1.46648563321867  -43.5  -8.9375
1.4848934026733  -43  -17.0625
1.47262155637022  -43.5  -17.0625
1.46648563321867  -43  10.9375
1.45421378691559  -43  9.75
1.47875747952176  -43  -13
1.46648563321867  -43  -8.9375
1.44807786376405  -43  0
1.46648563321867  -43  -13
4.6050103252327  -43  8.5
