0.131922347758165  -39.5  14.1875
0.153398078788564  -39.5  14.1875
3.32567034813607  -39.5  0
3.33487423286338  -39.5  -4.4375
3.33180627128761  -39.5  0
0.184077694546277  -39  -17.0625
0.165669925091649  -39  0
0.171805848243192  -39  -4.0625
0.171805848243192  -39.5  -4.0625
3.29805869395413  -39.5  5.25
0.153398078788564  -39.5  9.75
3.29805869395413  -39.5  5.25
0.156466040364335  -39.5  8.5
0.14419419406125  -39.5  16.25
0.156466040364335  -39.5  13
0.171805848243192  -39.5  -13
0.184077694546277  -39  -13
0.171805848243192  -39.5  0
0.147262155637022  -39.5  14.1875
0.177941771394734  -39  -13
0.134990309333936  -39.5  16.25
0.153398078788564  -39.5  15
0.190213617697819  -39  -13
0.150330117212793  -39.5  16.25
0.171805848243192  -39  -8.9375
0.14419419406125  -39.5  17.4375
0.147262155637022  -39.5  14.1875
0.174873809818963  -39.5  0
0.190213617697819  -39.5  -17.0625
0.147262155637022  -39.5  14.1875
0.150330117212793  -39.5  13
3.29805869395413  -39.5  6.5
3.32873830971184  -39.5  -5.25
0.165669925091649  -39.5  4.0625
0.156466040364335  -39.5  9.75
0.147262155637022  -39.5  14.1875
0.150330117212793  -39.5  13
0.177941771394734  -39.5  -8.9375
0.156466040364335  -39.5  10.9375
0.177941771394734  -39  0
0.153398078788564  -39.5  10.9375
0.14419419406125  -39.5  13
0.141126232485479  -39.5  15
0.153398078788564  -39.5  13
0.190213617697819  -39.5  -13
0.147262155637022  -39.5  13
0.150330117212793  -39.5  13
0.150330117212793  -39.5  14.1875
0.153398078788564  -39.5  13
0.141126232485479  -39.5  14.1875
0.171805848243192  -39.5  -4.0625
0.177941771394734  -39  -8.9375
0.141126232485479  -39.5  15
0.147262155637022  -39.5  13
0.138058270909708  -39.5  16.25
0.171805848243192  -39.5  -4.0625
3.31646646340876  -39.5  -2
0.147262155637022  -39.5  13
0.171805848243192  -39  -4.0625
0.177941771394734  -39  -4.0625
0.168737886667421  -39.5  2
0.147262155637022  -39.5  17.4375
0.171805848243192  -39.5  0
0.153398078788564  -39.5  11.75
0.153398078788564  -39.5  13
0.190213617697819  -39  -17.0625
3.28271888607527  -39.5  10.9375
0.147262155637022  -39.5  15
0.147262155637022  -39.5  13
0.156466040364335  -39.5  8.5
0.153398078788564  -39.5  11.75
3.3011266555299  -39.5  5.25
3.31646646340876  -39.5  -1.1875
3.32567034813607  -39.5  -1.1875
3.32873830971184  -39.5  -7.6875
0.138058270909708  -39.5  15
3.31953442498453  -39.5  1.1875
0.159534001940107  -39.5  11.75
0.184077694546277  -39  -4.0625
0.165669925091649  -39.5  -4.0625
0.177941771394734  -39  -8.9375
0.171805848243192  -39.5  0
0.184077694546277  -39.5  -8.9375
0.150330117212793  -39.5  16.25
0.147262155637022  -39.5  11.75
0.147262155637022  -39.5  15
0.153398078788564  -39.5  16.25
0.147262155637022  -39.5  14.1875
0.153398078788564  -39.5  14.1875
3.31646646340876  -39.5  -2
0.171805848243192  -39.5  2
3.3226023865603  -39.5  -4.4375
0.156466040364335  -39.5  14.1875
0.153398078788564  -39.5  19.5
3.28885480922681  -39.5  8.5
3.28885480922681  -39.5  13
0.165669925091649  -39.5  -4.0625
0.168737886667421  -39.5  2
0.150330117212793  -39.5  18.25
0.159534001940107  -39.5  11.75
0.184077694546277  -39  -17.0625
0.147262155637022  -39.5  13
0.14419419406125  -39.5  14.1875
0.150330117212793  -39.5  14.1875
0.153398078788564  -39.5  14.1875
0.14419419406125  -39.5  16.25
0.14419419406125  -39.5  17.4375
0.156466040364335  -39.5  13
0.141126232485479  -39.5  14.1875
0.141126232485479  -39.5  16.25
3.32873830971184  -39.5  -6.5
0.14419419406125  -39.5  14.1875
0.165669925091649  -39.5  4.0625
0.153398078788564  -39.5  11.75
0.150330117212793  -39.5  13
0.171805848243192  -39  -4.0625
0.177941771394734  -39  -4.0625
0.171805848243192  -39.5  -4.0625
0.156466040364335  -39.5  11.75
0.159534001940107  -39.5  14.1875
0.171805848243192  -39.5  -1.1875
0.177941771394734  -39  -4.0625
0.184077694546277  -39  -13
0.165669925091649  -39.5  1.1875
0.147262155637022  -39.5  13
0.141126232485479  -39.5  13
0.153398078788564  -39.5  15
3.33180627128761  -39.5  -7.6875
0.141126232485479  -39.5  11.75
0.190213617697819  -39.5  -13
0.171805848243192  -39.5  0
0.196349540849362  -39  -13
