4.27060251347362  -44  0
4.24605882086745  -44  13
1.11980597515652  -44.5  -1.1875
1.11367005200498  -44.5  0
1.11980597515652  -44.5  7.6875
1.11367005200498  -44.5  5.25
1.11673801358075  -44.5  4.4375
1.11980597515652  -44.5  1.1875
1.11980597515652  -44.5  7.6875
1.11980597515652  -44.5  4.4375
1.11980597515652  -44.5  0
4.23685493614014  -44.5  17.4375
1.11673801358075  -44.5  6.5
4.22458308983706  -44.5  19.5
1.12594189830806  -44.5  4.4375
1.11367005200498  -44.5  6.5
4.24605882086745  -44.5  -4.0625
1.11673801358075  -44.5  7.6875
1.11673801358075  -44.5  4.4375
1.11673801358075  -44.5  5.25
4.23378697456437  -44.5  18.25
1.10446616727766  -44.5  7.6875
1.1106020904292  -44.5  5.25
4.23378697456437  -44  8.9375
1.11980597515652  -44.5  0
1.11980597515652  -44.5  -4.4375
1.11367005200498  -44.5  7.6875
4.22765105141283  -44  13
1.1106020904292  -44.5  2
1.10753412885343  -44.5  4.4375
4.24605882086745  -44  0
4.23378697456437  -44  -4.0625
1.10753412885343  -44.5  0
1.11980597515652  -44.5  -2
1.11367005200498  -44.5  5.25
1.11673801358075  -44.5  1.1875
1.12287393673229  -44.5  2
4.2307190129886  -44.5  19.5
4.2307190129886  -44.5  17.4375
1.11673801358075  -44.5  -1.1875
1.11980597515652  -44.5  -1.1875
1.11367005200498  -44.5  -1.1875
1.11367005200498  -44.5  2
1.1106020904292  -44.5  -1.1875
4.22151512826128  -44  8.9375
1.1106020904292  -44.5  5.25
1.11367005200498  -44.5  2
4.22765105141283  -44  4.0625
1.11980597515652  -44.5  4.4375
1.13821374461115  -44.5  -5.25
4.24912678244323  -44  16.25
4.28287435977671  -44  -8.9375
1.14741762933846  -44  1.1875
4.28901028292825  -44  -8.9375
1.15048559091423  -44.5  2
1.13821374461115  -44.5  3.25
1.15355355249  -44.5  -3.25
1.14434966776269  -44.5  0
4.23992289771591  -44  26
1.1106020904292  -44  7.6875
4.23992289771591  -44  17.0625
4.23378697456437  -44  -8.9375
1.1106020904292  -44.5  4.4375
1.10446616727766  -44.5  -1.1875
1.12287393673229  -44.5  -4.4375
1.10753412885343  -44.5  8.5
4.2307190129886  -44.5  16.25
1.12900985988383  -44.5  -1.1875
1.12594189830806  -44.5  -3.25
1.11980597515652  -44.5  5.25
4.23992289771591  -44  17.0625
1.11673801358075  -44.5  8.5
1.12594189830806  -44.5  4.4375
4.23992289771591  -44  4.0625
4.23378697456437  -44.5  16.25
1.11673801358075  -44.5  1.1875
1.12287393673229  -44.5  7.6875
1.1320778214596  -44.5  -2
4.26139862874631  -44.5  1.1875
1.12594189830806  -44.5  5.25
1.12900985988383  -44.5  3.25
1.11980597515652  -44.5  4.4375
1.11367005200498  -44.5  7.6875
4.27060251347362  -44  -26
1.11673801358075  -44.5  1.1875
1.11673801358075  -44.5  -3.25
4.25833066717054  -44  -4.0625
4.24605882086745  -44  -8.9375
1.10753412885343  -44.5  3.25
1.10446616727766  -44.5  5.25
1.10753412885343  -44.5  1.1875
1.10753412885343  -44.5  1.1875
1.07992247467149  -44.5  17.4375
1.07992247467149  -44.5  15
1.09526228255035  -44.5  8.5
4.23992289771591  -44  -17.0625
4.22765105141283  -44  13
4.23378697456437  -44  -13
4.24299085929168  -44.5  2
1.09526228255035  -44.5  7.6875
4.2092432819582  -44  4.0625
1.10139820570189  -44.5  1.1875
1.09833024412612  -44.5  8.5
1.09219432097458  -44.5  6.5
4.2092432819582  -44  4.0625
1.09833024412612  -44.5  3.25
1.10446616727766  -44.5  1.1875
1.1106020904292  -44.5  7.6875
1.10753412885343  -44.5  0
4.23378697456437  -44  -13
4.24605882086745  -44  -13
4.21537920510974  -44.5  20.75
1.10446616727766  -44.5  3.25
1.11673801358075  -44.5  -1.1875
4.22151512826128  -44.5  17.4375
1.11367005200498  -44.5  3.25
1.09219432097458  -44.5  10.9375
1.10139820570189  -44.5  5.25
1.09833024412612  -44.5  3.25
1.10753412885343  -44.5  3.25
4.22458308983706  -44.5  13
1.10446616727766  -44.5  1.1875
1.1106020904292  -44.5  -2
1.10753412885343  -44.5  5.25
1.1106020904292  -44.5  3.25
1.10446616727766  -44.5  3.25
1.10753412885343  -44.5  4.4375
1.10446616727766  -44.5  6.5
1.09833024412612  -44.5  8.5
4.22765105141283  -44  13
1.10753412885343  -44.5  4.4375
1.10753412885343  -44.5  2
