4.4761559390503  -40  1.1875
4.49149574692916  -40  3.25
1.33763124703628  -40  13
4.51297147795956  -40  2
4.48842778535339  -40  1.1875
4.49456370850493  -40  -1.1875
4.47922390062607  -40  4.4375
4.48535982377761  -40  2
4.47308797747453  -40  3.25
4.48535982377761  -40  3.25
4.48842778535339  -40  2
4.48842778535339  -40  -1.1875
1.34069920861205  -40  0
1.30081570812702  -40  8.9375
1.33456328546051  -40  3.25
1.33763124703628  -40  -8.9375
1.31922347758165  -40  -8.9375
4.47002001589876  -40  0
4.4546802080199  -40  10.9375
4.48535982377761  -40  0
1.31922347758165  -40  10.9375
4.46695205432299  -40  3.25
4.43934040014105  -40  14.1875
4.45774816959567  -40  2
4.47922390062607  -40  -2
4.46081613117144  -40  3.25
4.47308797747453  -40  -1.1875
1.30695163127857  -40  8.9375
1.31001959285434  -40  13
1.30695163127857  -40  11.75
4.46081613117144  -40  2
1.30081570812702  -40  13
4.45774816959567  -40  4.4375
1.30695163127857  -40  15
4.4761559390503  -40  0
4.46695205432299  -40  4.4375
4.46695205432299  -40  7.6875
4.4761559390503  -40  3.25
4.4761559390503  -40  3.25
4.48229186220184  -40  -1.1875
4.45774816959567  -40  5.25
4.46388409274722  -40  0
4.47308797747453  -40  1.1875
1.30695163127857  -40  15
4.47002001589876  -40  1.1875
4.48229186220184  -40  -1.1875
4.46695205432299  -40  3.25
4.46388409274722  -40  3.25
1.30695163127857  -40  8.9375
4.4761559390503  -40  1.1875
1.31308755443011  -40  0
1.32535940073319  -40  0
1.32535940073319  -40  -13
4.47922390062607  -40  4.4375
4.47308797747453  -40  1.1875
4.48535982377761  -40  -3.25
4.46388409274722  -40  2
1.31001959285434  -40  10.9375
4.46081613117144  -40  1.1875
4.45774816959567  -40  4.4375
1.30081570812702  -40  13
4.47308797747453  -40  1.1875
4.46388409274722  -40  3.25
1.31308755443011  -40  4.0625
4.47308797747453  -40  2
4.47002001589876  -40  6.5
4.48535982377761  -40  -2
4.48535982377761  -40  2
1.31922347758165  -40  4.0625
4.48842778535339  -40  0
4.49456370850493  -40  -2
4.48229186220184  -40  5.25
4.47002001589876  -40  7.6875
4.48535982377761  -40  -2
4.4761559390503  -40  1.1875
1.30695163127857  -40  0
4.46695205432299  -40  3.25
1.31615551600588  -40  13
4.48229186220184  -40  -2
4.47308797747453  -40  1.1875
4.4761559390503  -40  0
4.45161224644413  -40  24
1.33763124703628  -40  -8.9375
1.31001959285434  -40  14.1875
1.31308755443011  -40  0
4.46388409274722  -40  1.1875
1.31001959285434  -40  10.9375
4.47308797747453  -40  2
4.47002001589876  -40  4.4375
1.33149532388474  -40  -13
4.4761559390503  -40  2
1.31922347758165  -40  0
4.43013651541373  -40  20.75
4.47002001589876  -40  0
4.47308797747453  -40  0
1.32535940073319  -40  -4.0625
4.46695205432299  -40  2
4.46388409274722  -40  1.1875
4.47002001589876  -40  3.25
1.31308755443011  -40  4.0625
4.47308797747453  -40  3.25
4.47308797747453  -40  2
4.47922390062607  -40  0
4.48229186220184  -40  -1.1875
1.30695163127857  -40  13
1.31308755443011  -40  14.1875
4.47922390062607  -40  -3.25
1.31308755443011  -40  11.75
1.31615551600588  -40  10.9375
4.47922390062607  -40  -1.1875
1.31922347758165  -40  8.9375
1.31308755443011  -40  8.9375
4.47002001589876  -40  7.6875
4.48842778535339  -40  -2
1.32535940073319  -40  -8.9375
4.48535982377761  -40  -4.4375
4.47308797747453  -40  0
1.30081570812702  -40  4.0625
1.30695163127857  -40  4.0625
1.31308755443011  -40  -4.0625
4.46695205432299  -40  2
1.31308755443011  -40  0
4.47308797747453  -40  1.1875
4.4761559390503  -40  0
1.32535940073319  -40  9.75
1.32535940073319  -40  -4.0625
4.48229186220184  -40  2
4.47922390062607  -40  -2
1.32229143915742  -40  10.9375
4.46695205432299  -40  7.6875
4.46695205432299  -40  5.25
1.32535940073319  -40  0
