4.82283559711246  -41  4.4375
1.66897109721958  -41  -8.9375
1.65363128934072  -41  15
1.68124294352266  -41  -17.0625
4.80135986608206  -41  8.5
1.65056332776495  -41  -4.0625
4.79215598135474  -41  2
4.80442782765783  -41  2
1.66283517406803  -41  -8.9375
1.66283517406803  -41  -8.9375
4.81056375080937  -41  2
1.67203905879535  -41  6.5
4.81056375080937  -41  8.5
4.80442782765783  -41  6.5
4.81976763553668  -41  4.4375
4.79829190450629  -41  10.9375
4.81669967396091  -41  4.4375
4.81363171238514  -41  0
4.8074957892336  -41  6.5
4.81363171238514  -41  1.1875
4.78908801977897  -41  6.5
1.63829148146186  -41  14.1875
4.79829190450629  -41  5.25
4.80442782765783  -41  -2
1.66897109721958  -41.5  -30.0625
1.64749536618918  -41  9.75
4.81056375080937  -41  3.25
4.79215598135474  -41  4.4375
4.8074957892336  -41  4.4375
4.80135986608206  -41  2
4.80442782765783  -41  3.25
1.65669925091649  -41.5  -8.9375
1.64135944303764  -41  11.75
1.65363128934072  -41  5.25
4.79215598135474  -41  5.25
4.78295209662743  -41  16.25
4.79829190450629  -41  3.25
4.79522394293051  -41  8.5
4.82283559711246  -41  2
4.80135986608206  -41  9.75
4.81976763553668  -41  1.1875
4.828971520264  -41  4.4375
4.83203948183977  -41  0
1.66283517406803  -41.5  -13
1.67203905879535  -41  8.5
4.8074957892336  -41  6.5
4.79215598135474  -41  7.6875
4.79522394293051  -41  0
4.79829190450629  -41  0
1.64135944303764  -41  9.75
1.65363128934072  -41  6.5
4.79215598135474  -41.5  7.6875
1.66283517406803  -41.5  -8.9375
4.80442782765783  -41  7.6875
4.80442782765783  -41  6.5
4.81056375080937  -41  4.4375
1.68124294352266  -41  -13
4.82283559711246  -41  1.1875
4.81976763553668  -41  6.5
1.68124294352266  -41.5  -13
4.81056375080937  -41  5.25
1.66590313564381  -41  2
4.81363171238514  -41  4.4375
4.81976763553668  -41  3.25
4.79522394293051  -41  6.5
4.81056375080937  -41  4.4375
4.78908801977897  -41  6.5
4.81056375080937  -41  1.1875
1.64442740461341  -41  -13
4.77988413505166  -41  7.6875
4.80442782765783  -41  -2
1.63829148146186  -41  0
1.64442740461341  -41  9.75
1.66283517406803  -41  -8.9375
4.7860200582032  -41  8.5
4.79522394293051  -41  -1.1875
1.64442740461341  -41  11.75
4.80135986608206  -41  4.4375
1.65056332776495  -41  8.5
1.66283517406803  -41  -13
4.78295209662743  -41  5.25
1.65669925091649  -41.5  -30.0625
4.79829190450629  -41  1.1875
4.79829190450629  -41  3.25
1.65669925091649  -41.5  -21.9375
1.64749536618918  -41  6.5
1.63829148146186  -41  11.75
4.77681617347589  -41  4.4375
4.77068025032434  -41  10.9375
4.7860200582032  -41  6.5
4.78908801977897  -41  0
1.66283517406803  -41.5  -21.9375
4.78908801977897  -41  2
1.64749536618918  -41  2
1.64749536618918  -41  4.4375
4.7860200582032  -41  6.5
1.65669925091649  -41  -13
4.74920451929395  -41  18.25
1.66897109721958  -41  -21.9375
1.66897109721958  -41  -17.0625
1.63829148146186  -41  13
1.65056332776495  -41.5  -21.9375
4.79215598135474  -41  5.25
1.66897109721958  -41  -30.0625
1.63522351988609  -41  14.1875
4.79829190450629  -41  2
4.77681617347589  -41  9.75
1.65669925091649  -41  -13
4.80442782765783  -41  -1.1875
4.79215598135474  -41  2
1.66283517406803  -41  -21.9375
4.77988413505166  -41  8.5
1.65669925091649  -41  -17.0625
4.78295209662743  -41  6.5
1.67510702037112  -41  -26
4.78908801977897  -41  2
4.78295209662743  -41  4.4375
1.65056332776495  -41.5  -13
1.65669925091649  -41  -21.9375
4.7860200582032  -41  3.25
1.65669925091649  -41  -13
4.7860200582032  -41  9.75
1.65056332776495  -41.5  -4.0625
1.66283517406803  -41.5  -17.0625
4.79522394293051  -41  3.25
4.78908801977897  -41  4.4375
1.68124294352266  -41.5  -30.0625
4.77988413505166  -41  6.5
4.78295209662743  -41  7.6875
1.65056332776495  -41  4.4375
4.80135986608206  -41  0
1.66897109721958  -41  -26
