1.78248567552312  -43.5  10.9375
4.95475794487062  -43.5  0
4.94862202171908  -43.5  6.5
4.94555406014331  -43.5  8.5
4.93941813699176  -43.5  4.4375
4.95475794487062  -43.5  -1.1875
4.96396182959793  -43.5  -3.25
4.94862202171908  -43.5  6.5
4.94862202171908  -43.5  2
1.80396140655351  -43.5  6.5
4.91794240596137  -43.5  18.25
1.79168956025043  -43  0
1.79782548340197  -43.5  10.9375
4.96089386802216  -43.5  2
4.95168998329485  -43.5  5.25
4.94862202171908  -43.5  6.5
4.95475794487062  -43.5  3.25
4.91180648280982  -43.5  10.9375
4.91180648280982  -43.5  13
4.92101036753714  -43.5  7.6875
4.91487444438559  -43.5  7.6875
4.87805890547634  -43.5  22.75
1.77941771394734  -43  0
1.7732817907958  -43.5  -8.9375
4.92407832911291  -43.5  7.6875
4.90260259808251  -43.5  14.1875
4.88419482862788  -43.5  15
4.90873852123405  -43.5  10.9375
1.76100994449272  -43.5  0
4.91487444438559  -43.5  4.4375
4.91180648280982  -43.5  5.25
4.91487444438559  -43.5  11.75
4.89646667493097  -43.5  13
4.89953463650674  -43.5  9.75
4.92407832911291  -43.5  4.4375
4.90260259808251  -43.5  10.9375
4.92407832911291  -43.5  4.4375
1.75487402134117  -43  4.0625
4.92101036753714  -43.5  3.25
4.91487444438559  -43.5  7.6875
1.77941771394734  -43  -13
4.90873852123405  -43.5  6.5
4.93021425226445  -43.5  -2
4.90873852123405  -43.5  8.5
1.7732817907958  -43  -4.0625
4.90873852123405  -43.5  6.5
4.92714629068868  -43.5  -1.1875
4.92407832911291  -43.5  -1.1875
4.91794240596137  -43.5  7.6875
4.92407832911291  -43.5  5.25
1.76714586764426  -43.5  -4.0625
4.91794240596137  -43.5  7.6875
4.91487444438559  -43.5  7.6875
4.90567055965828  -43.5  10.9375
4.90567055965828  -43.5  8.5
4.90567055965828  -43.5  11.75
1.77634975237157  -43.5  5.25
4.92407832911291  -43.5  5.25
4.91180648280982  -43.5  8.5
4.91487444438559  -43.5  9.75
4.91794240596137  -43.5  7.6875
4.91794240596137  -43.5  3.25
4.90567055965828  -43.5  8.5
4.92714629068868  -43.5  4.4375
4.92714629068868  -43.5  2
4.92407832911291  -43.5  2
1.74260217503809  -43.5  18.25
4.92101036753714  -43.5  3.25
4.91487444438559  -43.5  4.4375
1.74567013661386  -43.5  13
1.74873809818963  -43  0
4.89953463650674  -43.5  8.5
4.89953463650674  -43.5  8.5
4.90873852123405  -43.5  7.6875
4.88726279020365  -43.5  11.75
4.92407832911291  -43.5  5.25
1.77021382922003  -43.5  2
4.90873852123405  -43.5  9.75
4.92714629068868  -43.5  5.25
4.91794240596137  -43.5  2
1.77634975237157  -43.5  9.75
4.92407832911291  -43.5  5.25
4.90260259808251  -43.5  6.5
4.93021425226445  -43.5  -2
1.76100994449272  -43  -8.9375
4.91180648280982  -43.5  4.4375
4.90260259808251  -43.5  7.6875
4.90873852123405  -43.5  8.5
4.90260259808251  -43.5  5.25
4.91180648280982  -43.5  3.25
4.91180648280982  -43.5  8.5
4.91180648280982  -43.5  4.4375
4.91794240596137  -43.5  0
1.76100994449272  -43.5  11.75
4.90567055965828  -43.5  5.25
4.92101036753714  -43.5  2
1.76714586764426  -43  -4.0625
4.91487444438559  -43.5  8.5
4.90873852123405  -43.5  13
4.90260259808251  -43.5  9.75
4.91180648280982  -43.5  9.75
4.92714629068868  -43.5  4.4375
4.92101036753714  -43.5  9.75
4.92101036753714  -43.5  8.5
4.89953463650674  -43.5  11.75
4.89953463650674  -43.5  6.5
4.90567055965828  -43.5  7.6875
4.89033075177942  -43.5  13
4.90567055965828  -43.5  7.6875
4.89646667493097  -43.5  3.25
4.8933987133552  -43.5  6.5
1.74260217503809  -43  -4.0625
4.88419482862788  -43.5  11.75
4.89953463650674  -43.5  6.5
4.88726279020365  -43.5  6.5
4.89033075177942  -43.5  8.5
4.87805890547634  -43.5  9.75
1.74873809818963  -43  -4.0625
1.74873809818963  -43.5  10.9375
4.88726279020365  -43.5  14.1875
4.91180648280982  -43.5  3.25
1.730330328735  -43.5  19.5
4.90873852123405  -43.5  3.25
4.89033075177942  -43.5  9.75
4.90260259808251  -43.5  5.25
4.90873852123405  -43.5  5.25
4.90260259808251  -43.5  10.9375
4.91794240596137  -43.5  2
4.89953463650674  -43.5  10.9375
4.91180648280982  -43.5  7.6875
1.75794198291694  -43.5  11.75
4.92407832911291  -43.5  4.4375
