0.355883542789469  -38.5  -8.9375
0.352815581213697  -38.5  -2
3.51281600425812  -38.5  -2
0.355883542789469  -38  4.0625
3.51588396583389  -38.5  -4.4375
0.368155389092554  -38  4.0625
3.51895192740966  -38.5  -3.25
0.349747619637926  -38.5  11.75
0.362019465941011  -38  -4.0625
0.33440781175907  -38.5  15
0.368155389092554  -38  0
0.337475773334841  -38.5  14.1875
3.51588396583389  -38.5  -3.25
3.50054415795503  -38.5  -5.25
3.5036121195308  -38.5  -5.25
0.349747619637926  -38  8.9375
0.319068003880213  -38.5  14.1875
3.49747619637926  -38.5  -3.25
3.49747619637926  -38.5  -1.1875
0.337475773334841  -38.5  -4.0625
0.355883542789469  -38  -8.9375
0.331339850183298  -38  0
0.316000042304442  -38.5  13
0.343611696486384  -38  -13
0.306796157577128  -38.5  15
0.3098641191529  -38.5  11.75
0.343611696486384  -38.5  -8.9375
0.322135965455985  -38.5  13
0.362019465941011  -38  -13
0.331339850183298  -38.5  14.1875
0.349747619637926  -38.5  0
0.319068003880213  -38.5  16.25
0.331339850183298  -38.5  13
0.349747619637926  -38.5  -4.0625
0.331339850183298  -38.5  16.25
3.50668008110658  -38.5  -1.1875
0.340543734910612  -38.5  15
0.368155389092554  -38  -8.9375
0.328271888607527  -38.5  15
0.331339850183298  -38.5  14.1875
3.50974804268235  -38.5  -3.25
0.355883542789469  -38  0
3.50668008110658  -38.5  -5.25
3.48827231165195  -38.5  2
0.331339850183298  -38.5  13
0.355883542789469  -38.5  -4.0625
0.355883542789469  -38  4.0625
0.328271888607527  -38.5  27.25
0.362019465941011  -38  -4.0625
3.48520435007618  -38.5  2
0.362019465941011  -38  -8.9375
0.33440781175907  -38.5  15
3.48520435007618  -38.5  3.25
0.33440781175907  -38.5  19.5
0.33440781175907  -38.5  13
0.343611696486384  -38.5  0
0.349747619637926  -38  4.0625
0.337475773334841  -38.5  11.75
0.337475773334841  -38.5  10.9375
0.343611696486384  -38.5  4.0625
0.33440781175907  -38.5  16.25
0.349747619637926  -38  -4.0625
0.33440781175907  -38.5  11.75
0.322135965455985  -38.5  14.1875
0.362019465941011  -38  -17.0625
3.49440823480349  -38.5  -1.1875
0.355883542789469  -38.5  -13
0.340543734910612  -38.5  1.1875
0.343611696486384  -38  -4.0625
0.368155389092554  -38  -13
0.337475773334841  -38.5  6.5
3.49440823480349  -38.5  0
0.343611696486384  -38.5  2
0.325203927031756  -38.5  14.1875
0.362019465941011  -38  -13
0.343611696486384  -38.5  -4.0625
0.33440781175907  -38.5  3.25
3.48520435007618  -38.5  -3.25
0.343611696486384  -38.5  -17.0625
0.300660234425586  -38.5  17.4375
0.3098641191529  -38.5  11.75
0.355883542789469  -38.5  -17.0625
0.319068003880213  -38.5  10.9375
0.343611696486384  -38  -4.0625
3.46066065747001  -38.5  6.5
0.337475773334841  -38  0
0.337475773334841  -38  -4.0625
0.362019465941011  -38  -13
3.5036121195308  -38.5  -3.25
0.355883542789469  -38  -4.0625
0.331339850183298  -38.5  16.25
3.50668008110658  -38.5  -3.25
0.368155389092554  -38  -13
0.346679658062155  -38.5  0
0.319068003880213  -38.5  13
0.355883542789469  -38  -4.0625
3.50668008110658  -38.5  -3.25
3.50668008110658  -38.5  -1.1875
0.362019465941011  -38.5  -4.0625
3.51281600425812  -38.5  -1.1875
0.355883542789469  -38  -4.0625
0.319068003880213  -38.5  19.5
0.343611696486384  -38  0
0.316000042304442  -38.5  11.75
0.337475773334841  -38  -8.9375
0.331339850183298  -38.5  0
0.316000042304442  -38.5  13
0.306796157577128  -38.5  16.25
0.319068003880213  -38.5  14.1875
0.343611696486384  -38.5  -4.0625
3.49134027322772  -38.5  -4.4375
0.355883542789469  -38  -13
0.325203927031756  -38.5  21.5625
0.349747619637926  -38.5  3.25
0.33440781175907  -38.5  19.5
0.362019465941011  -38.5  0
3.5036121195308  -38.5  -1.1875
0.355883542789469  -38.5  -8.9375
3.5036121195308  -38.5  -2
3.50054415795503  -38.5  -1.1875
0.362019465941011  -38  -8.9375
0.3098641191529  -38.5  15
0.322135965455985  -38.5  14.1875
0.343611696486384  -38.5  -4.0625
0.328271888607527  -38.5  11.75
0.319068003880213  -38.5  17.4375
0.343611696486384  -38.5  -8.9375
0.328271888607527  -38.5  13
0.355883542789469  -38  -17.0625
0.355883542789469  -38.5  -17.0625
0.319068003880213  -38.5  16.25
0.362019465941011  -38  -13
