4.68784528777852  -40.5  6.5
4.7001171340816  -40.5  4.4375
1.58306817309798  -41  -26
4.71852490353623  -40.5  1.1875
4.70625305723315  -40.5  3.25
1.57693224994644  -41  -17.0625
4.70932101880892  -40.5  0
4.71852490353623  -40.5  3.25
4.71238898038469  -40.5  2
1.5707963267949  -40.5  7.6875
1.58920409624952  -41  -8.9375
4.721592865112  -40.5  -2
4.70932101880892  -40.5  6.5
4.72772878826355  -40.5  1.1875
4.72466082668778  -40.5  2
4.71238898038469  -40.5  2
4.71852490353623  -40.5  4.4375
1.5707963267949  -41  -13
1.53091282630987  -40.5  21.5625
4.71545694196046  -40.5  5.25
4.71545694196046  -40.5  2
1.55852448049181  -40.5  14.1875
1.56159244206758  -40.5  10.9375
4.71852490353623  -40.5  0
1.5707963267949  -41  -17.0625
1.51557301843101  -41  21.9375
4.7001171340816  -40.5  -1.1875
1.54011671103718  -41  -4.0625
4.69398121093006  -40.5  -1.1875
4.68477732620275  -40.5  7.6875
4.68477732620275  -40.5  5.25
1.54625263418873  -41  0
1.5493205957645  -40.5  3.25
4.68477732620275  -40.5  7.6875
1.55238855734027  -40.5  0
1.54625263418873  -40.5  7.6875
1.56466040364335  -41  -4.0625
1.54011671103718  -40.5  10.9375
4.68477732620275  -40.5  7.6875
1.54318467261295  -40.5  9.75
1.52170894158256  -41  21.9375
4.7001171340816  -40.5  1.1875
1.56466040364335  -40.5  -17.0625
4.70932101880892  -40.5  1.1875
4.69704917250583  -40.5  5.25
4.69704917250583  -40.5  3.25
1.5707963267949  -40.5  -8.9375
4.71545694196046  -40.5  0
1.57693224994644  -41  -26
1.55545651891604  -40.5  13
1.55545651891604  -40.5  9.75
4.69704917250583  -40.5  6.5
4.7001171340816  -40.5  3.25
1.51864098000678  -40.5  15
1.53398078788564  -41  0
4.67557344147543  -40.5  0
4.67864140305121  -40.5  6.5
1.53091282630987  -40.5  13
4.70625305723315  -40.5  -1.1875
4.67864140305121  -40.5  3.25
1.53398078788564  -41  8.9375
1.54011671103718  -40.5  10.9375
1.5707963267949  -41  -4.0625
4.69398121093006  -40.5  6.5
4.67864140305121  -40.5  8.5
1.53398078788564  -40.5  3.25
4.67250547989966  -40.5  4.4375
1.53398078788564  -41  -8.9375
4.66023363359658  -40.5  4.4375
1.51557301843101  -41  8.9375
4.66023363359658  -40.5  5.25
4.65716567202081  -40.5  5.25
1.53398078788564  -40.5  0
4.66636955674812  -40.5  2
4.65716567202081  -40.5  4.4375
4.66943751832389  -40.5  3.25
1.5278448647341  -41  -4.0625
4.66943751832389  -40.5  3.25
1.51557301843101  -40.5  9.75
1.51557301843101  -41  13
4.66330159517235  -40.5  9.75
1.51557301843101  -41  17.0625
4.68477732620275  -40.5  0
1.5278448647341  -41  4.0625
4.68784528777852  -40.5  4.4375
4.67250547989966  -40.5  0
1.5278448647341  -41  8.9375
4.7001171340816  -40.5  3.25
1.56466040364335  -41  -17.0625
4.70625305723315  -40.5  0
1.55852448049181  -41  -17.0625
1.5493205957645  -40.5  7.6875
1.56466040364335  -41  -17.0625
1.55238855734027  -41  -8.9375
4.70625305723315  -40.5  1.1875
1.5707963267949  -41  -21.9375
4.68784528777852  -40.5  5.25
1.55238855734027  -41  -4.0625
4.69704917250583  -40.5  6.5
1.55852448049181  -41  -8.9375
4.71545694196046  -40.5  0
4.69398121093006  -40.5  7.6875
4.70625305723315  -40.5  -2
4.69398121093006  -40.5  7.6875
1.57693224994644  -41  -21.9375
4.70318509565738  -40.5  4.4375
1.54011671103718  -41  13
4.68784528777852  -40.5  4.4375
1.56466040364335  -41  -8.9375
1.54011671103718  -40.5  15
4.69091324935429  -40.5  11.75
1.55852448049181  -41  -17.0625
1.56466040364335  -41  -13
4.70318509565738  -40.5  4.4375
1.56466040364335  -41  -13
4.69398121093006  -40.5  6.5
4.7001171340816  -40.5  7.6875
4.68784528777852  -40.5  3.25
1.55852448049181  -41  -8.9375
4.69398121093006  -40.5  5.25
1.55852448049181  -41  -8.9375
1.56466040364335  -41  -8.9375
1.55545651891604  -40.5  8.5
1.54625263418873  -41  8.9375
4.7001171340816  -40.5  7.6875
1.57693224994644  -41  -17.0625
4.71545694196046  -40.5  0
4.71852490353623  -40.5  -2
1.5707963267949  -41  -13
4.69398121093006  -40.5  7.6875
1.53704874946141  -40.5  11.75
1.52170894158256  -40.5  13
