4.4117287459591  -41.5  -2
1.260932207642  -41.5  10.9375
1.27013609236931  -41.5  4.0625
4.4117287459591  -41.5  8.5
4.41479670753488  -41.5  5.25
4.4332044769895  -41.5  2
1.25172832291468  -41  13
1.26706813079354  -41.5  14.1875
4.41479670753488  -41.5  4.4375
4.42093263068642  -41.5  2
4.38411709177716  -41.5  19.5
4.4117287459591  -41.5  8.5
4.42706855383796  -41.5  -3.25
1.26706813079354  -41.5  13
1.25479628449045  -41.5  16.25
1.26706813079354  -41.5  10.9375
1.29467978497548  -41.5  -2
4.43013651541373  -41.5  2
1.25786424606623  -41.5  10.9375
1.23025259188428  -41.5  11.75
1.21491278400543  -41  4.0625
1.22718463030851  -41  0
1.21491278400543  -41  17.0625
1.24559239976314  -41  -4.0625
4.3902530149287  -41.5  4.4375
1.22718463030851  -41  13
1.2394564766116  -41  0
1.22104870715697  -41  4.0625
4.3902530149287  -41.5  6.5
1.24559239976314  -41  -4.0625
4.3902530149287  -41.5  4.4375
1.24559239976314  -41  0
1.22718463030851  -41  13
4.39332097650448  -41.5  6.5
1.2394564766116  -41  0
4.40252486123179  -41.5  -3.25
1.23332055346006  -41  8.9375
1.24252443818737  -41.5  6.5
1.23332055346006  -41  4.0625
1.25786424606623  -41  -13
4.39332097650448  -41.5  3.25
1.2394564766116  -41  8.9375
4.39945689965602  -41.5  1.1875
1.2394564766116  -41  0
1.25172832291468  -41  0
1.24559239976314  -41.5  13
1.25172832291468  -41  -4.0625
1.2394564766116  -41  4.0625
4.39945689965602  -41.5  2
1.24559239976314  -41  0
4.40252486123179  -41.5  -2
1.24559239976314  -41  8.9375
1.24559239976314  -41.5  13
1.26400016921777  -41  -4.0625
4.40559282280756  -41.5  4.4375
1.25172832291468  -41  0
1.25172832291468  -41  0
1.260932207642  -41.5  1.1875
1.24866036133891  -41.5  6.5
1.25172832291468  -41  -13
4.40252486123179  -41.5  2
1.25172832291468  -41  4.0625
1.23638851503583  -41.5  15
1.25786424606623  -41  -4.0625
1.2394564766116  -41  8.9375
1.24559239976314  -41  4.0625
1.23332055346006  -41  17.0625
4.39945689965602  -41.5  3.25
1.24559239976314  -41  4.0625
4.39945689965602  -41.5  6.5
1.25172832291468  -41  4.0625
1.24252443818737  -41.5  14.1875
1.25786424606623  -41  -4.0625
1.24559239976314  -41.5  13
4.39945689965602  -41.5  8.5
1.24559239976314  -41  4.0625
1.2394564766116  -41  17.0625
1.25172832291468  -41  8.9375
1.24559239976314  -41.5  14.1875
1.2394564766116  -41  -4.0625
4.40559282280756  -41.5  3.25
1.25172832291468  -41  0
1.22718463030851  -41.5  19.5
1.23332055346006  -41  4.0625
4.40252486123179  -41.5  3.25
1.24559239976314  -41  4.0625
1.24559239976314  -41.5  10.9375
1.23332055346006  -41  8.9375
1.24866036133891  -41.5  6.5
1.25172832291468  -41  -4.0625
4.39945689965602  -41.5  5.25
1.26400016921777  -41  -4.0625
4.39638893808025  -41.5  5.25
4.40252486123179  -41.5  5.25
1.23638851503583  -41.5  15
1.2394564766116  -41.5  0
4.3902530149287  -41.5  6.5
1.24252443818737  -41.5  13
1.25172832291468  -41  -4.0625
1.25172832291468  -41  -4.0625
1.24559239976314  -41  4.0625
4.36570932232253  -41.5  14.1875
1.2394564766116  -41  0
1.25172832291468  -41  0
1.2394564766116  -41  -8.9375
1.25172832291468  -41  -4.0625
1.2394564766116  -41  0
4.3902530149287  -41.5  3.25
1.23332055346006  -41.5  11.75
1.25172832291468  -41  -13
1.2394564766116  -41  8.9375
1.26400016921777  -41  -13
1.24559239976314  -41  -4.0625
1.23332055346006  -41  -4.0625
1.25172832291468  -41  -8.9375
4.36264136074676  -41.5  16.25
1.2394564766116  -41  0
4.38411709177716  -41.5  4.4375
1.23332055346006  -41  4.0625
4.38718505335293  -41.5  3.25
1.24559239976314  -41  0
4.35957339917099  -41.5  16.25
1.23332055346006  -41.5  11.75
1.24559239976314  -41  0
1.24559239976314  -41  0
4.40252486123179  -41.5  -1.1875
1.2394564766116  -41  4.0625
1.25172832291468  -41  -17.0625
1.22718463030851  -41  0
4.39638893808025  -41.5  0
1.23025259188428  -41.5  14.1875
1.22718463030851  -41  8.9375
