4.41479670753488  -45  -2
1.260932207642  -45  15
4.41786466911065  -45  7.6875
4.4332044769895  -45  2
1.32535940073319  -44.5  -30.0625
4.42093263068642  -45  7.6875
1.26400016921777  -44.5  17.0625
1.26400016921777  -45  10.9375
1.25786424606623  -45  15
1.24866036133891  -45  18.25
4.40866078438333  -45  6.5
4.4117287459591  -45  1.1875
1.25786424606623  -44.5  0
4.41786466911065  -45  -2
1.24559239976314  -44.5  4.0625
4.40252486123179  -45  6.5
4.42400059226219  -45  0
4.41786466911065  -45  -1.1875
1.27627201552085  -44.5  -13
1.260932207642  -45  11.75
4.41479670753488  -45  0
1.27013609236931  -44.5  0
4.40252486123179  -45  4.4375
1.25172832291468  -44.5  0
4.42093263068642  -45  1.1875
4.39945689965602  -45  7.6875
4.39945689965602  -45  7.6875
1.25172832291468  -44.5  0
1.27320405394508  -45  3.25
1.2824079386724  -44.5  -13
1.25479628449045  -45  13
1.26400016921777  -45  9.75
4.40866078438333  -45  1.1875
4.4117287459591  -45  9.75
4.40866078438333  -45  7.6875
1.2824079386724  -44.5  -13
4.4117287459591  -45  3.25
1.25479628449045  -45  15
1.27013609236931  -45  8.5
1.27013609236931  -44.5  8.9375
4.42093263068642  -45  1.1875
1.25786424606623  -44.5  4.0625
4.42093263068642  -45  2
4.43013651541373  -45  -2
4.41786466911065  -45  3.25
1.26400016921777  -44.5  13
4.40866078438333  -45  5.25
4.41479670753488  -45  4.4375
4.41479670753488  -45  2
4.4117287459591  -45  7.6875
4.41479670753488  -45  0
1.25786424606623  -44.5  8.9375
1.25172832291468  -44.5  8.9375
4.42706855383796  -45  1.1875
4.40866078438333  -45  4.4375
4.40866078438333  -45  6.5
4.4117287459591  -45  7.6875
4.42093263068642  -45  2
1.26400016921777  -45  9.75
1.25479628449045  -45  14.1875
4.4117287459591  -45  4.4375
4.41786466911065  -45  5.25
1.26400016921777  -45  9.75
1.2824079386724  -44.5  -13
1.25479628449045  -45  15
1.25786424606623  -45  13
1.2824079386724  -44.5  -17.0625
4.4117287459591  -45  7.6875
1.26706813079354  -45  11.75
1.27013609236931  -45  6.5
4.40866078438333  -45  13
4.42093263068642  -45  3.25
4.4117287459591  -45  6.5
1.27627201552085  -44.5  -8.9375
1.260932207642  -45  9.75
1.25479628449045  -45  14.1875
4.4117287459591  -45  5.25
4.41786466911065  -45  7.6875
4.42400059226219  -45  2
4.42093263068642  -45  1.1875
4.41479670753488  -45  7.6875
4.4117287459591  -45  6.5
4.42400059226219  -45  3.25
4.4117287459591  -45  4.4375
4.41786466911065  -45  5.25
1.26400016921777  -45  10.9375
1.26400016921777  -45  10.9375
4.39638893808025  -45  14.1875
1.260932207642  -45  13
4.41786466911065  -45  5.25
1.27933997709662  -45  2
1.260932207642  -45  13
4.42706855383796  -45  0
4.41479670753488  -45  4.4375
4.42093263068642  -45  4.4375
4.42093263068642  -45  1.1875
4.42093263068642  -45  3.25
1.260932207642  -45  16.25
4.40866078438333  -45  9.75
4.40866078438333  -45  13
1.27320405394508  -45  11.75
4.42706855383796  -45  1.1875
4.42400059226219  -45  5.25
1.27013609236931  -44.5  0
1.27627201552085  -44.5  0
1.30081570812702  -44.5  -21.9375
1.26400016921777  -45  14.1875
1.30081570812702  -44.5  -21.9375
4.4332044769895  -45  -1.1875
1.28854386182394  -44.5  -13
1.28854386182394  -44.5  4.0625
4.43013651541373  -45  2
4.41786466911065  -45  6.5
4.42400059226219  -45  -1.1875
4.42400059226219  -45  4.4375
4.42706855383796  -45  0
4.41479670753488  -45  7.6875
1.29467978497548  -44.5  -13
1.26706813079354  -45  13
4.39945689965602  -45  13
4.42400059226219  -45  -1.1875
4.42400059226219  -45  2
4.41786466911065  -45  5.25
1.28854386182394  -44.5  -13
1.2824079386724  -44.5  -17.0625
4.42400059226219  -45  4.4375
4.41786466911065  -45  4.4375
4.41786466911065  -45  8.5
4.41479670753488  -45  8.5
1.27013609236931  -44.5  0
1.25786424606623  -45  11.75
1.26400016921777  -44.5  4.0625
