0.368155389092554  -34  -8.9375
0.362019465941011  -34  0
0.343611696486384  -34.5  18.25
0.362019465941011  -34  4.0625
3.49747619637926  -34.5  3.25
0.346679658062155  -34.5  9.75
0.362019465941011  -34  4.875
0.368155389092554  -34  4.0625
0.346679658062155  -34.5  13
0.374291312244096  -34  -4.0625
3.51281600425812  -34.5  -2
0.374291312244096  -34  -4.0625
3.51895192740966  -34.5  2
0.368155389092554  -34  0
0.365087427516783  -34.5  -1.1875
0.362019465941011  -34  4.0625
0.362019465941011  -34  4.0625
0.349747619637926  -34.5  9.75
0.368155389092554  -34  -8.9375
0.337475773334841  -34.5  17.4375
0.340543734910612  -34.5  9.75
0.337475773334841  -34.5  15
0.374291312244096  -34  -4.875
0.368155389092554  -34  -4.0625
0.35895150436524  -34.5  3.25
0.340543734910612  -34.5  20.75
0.362019465941011  -34  8.9375
0.368155389092554  -34  4.0625
0.362019465941011  -34  0
0.374291312244096  -34  -8.9375
0.343611696486384  -34.5  16.25
0.368155389092554  -34  4.875
0.355883542789469  -34  13
3.47906842692463  -34.5  13
0.362019465941011  -34  0
0.355883542789469  -34.5  2
0.337475773334841  -34.5  22.75
0.362019465941011  -34  0
3.51588396583389  -34.5  -2
3.52201988898543  -34.5  0
0.362019465941011  -34  -4.0625
3.48213638850041  -34.5  13
0.368155389092554  -34  -4.0625
0.368155389092554  -34  -4.0625
0.368155389092554  -34  0
0.368155389092554  -34  4.0625
0.362019465941011  -34  4.0625
0.362019465941011  -34  4.0625
0.362019465941011  -34  4.0625
0.362019465941011  -34.5  0
0.346679658062155  -34.5  11.75
0.355883542789469  -34  9.75
0.343611696486384  -34.5  18.25
0.368155389092554  -34  -8.9375
0.355883542789469  -34  4.0625
0.362019465941011  -34  4.875
0.362019465941011  -34  8.9375
0.368155389092554  -34  -4.875
0.362019465941011  -34  0
0.362019465941011  -34  -4.875
3.49747619637926  -34.5  0
3.49747619637926  -34.5  1.1875
3.51588396583389  -34.5  -2
0.362019465941011  -34  0
0.368155389092554  -34  0
0.368155389092554  -34.5  0
0.368155389092554  -34  -4.875
0.368155389092554  -34  -4.0625
0.368155389092554  -34  -8.9375
0.362019465941011  -34.5  0
0.374291312244096  -34  -4.875
0.346679658062155  -34.5  10.9375
0.365087427516783  -34.5  0
0.374291312244096  -34  -8.9375
0.340543734910612  -34.5  13
3.48213638850041  -34.5  10.9375
3.51588396583389  -34.5  -2
0.362019465941011  -34  8.9375
3.49440823480349  -34.5  4.4375
3.52201988898543  -34.5  -3.25
0.368155389092554  -34  0
0.368155389092554  -34  0
0.362019465941011  -34  4.0625
0.362019465941011  -34  0
0.340543734910612  -34.5  9.75
0.362019465941011  -34  4.0625
0.331339850183298  -34.5  15
0.368155389092554  -34  -4.875
0.362019465941011  -34  0
0.374291312244096  -34  -8.9375
3.51895192740966  -34.5  -3.25
0.368155389092554  -34  0
0.343611696486384  -34.5  11.75
0.368155389092554  -34  -4.0625
0.374291312244096  -34  0
0.362019465941011  -34  8.9375
0.340543734910612  -34.5  11.75
0.362019465941011  -34  0
0.368155389092554  -34  4.0625
3.50974804268235  -34.5  -1.1875
0.362019465941011  -34  0
0.368155389092554  -34  0
0.362019465941011  -34  0
0.328271888607527  -34.5  16.25
0.368155389092554  -34  -4.875
0.374291312244096  -34  -4.0625
3.51895192740966  -34.5  -5.25
0.355883542789469  -34  4.875
0.343611696486384  -34.5  16.25
0.340543734910612  -34.5  11.75
0.362019465941011  -34.5  1.1875
0.362019465941011  -34  0
0.362019465941011  -34  4.0625
0.355883542789469  -34  0
0.362019465941011  -34  -4.0625
0.368155389092554  -34  -4.0625
0.362019465941011  -34  -9.75
0.362019465941011  -34  4.0625
0.374291312244096  -34  -4.875
0.368155389092554  -34  0
0.362019465941011  -34  4.875
0.374291312244096  -34  -8.9375
0.343611696486384  -34.5  10.9375
0.362019465941011  -34  9.75
0.368155389092554  -34  4.875
0.362019465941011  -34  0
3.52201988898543  -34.5  1.1875
0.362019465941011  -34  9.75
0.362019465941011  -34.5  0
0.346679658062155  -34.5  8.5
0.362019465941011  -34  0
0.362019465941011  -34  0
