4.35650543759522  -43  4.4375
4.36264136074676  -43  -2
4.35650543759522  -43  3.25
1.22718463030851  -42.5  -13
4.35343747601945  -43  4.4375
1.20570889927811  -43  9.75
1.1965050145508  -43  14.1875
1.20264093770234  -43  -4.0625
1.20877686085389  -43  8.5
4.35343747601945  -43  3.25
1.20877686085389  -42.5  0
1.19957297612657  -43  11.75
4.35036951444368  -43  5.25
1.1965050145508  -42.5  26
1.19957297612657  -43  11.75
1.21491278400543  -42.5  4.0625
1.21491278400543  -42.5  4.0625
4.35650543759522  -43  2
1.18730112982349  -43  18.25
4.36570932232253  -43  8.5
4.36877728389831  -43  3.25
1.22104870715697  -43  14.1875
1.23638851503583  -43  11.75
4.3902530149287  -43  2
4.39638893808025  -43  0
4.39332097650448  -43  3.25
4.39945689965602  -43  5.25
1.24559239976314  -43  0
1.25479628449045  -43  10.9375
1.25172832291468  -43  -4.0625
4.40866078438333  -43  0
4.39945689965602  -43  7.6875
1.2394564766116  -43  21.9375
4.39945689965602  -43  0
4.38411709177716  -43  15
1.23332055346006  -43  0
4.40252486123179  -43  -3.25
1.25786424606623  -43  -8.9375
4.37798116862562  -43  2
4.36877728389831  -43  3.25
4.36877728389831  -43  5.25
1.22104870715697  -43  13
4.37184524547408  -43  2
1.20877686085389  -43  13
1.25172832291468  -43  -39
1.21491278400543  -43  9.75
1.21491278400543  -43  14.1875
4.35650543759522  -43  6.5
4.36877728389831  -43  3.25
1.22718463030851  -43  -17.0625
1.22411666873274  -43  14.1875
1.23025259188428  -43  10.9375
1.25172832291468  -43  -4.0625
1.2394564766116  -43  13
1.23332055346006  -43  0
4.39332097650448  -43  5.25
4.36264136074676  -43  18.25
4.3902530149287  -43  4.4375
4.39638893808025  -43  -1.1875
1.22718463030851  -43  -4.0625
4.38411709177716  -43  0
1.22411666873274  -43  14.1875
4.38718505335293  -43  -1.1875
4.37798116862562  -43  3.25
4.37184524547408  -43  5.25
1.21491278400543  -43  13
4.35957339917099  -43  5.25
4.35036951444368  -43  3.25
4.33809766814059  -43  1.1875
1.18423316824771  -43  4.0625
4.33196174498905  -43  -1.1875
1.19343705297503  -43  8.5
1.17196132194463  -43  14.1875
1.18423316824771  -42.5  8.9375
4.31662193711019  -43  13
1.1965050145508  -43  10.9375
4.35343747601945  -43  3.25
4.35036951444368  -43  6.5
4.35957339917099  -43  -1.1875
4.36264136074676  -43  5.25
4.37798116862562  -43  0
4.35957339917099  -43  7.6875
4.37798116862562  -43  0
4.37798116862562  -43  -2
4.35957339917099  -43  4.4375
4.36264136074676  -43  0
4.35957339917099  -43  4.4375
4.37184524547408  -43  0
4.38411709177716  -43  -2
4.37798116862562  -43  -1.1875
4.36570932232253  -43  3.25
1.22411666873274  -43  10.9375
1.21184482242966  -43  15
1.21184482242966  -43  13
4.37798116862562  -43  -2
1.21491278400543  -43  -4.0625
4.34423359129214  -43  6.5
1.20264093770234  -43  6.5
4.34730155286791  -43  -2
4.33196174498905  -43  5.25
1.1965050145508  -43  1.1875
4.32275786026174  -43  6.5
4.33502970656482  -43  4.4375
4.32582582183751  -43  -1.1875
1.17809724509617  -43  7.6875
1.18423316824771  -43  10.9375
1.17809724509617  -43  14.1875
1.17809724509617  -43  16.25
1.19036909139926  -43  -4.0625
1.1965050145508  -43  8.5
4.34423359129214  -43  8.5
4.35036951444368  -43  3.25
4.35036951444368  -43  6.5
4.35650543759522  -43  8.5
1.20264093770234  -43  17.0625
1.21184482242966  -43  9.75
1.20877686085389  -42.5  8.9375
4.36264136074676  -43  2
4.36570932232253  -43  0
4.35343747601945  -43  3.25
1.1965050145508  -43  14.1875
1.21491278400543  -42.5  -4.0625
4.34423359129214  -43  4.4375
1.18730112982349  -43  13
1.18730112982349  -43  6.5
1.1750292835204  -43  14.1875
4.30128212923134  -43  17.4375
1.18423316824771  -42.5  4.0625
4.33196174498905  -43  2
1.19036909139926  -43  0
4.33196174498905  -43  3.25
4.33809766814059  -43  3.25
