0.711767085578938  -48  5.25
3.82268012341102  -48  26
0.705631162427395  -48  9.75
3.79813643080485  -48  43.125
0.702563200851624  -48  8.5
0.708699124003166  -48  6.5
3.84108789286565  -48  9.75
3.84108789286565  -48  5.25
3.84108789286565  -48  4.0625
0.696427277700081  -48  13
0.705631162427395  -48  7.6875
3.81040827710793  -48  30.0625
0.705631162427395  -48  11.75
0.711767085578938  -48  3.25
0.711767085578938  -48  1.1875
3.80427235395639  -48  34.9375
0.71790300873048  -48  0
0.699495239275852  -48  3.25
3.81961216183525  -48  8.5
3.77972866135022  -47.5  39
3.77972866135022  -48  30.0625
0.684155431396996  -48  4.4375
3.7920005076533  -48  30.0625
0.699495239275852  -48  3.25
3.82268012341102  -48  39
0.696427277700081  -48  9.75
0.705631162427395  -48  7.6875
3.81040827710793  -48  34.9375
3.84722381601719  -48  3.25
0.69335931612431  -48  4.4375
3.83188400813833  -48  5.25
0.702563200851624  -48  7.6875
0.708699124003166  -48  6.5
0.708699124003166  -48  1.1875
3.77972866135022  -48  48
0.702563200851624  -48  4.4375
0.696427277700081  -48  7.6875
3.80427235395639  -48  21.9375
3.82881604656256  -48  0
3.80734031553216  -48  14.1875
0.69335931612431  -48  3.25
0.681087469821225  -48  9.75
0.681087469821225  -48  3.25
0.681087469821225  -48  7.6875
0.674951546669682  -48  14.1875
0.696427277700081  -48  4.4375
0.687223392972767  -48  6.5
0.702563200851624  -48  2
0.684155431396996  -48  7.6875
0.681087469821225  -48  4.4375
0.684155431396996  -48  11.75
0.656543777215054  -48  16.25
3.7920005076533  -48  34.9375
3.76745681504713  -47.5  43.125
0.681087469821225  -48  4.4375
3.78586458450176  -48  43.125
0.681087469821225  -48  4.4375
3.78586458450176  -48  34.9375
0.66881562351814  -48  10.9375
3.78586458450176  -47.5  21.9375
0.662679700366597  -48  14.1875
0.66881562351814  -48  8.5
0.687223392972767  -48  8.5
0.681087469821225  -48  6.5
3.78586458450176  -48  26
3.76132089189559  -47.5  39
0.66881562351814  -48  7.6875
3.76132089189559  -48  43.125
0.659611738790826  -48  10.9375
0.687223392972767  -48  10.9375
3.80427235395639  -48  26
0.696427277700081  -48  3.25
3.79813643080485  -48  26
0.705631162427395  -48  6.5
3.83801993128987  -48  10.9375
0.696427277700081  -48  8.5
0.699495239275852  -48  4.4375
0.690291354548539  -48  9.75
0.681087469821225  -48  11.75
0.696427277700081  -48  3.25
0.699495239275852  -48  5.25
0.690291354548539  -48  7.6875
0.696427277700081  -48  5.25
0.684155431396996  -48  6.5
3.79813643080485  -48  26
0.671883585093911  -48  14.1875
0.687223392972767  -48  5.25
0.678019508245453  -48  13
0.690291354548539  -48  4.4375
0.656543777215054  -48  19.5
0.681087469821225  -48  6.5
0.678019508245453  -48  9.75
0.671883585093911  -48  14.1875
0.69335931612431  -48  4.4375
0.690291354548539  -48  7.6875
0.687223392972767  -48  7.6875
0.66881562351814  -48  6.5
3.77359273819868  -48  30.0625
3.77359273819868  -48  21.9375
0.671883585093911  -48  9.75
0.687223392972767  -48  0
0.687223392972767  -48  3.25
0.69335931612431  -48  0
3.75518496874405  -48  43.125
3.76132089189559  -48  34.9375
0.671883585093911  -48  0
0.674951546669682  -48  5.25
3.77972866135022  -48  48
3.76745681504713  -47.5  30.0625
3.81040827710793  -48  6.5
0.662679700366597  -48  9.75
3.77359273819868  -48  34.9375
0.684155431396996  -48  2
0.69335931612431  -48  -2
0.681087469821225  -48  6.5
0.687223392972767  -48  4.4375
3.7920005076533  -48  30.0625
0.69335931612431  -47.5  3.25
0.696427277700081  -48  7.6875
0.705631162427395  -48  2
3.77972866135022  -48  48
0.702563200851624  -48  -2
0.705631162427395  -48  2
0.696427277700081  -48  6.5
3.80427235395639  -48  34.9375
0.708699124003166  -48  4.4375
3.82268012341102  -48  21.9375
0.702563200851624  -48  3.25
0.705631162427395  -48  5.25
3.81040827710793  -48  26
0.702563200851624  -48  8.5
3.80427235395639  -48  43.125
