1.02776712788338  -41.5  -3.25
4.17856366620049  -41.5  -17.0625
1.00629139685298  -41.5  10.9375
4.16015589674586  -41.5  4.0625
4.17242774304894  -41.5  -17.0625
1.02469916630761  -41.5  -1.1875
1.00629139685298  -41.5  -4.4375
1.00629139685298  -41.5  -2
1.00629139685298  -41.5  -3.25
1.00629139685298  -41.5  0
4.14788405044277  -41.5  -4.0625
1.00015547370144  -41.5  0
4.12027239626083  -41.5  16.25
4.14174812729123  -41.5  5.25
4.17242774304894  -41.5  -13
1.00935935842875  -41.5  -2
4.15401997359432  -41.5  0
1.00322343527721  -41.5  3.25
0.990951588974124  -41.5  6.5
0.987883627398353  -41.5  6.5
1.00322343527721  -41.5  -1.1875
4.13868016571546  -41.5  5.25
1.01242732000452  -41.5  -1.1875
0.994019550549895  -41.5  7.6875
0.994019550549895  -41.5  8.5
1.00935935842875  -41.5  -2
1.00629139685298  -41.5  -1.1875
1.00935935842875  -41.5  -3.25
0.994019550549895  -41.5  7.6875
1.00935935842875  -41.5  -1.1875
1.00322343527721  -41.5  2
1.00322343527721  -41.5  -1.1875
4.14788405044277  -41.5  -8.9375
1.01856324315607  -41.5  -4.4375
1.00629139685298  -41.5  0
1.01242732000452  -41.5  -1.1875
1.00322343527721  -41.5  -2
4.11720443468506  -41.5  13
4.14174812729123  -41.5  2
0.990951588974124  -41.5  8.5
0.987883627398353  -41.5  9.75
1.00015547370144  -41.5  1.1875
0.994019550549895  -41.5  2
1.00935935842875  -41.5  -1.1875
1.00935935842875  -41.5  -2
4.13254424256392  -41.5  8.5
1.00935935842875  -41.5  -4.4375
1.00629139685298  -41.5  -2
1.00015547370144  -41.5  -1.1875
0.98174770424681  -41.5  14.1875
1.00629139685298  -41.5  2
0.984815665822582  -41.5  8.5
1.00322343527721  -41.5  1.1875
4.16015589674586  -41.5  -8.9375
0.984815665822582  -41.5  13
4.16015589674586  -41.5  -13
4.13561220413969  -41.5  4.0625
0.98174770424681  -41.5  10.9375
1.00629139685298  -41.5  -2
1.00322343527721  -41.5  -1.1875
4.12640831941237  -41.5  13
1.00015547370144  -41.5  -1.1875
1.00322343527721  -41.5  -3.25
1.00015547370144  -41.5  -1.1875
4.15401997359432  -41.5  -17.0625
4.1233403578366  -41.5  13
1.00322343527721  -41.5  -1.1875
4.12947628098815  -41.5  9.75
1.00322343527721  -41.5  -2
0.994019550549895  -41.5  2
1.00015547370144  -41.5  2
4.14174812729123  -41.5  -4.0625
0.972543819519497  -41.5  9.75
4.13561220413969  -41.5  0
1.01549528158029  -41.5  -4.4375
1.01242732000452  -41.5  -4.4375
0.987883627398353  -41.5  4.4375
0.997087512125667  -41.5  2
0.98174770424681  -41.5  6.5
1.00015547370144  -41.5  0
4.14788405044277  -41.5  -8.9375
1.00015547370144  -41.5  2
1.00629139685298  -41.5  -2
0.997087512125667  -41.5  0
0.978679742671039  -41.5  11.75
0.987883627398353  -41.5  8.5
1.00935935842875  -41.5  0
4.12027239626083  -41.5  13
1.00015547370144  -41.5  3.25
1.00015547370144  -41.5  0
4.15401997359432  -41.5  -13
0.994019550549895  -41.5  4.4375
1.00935935842875  -41.5  0
1.00935935842875  -41.5  0
1.00629139685298  -41.5  0
4.13561220413969  -41.5  -4.0625
4.14788405044277  -41.5  -4.0625
0.969475857943725  -41.5  14.1875
4.1233403578366  -41.5  6.5
0.994019550549895  -41.5  2
0.98174770424681  -41.5  5.25
1.00015547370144  -41.5  -1.1875
0.997087512125667  -41.5  0
4.14788405044277  -41.5  0
4.12947628098815  -41.5  5.25
1.00322343527721  -41.5  -3.25
1.00015547370144  -41.5  -1.1875
4.11720443468506  -41.5  14.1875
4.1233403578366  -41.5  8.5
0.978679742671039  -41.5  5.25
0.997087512125667  -41.5  2
1.00629139685298  -41.5  -1.1875
0.997087512125667  -41.5  -1.1875
1.00629139685298  -41.5  0
0.98174770424681  -41.5  8.5
0.997087512125667  -41.5  0
0.978679742671039  -41.5  6.5
1.00629139685298  -41.5  -3.25
0.997087512125667  -41.5  2
1.00322343527721  -41.5  -1.1875
0.997087512125667  -41.5  2
1.00015547370144  -41.5  -3.25
4.17242774304894  -41.5  -26
0.994019550549895  -41.5  0
1.00629139685298  -41.5  -3.25
0.978679742671039  -41.5  8.5
4.14174812729123  -41.5  -3.25
1.00015547370144  -41.5  -2
1.00629139685298  -41.5  -5.25
4.14788405044277  -41.5  -17.0625
0.997087512125667  -41.5  -1.1875
0.994019550549895  -41.5  0
