4.75840840402126  -44.5  4.4375
1.61681575043147  -44.5  11.75
4.76147636559703  -44.5  14.1875
4.77068025032434  -44.5  3.25
4.79215598135474  -44.5  1.1875
4.7860200582032  -44.5  0
4.77374821190012  -44.5  7.6875
4.77374821190012  -44.5  8.5
1.62601963515878  -44.5  -8.9375
4.77681617347589  -44.5  5.25
4.77988413505166  -44.5  2
4.76761228874857  -44.5  9.75
1.65669925091649  -44.5  -13
1.61988371200724  -44.5  10.9375
4.7860200582032  -44.5  0
4.76147636559703  -44.5  7.6875
4.75840840402126  -44.5  9.75
1.61374778885569  -44.5  15
4.78295209662743  -44.5  0
1.61374778885569  -44.5  13
1.62601963515878  -44.5  10.9375
1.62295167358301  -44.5  10.9375
4.77988413505166  -44.5  3.25
4.78295209662743  -44.5  3.25
1.62601963515878  -44.5  9.75
4.7645443271728  -44.5  6.5
4.76761228874857  -44.5  7.6875
1.63215555831032  -44.5  9.75
4.7645443271728  -44.5  4.4375
4.77681617347589  -44.5  4.4375
4.76761228874857  -44.5  6.5
4.77374821190012  -44.5  7.6875
4.7645443271728  -44.5  8.5
4.77988413505166  -44.5  3.25
4.77681617347589  -44.5  1.1875
4.7645443271728  -44.5  7.6875
4.76761228874857  -44.5  4.4375
4.77068025032434  -44.5  4.4375
1.62601963515878  -44.5  10.9375
4.7645443271728  -44.5  5.25
4.75840840402126  -44.5  13
1.61374778885569  -44.5  15
1.61681575043147  -44.5  10.9375
4.77681617347589  -44.5  2
4.77374821190012  -44.5  2
4.7860200582032  -44.5  0
4.76761228874857  -44.5  5.25
1.65056332776495  -44.5  -8.9375
4.77988413505166  -44.5  0
4.77068025032434  -44.5  5.25
1.62601963515878  -44.5  9.75
4.77374821190012  -44.5  3.25
4.77988413505166  -44.5  2
4.77374821190012  -44.5  3.25
1.61988371200724  -44.5  11.75
4.7645443271728  -44.5  9.75
4.75534044244549  -44.5  8.5
4.74613655771817  -44.5  15
4.75227248086972  -44.5  11.75
4.75840840402126  -44.5  9.75
4.76761228874857  -44.5  5.25
4.76761228874857  -44.5  7.6875
4.78295209662743  -44.5  5.25
4.77374821190012  -44.5  3.25
4.77681617347589  -44.5  3.25
1.66283517406803  -44.5  -21.9375
1.65669925091649  -44.5  -17.0625
4.77068025032434  -44.5  9.75
4.7645443271728  -44.5  6.5
4.73693267299086  -44.5  17.4375
4.76761228874857  -44.5  6.5
1.61988371200724  -44.5  11.75
1.65056332776495  -44.5  -8.9375
4.77374821190012  -44.5  4.4375
4.7860200582032  -44.5  -1.1875
4.77681617347589  -44.5  5.25
4.77681617347589  -44.5  2
1.65669925091649  -44.5  -17.0625
4.76761228874857  -44.5  6.5
4.77068025032434  -44.5  6.5
4.7645443271728  -44.5  6.5
4.75534044244549  -44.5  11.75
4.76761228874857  -44.5  9.75
1.64442740461341  -44.5  -13
4.75534044244549  -44.5  9.75
4.76761228874857  -44.5  5.25
1.63829148146186  -44.5  -13
4.77068025032434  -44.5  2
1.61067982727992  -44.5  11.75
4.76147636559703  -44.5  8.5
4.76761228874857  -44.5  9.75
1.63215555831032  -44.5  7.6875
4.7860200582032  -44.5  3.25
4.76147636559703  -44.5  7.6875
4.7645443271728  -44.5  8.5
4.76761228874857  -44.5  5.25
4.76147636559703  -44.5  10.9375
4.76147636559703  -44.5  9.75
1.63215555831032  -44.5  -4.0625
4.77374821190012  -44.5  4.4375
4.77068025032434  -44.5  4.4375
4.74613655771817  -44.5  17.4375
4.77068025032434  -44.5  6.5
1.65056332776495  -44.5  -17.0625
4.76761228874857  -44.5  6.5
4.77068025032434  -44.5  7.6875
4.76147636559703  -44.5  9.75
4.77681617347589  -44.5  5.25
4.77988413505166  -44.5  -1.1875
4.76147636559703  -44.5  8.5
4.77681617347589  -44.5  2
4.77681617347589  -44.5  -1.1875
4.77374821190012  -44.5  6.5
1.62295167358301  -44.5  8.5
4.75534044244549  -44.5  10.9375
4.76761228874857  -44.5  5.25
1.63829148146186  -44.5  -8.9375
4.75840840402126  -44.5  9.75
1.64442740461341  -44.5  -13
4.76761228874857  -44.5  5.25
1.63829148146186  -44.5  -8.9375
4.75840840402126  -44.5  6.5
4.76761228874857  -44.5  4.4375
1.61067982727992  -44.5  14.1875
4.75227248086972  -44.5  9.75
1.62601963515878  -44.5  -13
4.76761228874857  -44.5  5.25
1.62295167358301  -44.5  11.75
4.77374821190012  -44.5  3.25
4.77068025032434  -44.5  4.4375
1.61374778885569  -44.5  13
4.77068025032434  -44.5  1.1875
