0.825281663882475  -46  11.75
0.846757394912874  -46.5  8.9375
3.98835004850267  -46  4.4375
3.98221412535112  -46  8.5
0.831417587034017  -46  13
3.96073839432073  -46  11.75
0.822213702306704  -46  13
0.816077779155161  -46  15
0.852893318064416  -46  -21.9375
0.825281663882475  -46  14.1875
3.98221412535112  -46  1.1875
0.825281663882475  -46  14.1875
3.97301024062381  -46  1.1875
3.97301024062381  -46  4.4375
3.97301024062381  -46  5.25
0.825281663882475  -46  9.75
0.825281663882475  -46  14.1875
0.819145740730932  -46  17.4375
0.822213702306704  -46  8.9375
3.9852820869269  -46  -1.1875
0.859029241215959  -46  -4.0625
0.852893318064416  -46  -13
0.840621471761331  -46  0
0.846757394912874  -46  -13
3.98221412535112  -46  1.1875
0.859029241215959  -46  -17.0625
0.825281663882475  -46  13
3.97301024062381  -46  3.25
0.819145740730932  -46  11.75
0.828349625458246  -46  10.9375
0.840621471761331  -46  0
3.97301024062381  -46  2
3.98221412535112  -46  5.25
0.822213702306704  -46  8.9375
0.831417587034017  -46  6.5
3.9852820869269  -46  -2
0.846757394912874  -46  -8.9375
0.825281663882475  -46  13
0.852893318064416  -46  -17.0625
3.97607820219958  -46  3.25
0.834485548609789  -46  -4.0625
3.97301024062381  -46  8.5
3.97607820219958  -46  4.4375
3.98221412535112  -46  4.4375
3.97914616377535  -46  0
3.9852820869269  -46  3.25
3.97607820219958  -46  3.25
0.834485548609789  -46  6.5
3.97301024062381  -46  5.25
0.840621471761331  -46  -4.0625
0.822213702306704  -46  18.25
0.834485548609789  -46  5.25
3.9852820869269  -46  -2
0.846757394912874  -46  -13
0.822213702306704  -46  10.9375
0.834485548609789  -46  5.25
3.9638063558965  -46  8.5
0.819145740730932  -46  17.4375
0.819145740730932  -46  11.75
3.96994227904804  -46  8.5
3.96994227904804  -46  6.5
0.840621471761331  -46  -4.0625
3.97301024062381  -46  3.25
0.859029241215959  -46  -21.9375
3.97301024062381  -46  3.25
0.883572933822129  -46  -39
3.97914616377535  -46  -2
3.97607820219958  -46  3.25
3.97607820219958  -46  0
3.9852820869269  -46  1.1875
0.859029241215959  -46  -13
3.97301024062381  -46  6.5
0.834485548609789  -46  0
3.97301024062381  -46  4.4375
0.840621471761331  -46  -4.0625
3.98221412535112  -46  -2
0.871301087519044  -46  -26
3.97301024062381  -46  6.5
0.822213702306704  -46  10.9375
3.9852820869269  -46  -3.25
0.819145740730932  -46  9.75
0.828349625458246  -46  7.6875
3.96687431747227  -46  6.5
0.831417587034017  -46  7.6875
3.98221412535112  -46  1.1875
0.846757394912874  -46  -13
3.9852820869269  -46  -1.1875
0.846757394912874  -46  -8.9375
0.834485548609789  -46  0
3.96994227904804  -46  5.25
0.819145740730932  -46  15
0.859029241215959  -46  -17.0625
0.840621471761331  -46.5  -4.0625
0.871301087519044  -46  -21.9375
3.97607820219958  -46  6.5
0.840621471761331  -46  8.9375
3.9852820869269  -46  -2
3.97607820219958  -46  2
0.816077779155161  -46  15
3.97607820219958  -46  1.1875
0.831417587034017  -46  2
3.98221412535112  -46  2
0.834485548609789  -46.5  0
0.831417587034017  -46  6.5
0.840621471761331  -46.5  -8.9375
0.828349625458246  -46  10.9375
3.97301024062381  -46  3.25
0.825281663882475  -46  11.75
3.98221412535112  -46  1.1875
3.97914616377535  -46  2
0.819145740730932  -46  15
0.840621471761331  -46  -4.0625
0.840621471761331  -46  0
3.97914616377535  -46  3.25
0.831417587034017  -46  11.75
0.822213702306704  -46  11.75
0.834485548609789  -46  2
3.97607820219958  -46  2
3.96994227904804  -46  4.4375
3.97914616377535  -46  4.4375
0.822213702306704  -46  11.75
3.97301024062381  -46  4.4375
0.846757394912874  -46  -8.9375
0.825281663882475  -46  5.25
0.822213702306704  -46  9.75
0.816077779155161  -46  13
0.840621471761331  -46  4.0625
0.83755351018556  -46  8.5
0.840621471761331  -46  0
0.834485548609789  -46  3.25
0.831417587034017  -46  11.75
0.831417587034017  -46  10.9375
