0.21475731030399  -39.5  6.5
0.245436926061703  -39.5  0
0.233165079758617  -39.5  4.4375
0.257708772364788  -39.5  1.1875
3.36862181019687  -39.5  4.0625
0.242368964485931  -39.5  2
0.23930100291016  -39.5  2
0.260776733940559  -39.5  -2
0.260776733940559  -39.5  -1.1875
0.245436926061703  -39.5  5.25
0.242368964485931  -39.5  7.6875
0.257708772364788  -39.5  2
3.37475773334841  -39.5  8.9375
0.254640810789016  -39.5  0
3.39316550280304  -39.5  -4.0625
0.242368964485931  -39.5  6.5
0.260776733940559  -39.5  -4.4375
0.217825271879761  -39.5  14.1875
0.254640810789016  -39.5  -1.1875
0.251572849213245  -39.5  1.1875
0.260776733940559  -39.5  0
0.257708772364788  -39.5  2
0.217825271879761  -39.5  16.25
0.257708772364788  -39.5  -1.1875
0.260776733940559  -39.5  2
0.257708772364788  -39.5  1.1875
3.35634996389378  -39.5  0
0.220893233455532  -39.5  4.4375
3.35021404074224  -39  0
0.233165079758617  -39.5  1.1875
3.35634996389378  -39  8.9375
0.223961195031304  -39.5  7.6875
0.236233041334389  -39.5  1.1875
3.36862181019687  -39.5  -4.0625
0.223961195031304  -39.5  4.4375
0.21475731030399  -39.5  3.25
0.208621387152447  -39.5  5.25
0.230097118182846  -39.5  -3.25
0.220893233455532  -39.5  1.1875
3.35021404074224  -39  0
0.236233041334389  -39.5  1.1875
0.217825271879761  -39.5  3.25
0.220893233455532  -39.5  1.1875
0.233165079758617  -39.5  -1.1875
0.217825271879761  -39.5  0
3.3440781175907  -39.5  -4.0625
0.230097118182846  -39.5  1.1875
3.35634996389378  -39.5  -4.0625
0.233165079758617  -39.5  1.1875
3.35634996389378  -39  0
0.233165079758617  -39.5  1.1875
0.233165079758617  -39.5  3.25
0.233165079758617  -39.5  4.4375
3.3440781175907  -39.5  13
3.35634996389378  -39.5  4.0625
0.220893233455532  -39.5  5.25
0.193281579273591  -39.5  17.4375
3.33794219443916  -39.5  13
0.196349540849362  -39.5  15
0.220893233455532  -39.5  3.25
0.220893233455532  -39.5  6.5
0.199417502425133  -39.5  16.25
0.230097118182846  -39.5  3.25
0.220893233455532  -39.5  2
0.223961195031304  -39.5  3.25
0.217825271879761  -39.5  5.25
0.220893233455532  -39.5  5.25
0.227029156607075  -39.5  6.5
0.227029156607075  -39.5  3.25
0.21475731030399  -39.5  0
3.35021404074224  -39  0
0.230097118182846  -39.5  -2
0.21475731030399  -39.5  6.5
0.217825271879761  -39.5  2
0.223961195031304  -39.5  4.4375
0.233165079758617  -39.5  3.25
0.233165079758617  -39.5  1.1875
3.35021404074224  -39.5  0
0.21475731030399  -39.5  -2
0.205553425576676  -39.5  7.6875
3.35634996389378  -39  -8.9375
0.227029156607075  -39.5  2
0.181009732970506  -39.5  16.25
0.196349540849362  -39.5  8.5
3.35634996389378  -39.5  -4.0625
0.233165079758617  -39.5  0
0.211689348728218  -39.5  2
0.21475731030399  -39.5  3.25
0.208621387152447  -39.5  5.25
3.35021404074224  -39.5  -4.0625
0.223961195031304  -39.5  -1.1875
0.233165079758617  -39.5  0
0.233165079758617  -39.5  -1.1875
0.227029156607075  -39.5  0
0.184077694546277  -39.5  21.5625
0.223961195031304  -39.5  3.25
0.208621387152447  -39.5  4.4375
0.227029156607075  -39.5  0
0.220893233455532  -39.5  2
0.236233041334389  -39.5  -1.1875
0.220893233455532  -39.5  2
3.35634996389378  -39.5  -8.9375
0.236233041334389  -39.5  -1.1875
0.211689348728218  -39.5  7.6875
0.230097118182846  -39.5  1.1875
0.220893233455532  -39.5  3.25
0.21475731030399  -39.5  1.1875
3.35634996389378  -39  -8.9375
3.3440781175907  -39.5  0
0.217825271879761  -39.5  0
3.35021404074224  -39  -4.0625
0.217825271879761  -39.5  3.25
0.211689348728218  -39.5  3.25
3.35634996389378  -39.5  0
0.217825271879761  -39.5  5.25
0.220893233455532  -39.5  0
0.211689348728218  -39.5  0
0.211689348728218  -39.5  5.25
0.208621387152447  -39.5  4.4375
0.202485464000905  -39.5  3.25
0.217825271879761  -39.5  2
3.33794219443916  -39  8.9375
0.223961195031304  -39.5  3.25
0.205553425576676  -39.5  5.25
3.3440781175907  -39.5  0
0.21475731030399  -39.5  -2
0.21475731030399  -39.5  5.25
0.202485464000905  -39.5  7.6875
0.223961195031304  -39.5  0
3.35021404074224  -39.5  4.0625
0.217825271879761  -39.5  5.25
0.223961195031304  -39.5  0
