6.13899111311834  -42.5  14.1875
3.04034992158934  -42.5  0
6.20341830620953  -42.5  -8.9375
6.18501053675491  -42.5  11.75
6.17580665202759  -42.5  16.25
6.17580665202759  -42.5  18.25
6.19421442148222  -42.5  5.25
6.23409792196725  -42.5  -30.0625
6.17580665202759  -42.5  17.4375
6.17580665202759  -42.5  16.25
6.18501053675491  -42.5  14.1875
6.18501053675491  -42.5  11.75
6.19728238305799  -42.5  -8.9375
6.15739888257296  -42.5  17.4375
6.15433092099719  -42.5  15
6.16046684414874  -42.5  11.75
6.19728238305799  -42  -17.0625
6.14512703626988  -42.5  13
6.16046684414874  -42.5  8.5
6.17273869045182  -42.5  -8.9375
6.12365130523948  -42.5  16.25
3.01887419055894  -42.5  -3.25
6.12978722839102  -42.5  13
6.14205907469411  -42.5  13
6.16046684414874  -42.5  -4.0625
6.15433092099719  -42  4.4375
3.02501011371048  -42.5  3.25
6.13899111311834  -42  15
6.13592315154256  -42  18.25
6.14512703626988  -42.5  15
6.15126295942142  -42.5  14.1875
6.17887461360336  -42  4.0625
6.17887461360336  -42.5  4.0625
3.01580622898317  -42.5  2
6.13592315154256  -42.5  15
6.15433092099719  -42  0
6.14205907469411  -42.5  8.5
6.13285518996679  -42.5  15
6.17273869045182  -42  -13
6.13899111311834  -42.5  16.25
6.13899111311834  -42.5  15
6.14819499784565  -42  0
6.12365130523948  -42.5  15
6.16046684414874  -42.5  0
6.12978722839102  -42.5  11.75
6.17887461360336  -42  -34.9375
6.12978722839102  -42.5  14.1875
6.15739888257296  -42.5  1.1875
6.12365130523948  -42.5  19.5
6.14205907469411  -42.5  14.1875
6.15433092099719  -42.5  -8.9375
6.12978722839102  -42.5  14.1875
6.14205907469411  -42.5  10.9375
6.14205907469411  -42.5  8.5
6.13592315154256  -42.5  11.75
6.17273869045182  -42  -26
6.13285518996679  -42.5  14.1875
6.19114645990645  -42  -26
6.13592315154256  -42.5  15
6.13592315154256  -42.5  13
6.15433092099719  -42  0
6.13285518996679  -42.5  13
6.16660276730028  -42  4.0625
6.13592315154256  -42.5  10.9375
6.17273869045182  -42  -17.0625
6.14512703626988  -42.5  8.5
6.12671926681525  -42.5  16.25
6.18501053675491  -42.5  -30.0625
6.16046684414874  -42.5  -13
6.13592315154256  -42.5  10.9375
6.14512703626988  -42.5  11.75
6.16046684414874  -42  -8.9375
3.02501011371048  -42.5  -3.25
6.17273869045182  -42.5  -17.0625
6.13285518996679  -42.5  15
6.16046684414874  -42.5  -13
6.14512703626988  -42.5  10.9375
6.17887461360336  -42  -21.9375
6.13592315154256  -42.5  14.1875
6.16660276730028  -42.5  -21.9375
6.13592315154256  -42.5  16.25
6.12671926681525  -42.5  16.25
6.14205907469411  -42.5  14.1875
6.12978722839102  -42.5  15
6.16660276730028  -42.5  -13
6.17273869045182  -42  -8.9375
6.13899111311834  -42.5  15
6.14512703626988  -42.5  10.9375
6.17273869045182  -42.5  -17.0625
6.14512703626988  -42.5  11.75
6.13592315154256  -42.5  15
6.12978722839102  -42.5  17.4375
6.17273869045182  -42.5  -4.0625
6.13899111311834  -42.5  15
6.14205907469411  -42.5  15
6.19114645990645  -42  -8.9375
6.15433092099719  -42.5  13
6.20955422936108  -42  -21.9375
6.15126295942142  -42.5  15
6.14819499784565  -42.5  13
6.13899111311834  -42.5  20.75
6.19114645990645  -42.5  -4.0625
6.14512703626988  -42.5  15
6.14819499784565  -42.5  15
6.18501053675491  -42.5  -21.9375
3.04648584474088  -42.5  -7.6875
6.15739888257296  -42.5  13
6.13899111311834  -42.5  17.4375
6.20341830620953  -42.5  -21.9375
6.17887461360336  -42  0
6.19114645990645  -42  -26
6.13899111311834  -42.5  19.5
6.18501053675491  -42  -13
6.14819499784565  -42.5  17.4375
6.15739888257296  -42.5  14.1875
6.15126295942142  -42.5  14.1875
6.16046684414874  -42.5  11.75
6.17887461360336  -42  4.0625
6.13592315154256  -42.5  18.25
6.18501053675491  -42  -26
6.13899111311834  -42.5  17.4375
6.15739888257296  -42.5  13
6.15126295942142  -42.5  17.4375
6.14819499784565  -42.5  15
6.17887461360336  -42.5  -17.0625
6.15433092099719  -42.5  15
6.19114645990645  -42  -13
6.19114645990645  -42.5  -21.9375
6.15126295942142  -42.5  13
6.17887461360336  -42  -13
6.14512703626988  -42.5  16.25
6.17273869045182  -42  -4.0625
