3.31953442498453  -38.5  -1.1875
0.177941771394734  -38.5  0
0.156466040364335  -38.5  11.75
0.177941771394734  -38.5  0
0.150330117212793  -38.5  17.4375
0.171805848243192  -38.5  -13
3.31033054025721  -38.5  -2
0.128854386182394  -38.5  14.1875
0.165669925091649  -38.5  -8.9375
0.153398078788564  -38.5  -1.1875
0.131922347758165  -38.5  14.1875
0.128854386182394  -38.5  15
0.177941771394734  -38.5  -13
0.165669925091649  -38.5  -4.0625
0.141126232485479  -38.5  13
0.171805848243192  -38.5  -13
0.190213617697819  -38.5  -21.9375
0.159534001940107  -38.5  -4.0625
0.171805848243192  -38.5  -4.0625
0.165669925091649  -38.5  -4.0625
0.171805848243192  -38.5  -13
0.159534001940107  -38.5  -8.9375
0.184077694546277  -38.5  -26
0.171805848243192  -38.5  -4.0625
0.177941771394734  -38.5  -4.0625
0.128854386182394  -38.5  16.25
0.171805848243192  -38.5  -4.0625
0.131922347758165  -38.5  11.75
0.134990309333936  -38.5  16.25
0.141126232485479  -38.5  15
0.134990309333936  -38.5  16.25
0.165669925091649  -38.5  -4.0625
0.128854386182394  -38.5  14.1875
0.141126232485479  -38.5  9.75
0.177941771394734  -38.5  -17.0625
0.159534001940107  -38.5  -4.0625
0.131922347758165  -38.5  14.1875
0.125786424606623  -38.5  14.1875
0.131922347758165  -38.5  13
0.165669925091649  -38.5  -4.0625
0.131922347758165  -38.5  9.75
0.184077694546277  -38.5  -17.0625
0.141126232485479  -38.5  10.9375
3.31339850183298  -38.5  -3.25
0.138058270909708  -38.5  14.1875
0.171805848243192  -38.5  -8.9375
0.153398078788564  -38.5  -4.0625
0.162601963515878  -38.5  0
0.171805848243192  -38.5  -26
0.128854386182394  -38.5  19.5
0.153398078788564  -38.5  0
0.150330117212793  -38.5  1.1875
0.128854386182394  -38.5  14.1875
3.28885480922681  -38.5  1.1875
0.165669925091649  -38.5  -13
0.159534001940107  -38.5  -4.0625
0.165669925091649  -38.5  0
3.29192277080259  -38.5  2
0.159534001940107  -38.5  -4.0625
0.125786424606623  -38.5  15
0.138058270909708  -38.5  11.75
0.131922347758165  -38.5  11.75
0.153398078788564  -38.5  0
0.128854386182394  -38.5  13
0.159534001940107  -38.5  -8.9375
0.128854386182394  -38.5  13
3.26431111662064  -38.5  10.9375
0.153398078788564  -38.5  0
0.171805848243192  -38.5  -13
0.153398078788564  -38.5  5.25
0.153398078788564  -38.5  -4.0625
0.153398078788564  -38.5  -4.0625
0.159534001940107  -38.5  -4.0625
0.159534001940107  -38.5  -4.0625
0.128854386182394  -38.5  13
0.125786424606623  -38.5  14.1875
0.177941771394734  -38.5  -13
3.27658296292373  -38.5  4.4375
0.171805848243192  -38.5  -17.0625
0.128854386182394  -38.5  14.1875
0.165669925091649  -38.5  -13
0.159534001940107  -38.5  -8.9375
0.184077694546277  -38.5  -26
0.171805848243192  -38.5  -13
0.131922347758165  -38.5  15
0.165669925091649  -38.5  -8.9375
0.159534001940107  -38.5  0
0.147262155637022  -38.5  2
0.131922347758165  -38.5  11.75
0.171805848243192  -38.5  -13
3.30419461710567  -38.5  2
0.177941771394734  -38.5  -21.9375
0.184077694546277  -38.5  -26
0.134990309333936  -38.5  15
0.141126232485479  -38.5  8.5
0.171805848243192  -38.5  -13
0.131922347758165  -38.5  9.75
0.134990309333936  -38.5  11.75
0.141126232485479  -38.5  13
0.171805848243192  -38.5  -13
0.134990309333936  -38.5  14.1875
0.165669925091649  -38.5  0
0.171805848243192  -38.5  -17.0625
0.159534001940107  -38.5  -8.9375
0.131922347758165  -38.5  13
0.159534001940107  -38.5  0
0.171805848243192  -38.5  -17.0625
0.165669925091649  -38.5  -8.9375
0.141126232485479  -38.5  9.75
3.30726257868144  -38.5  -6.5
0.147262155637022  -38.5  0
0.131922347758165  -38.5  13
0.128854386182394  -38.5  14.1875
0.165669925091649  -38.5  -13
0.122718463030851  -38.5  17.4375
0.153398078788564  -38.5  -4.0625
0.159534001940107  -38.5  -13
0.131922347758165  -38.5  10.9375
0.128854386182394  -38.5  14.1875
0.122718463030851  -38.5  16.25
0.159534001940107  -38.5  -13
0.125786424606623  -38.5  11.75
0.153398078788564  -38.5  -8.9375
0.171805848243192  -38.5  -21.9375
0.171805848243192  -38.5  -13
0.128854386182394  -38.5  13
0.128854386182394  -38.5  10.9375
0.150330117212793  -38.5  3.25
0.125786424606623  -38.5  15
0.153398078788564  -38.5  -8.9375
3.3011266555299  -38.5  -6.5
0.165669925091649  -38.5  -13
